TimeAll	TimeExperiment	R	Theta
1.252110e+002	7.999992e-002	9.220234e-005	1.067184e+002
1.253600e+002	2.289999e-001	9.214442e-005	1.066496e+002
1.254690e+002	3.380001e-001	9.208894e-005	1.065600e+002
1.255780e+002	4.470000e-001	9.207593e-005	1.064894e+002
1.256720e+002	5.409999e-001	9.205362e-005	1.064173e+002
1.257650e+002	6.339998e-001	9.201215e-005	1.063503e+002
1.258590e+002	7.279999e-001	9.197530e-005	1.062917e+002
1.259680e+002	8.369999e-001	9.196940e-005	1.062467e+002
1.260620e+002	9.310000e-001	9.194723e-005	1.061774e+002
1.261710e+002	1.040000e+000	9.193843e-005	1.061220e+002
1.262800e+002	1.149000e+000	9.191823e-005	1.060467e+002
1.263740e+002	1.243000e+000	9.190328e-005	1.059902e+002
1.264830e+002	1.352000e+000	9.186599e-005	1.059240e+002
1.265770e+002	1.446000e+000	9.185840e-005	1.058533e+002
1.266860e+002	1.555000e+000	9.185210e-005	1.058176e+002
1.267950e+002	1.664000e+000	9.183223e-005	1.057275e+002
1.268890e+002	1.758000e+000	9.180960e-005	1.056719e+002
1.269820e+002	1.851000e+000	9.178279e-005	1.056129e+002
1.270760e+002	1.945000e+000	9.178509e-005	1.055533e+002
1.271850e+002	2.054000e+000	9.175164e-005	1.054955e+002
1.272940e+002	2.163000e+000	9.178558e-005	1.054251e+002
1.273880e+002	2.257000e+000	9.176512e-005	1.053541e+002
1.274970e+002	2.366000e+000	9.175057e-005	1.052980e+002
1.276060e+002	2.475000e+000	9.174820e-005	1.052179e+002
1.277000e+002	2.569000e+000	9.172272e-005	1.051433e+002
1.277930e+002	2.662000e+000	9.173673e-005	1.051036e+002
1.279030e+002	2.772000e+000	9.171409e-005	1.050329e+002
1.280120e+002	2.881000e+000	9.169366e-005	1.049683e+002
1.281210e+002	2.990000e+000	9.168322e-005	1.048889e+002
1.282300e+002	3.099000e+000	9.171215e-005	1.048063e+002
1.283390e+002	3.208000e+000	9.170363e-005	1.047521e+002
1.284330e+002	3.302000e+000	9.171237e-005	1.046767e+002
1.285270e+002	3.396000e+000	9.168457e-005	1.046108e+002
1.286200e+002	3.489000e+000	9.169384e-005	1.045430e+002
1.287290e+002	3.598000e+000	9.168703e-005	1.044895e+002
1.288390e+002	3.708000e+000	9.170816e-005	1.044173e+002
1.289480e+002	3.817000e+000	9.170177e-005	1.043365e+002
1.290410e+002	3.910000e+000	9.172105e-005	1.042548e+002
1.291510e+002	4.020000e+000	9.170132e-005	1.042085e+002
1.292600e+002	4.129000e+000	9.173062e-005	1.041202e+002
1.293530e+002	4.222000e+000	9.171642e-005	1.040541e+002
1.294470e+002	4.316000e+000	9.172379e-005	1.039866e+002
1.295410e+002	4.410000e+000	9.171777e-005	1.039208e+002
1.296340e+002	4.503000e+000	9.173106e-005	1.038560e+002
1.297430e+002	4.612000e+000	9.175170e-005	1.037936e+002
1.298530e+002	4.722000e+000	9.176668e-005	1.037148e+002
1.299620e+002	4.831000e+000	9.178444e-005	1.036254e+002
1.300710e+002	4.940000e+000	9.178278e-005	1.035535e+002
1.301650e+002	5.034000e+000	9.179791e-005	1.034800e+002
1.302740e+002	5.143000e+000	9.180120e-005	1.034143e+002
1.303830e+002	5.252000e+000	9.184862e-005	1.033325e+002
1.304770e+002	5.346000e+000	9.186410e-005	1.032518e+002
1.305860e+002	5.455000e+000	9.189041e-005	1.031904e+002
1.306790e+002	5.548000e+000	9.188795e-005	1.031082e+002
1.307890e+002	5.658000e+000	9.190594e-005	1.030402e+002
1.308980e+002	5.767000e+000	9.194056e-005	1.029537e+002
1.310070e+002	5.876000e+000	9.197021e-005	1.028817e+002
1.311160e+002	5.985000e+000	9.197090e-005	1.027892e+002
1.312250e+002	6.094000e+000	9.198736e-005	1.027009e+002
1.313190e+002	6.188000e+000	9.201904e-005	1.026525e+002
1.314130e+002	6.282000e+000	9.205956e-005	1.025602e+002
1.315220e+002	6.391000e+000	9.205265e-005	1.025017e+002
1.316310e+002	6.500000e+000	9.209557e-005	1.024050e+002
1.317400e+002	6.609000e+000	9.213483e-005	1.023423e+002
1.318340e+002	6.703000e+000	9.217228e-005	1.022591e+002
1.319270e+002	6.796000e+000	9.219829e-005	1.021828e+002
1.320370e+002	6.906000e+000	9.222368e-005	1.021015e+002
1.321460e+002	7.015000e+000	9.225125e-005	1.020157e+002
1.322390e+002	7.108000e+000	9.229484e-005	1.019436e+002
1.323490e+002	7.218000e+000	9.234639e-005	1.018762e+002
1.324580e+002	7.327000e+000	9.239745e-005	1.017775e+002
1.325510e+002	7.420000e+000	9.242626e-005	1.016900e+002
1.326450e+002	7.514000e+000	9.246958e-005	1.016348e+002
1.327390e+002	7.608000e+000	9.249747e-005	1.015616e+002
1.328480e+002	7.717000e+000	9.252820e-005	1.014784e+002
1.329570e+002	7.826000e+000	9.256887e-005	1.014012e+002
1.330510e+002	7.920000e+000	9.263035e-005	1.013249e+002
1.331440e+002	8.013000e+000	9.266543e-005	1.012593e+002
1.332380e+002	8.107000e+000	9.271962e-005	1.011597e+002
1.333310e+002	8.200000e+000	9.276987e-005	1.011226e+002
1.334250e+002	8.294000e+000	9.280824e-005	1.010248e+002
1.335190e+002	8.388000e+000	9.283729e-005	1.009571e+002
1.336120e+002	8.481000e+000	9.290497e-005	1.008760e+002
1.337060e+002	8.575000e+000	9.295696e-005	1.008183e+002
1.337990e+002	8.668000e+000	9.301232e-005	1.007417e+002
1.339090e+002	8.778000e+000	9.308779e-005	1.006712e+002
1.340180e+002	8.887000e+000	9.312372e-005	1.005772e+002
1.341110e+002	8.980000e+000	9.318269e-005	1.004990e+002
1.342050e+002	9.074000e+000	9.326568e-005	1.004180e+002
1.342990e+002	9.168000e+000	9.330834e-005	1.003596e+002
1.343920e+002	9.261000e+000	9.335811e-005	1.002776e+002
1.344860e+002	9.355000e+000	9.343967e-005	1.002190e+002
1.345790e+002	9.448000e+000	9.348441e-005	1.001342e+002
1.346730e+002	9.542000e+000	9.354812e-005	1.000626e+002
1.347820e+002	9.651000e+000	9.362541e-005	9.999095e+001
1.348910e+002	9.760000e+000	9.368639e-005	9.991962e+001
1.349850e+002	9.854000e+000	9.374350e-005	9.983218e+001
1.350940e+002	9.963000e+000	9.384176e-005	9.976186e+001
1.351880e+002	1.005700e+001	9.392649e-005	9.968422e+001
1.352810e+002	1.015000e+001	9.399858e-005	9.960572e+001
1.353750e+002	1.024400e+001	9.407640e-005	9.954110e+001
1.354840e+002	1.035300e+001	9.414752e-005	9.947016e+001
1.355780e+002	1.044700e+001	9.424552e-005	9.936930e+001
1.356710e+002	1.054000e+001	9.431200e-005	9.930714e+001
1.357650e+002	1.063400e+001	9.440582e-005	9.924213e+001
1.358590e+002	1.072800e+001	9.449046e-005	9.916319e+001
1.359520e+002	1.082100e+001	9.456858e-005	9.909048e+001
1.360610e+002	1.093000e+001	9.467062e-005	9.903304e+001
1.361710e+002	1.104000e+001	9.474629e-005	9.894351e+001
1.362800e+002	1.114900e+001	9.485664e-005	9.887059e+001
1.363730e+002	1.124200e+001	9.496659e-005	9.879404e+001
1.364670e+002	1.133600e+001	9.506778e-005	9.871703e+001
1.365610e+002	1.143000e+001	9.514789e-005	9.863835e+001
1.366700e+002	1.153900e+001	9.527058e-005	9.857426e+001
1.367630e+002	1.163200e+001	9.536404e-005	9.850015e+001
1.368730e+002	1.174200e+001	9.548313e-005	9.842358e+001
1.369660e+002	1.183500e+001	9.561246e-005	9.835184e+001
1.370750e+002	1.194400e+001	9.572301e-005	9.829084e+001
1.371690e+002	1.203800e+001	9.584044e-005	9.819901e+001
1.372630e+002	1.213200e+001	9.596280e-005	9.814398e+001
1.373560e+002	1.222500e+001	9.607447e-005	9.807129e+001
1.374500e+002	1.231900e+001	9.619975e-005	9.800056e+001
1.375430e+002	1.241200e+001	9.631459e-005	9.793854e+001
1.376530e+002	1.252200e+001	9.643975e-005	9.785874e+001
1.377460e+002	1.261500e+001	9.658434e-005	9.779728e+001
1.378550e+002	1.272400e+001	9.670774e-005	9.771964e+001
1.379490e+002	1.281800e+001	9.688686e-005	9.764287e+001
1.380430e+002	1.291200e+001	9.697605e-005	9.757991e+001
1.381520e+002	1.302100e+001	9.710523e-005	9.751465e+001
1.382450e+002	1.311400e+001	9.727463e-005	9.743127e+001
1.383390e+002	1.320800e+001	9.742974e-005	9.736987e+001
1.384330e+002	1.330200e+001	9.755837e-005	9.731940e+001
1.385260e+002	1.339500e+001	9.769873e-005	9.724927e+001
1.386200e+002	1.348900e+001	9.781955e-005	9.719248e+001
1.387130e+002	1.358200e+001	9.798213e-005	9.712717e+001
1.388070e+002	1.367600e+001	9.817015e-005	9.705979e+001
1.389010e+002	1.377000e+001	9.829100e-005	9.700674e+001
1.390100e+002	1.387900e+001	9.843206e-005	9.694336e+001
1.391190e+002	1.398800e+001	9.862713e-005	9.688216e+001
1.392280e+002	1.409700e+001	9.880203e-005	9.681520e+001
1.393220e+002	1.419100e+001	9.896143e-005	9.673710e+001
1.394150e+002	1.428400e+001	9.913374e-005	9.668275e+001
1.395090e+002	1.437800e+001	9.930543e-005	9.663849e+001
1.396030e+002	1.447200e+001	9.944267e-005	9.658810e+001
1.397120e+002	1.458100e+001	9.961179e-005	9.653590e+001
1.398050e+002	1.467400e+001	9.980953e-005	9.649622e+001
1.398990e+002	1.476800e+001	9.997450e-005	9.644074e+001
1.400080e+002	1.487700e+001	1.001362e-004	9.638827e+001
1.401020e+002	1.497100e+001	1.003486e-004	9.634402e+001
1.402110e+002	1.508000e+001	1.005075e-004	9.629604e+001
1.403200e+002	1.518900e+001	1.007326e-004	9.624917e+001
1.404290e+002	1.529800e+001	1.009104e-004	9.619117e+001
1.405390e+002	1.540800e+001	1.011158e-004	9.614735e+001
1.406480e+002	1.551700e+001	1.013068e-004	9.611610e+001
1.407410e+002	1.561000e+001	1.014970e-004	9.606614e+001
1.408350e+002	1.570400e+001	1.016534e-004	9.604082e+001
1.409440e+002	1.581300e+001	1.018091e-004	9.599317e+001
1.410530e+002	1.592200e+001	1.019987e-004	9.596152e+001
1.411630e+002	1.603200e+001	1.022229e-004	9.592648e+001
1.412720e+002	1.614100e+001	1.023831e-004	9.588912e+001
1.413650e+002	1.623400e+001	1.026159e-004	9.585130e+001
1.414590e+002	1.632800e+001	1.027770e-004	9.582115e+001
1.415530e+002	1.642200e+001	1.029565e-004	9.580633e+001
1.416460e+002	1.651500e+001	1.031402e-004	9.576070e+001
1.417400e+002	1.660900e+001	1.033092e-004	9.573808e+001
1.418330e+002	1.670200e+001	1.035047e-004	9.570550e+001
1.419270e+002	1.679600e+001	1.036895e-004	9.569127e+001
1.420210e+002	1.689000e+001	1.038782e-004	9.566129e+001
1.421140e+002	1.698300e+001	1.040408e-004	9.563307e+001
1.422080e+002	1.707700e+001	1.042223e-004	9.561118e+001
1.423010e+002	1.717000e+001	1.044443e-004	9.559086e+001
1.424110e+002	1.728000e+001	1.046593e-004	9.558058e+001
1.425200e+002	1.738900e+001	1.048710e-004	9.554897e+001
1.426130e+002	1.748200e+001	1.050525e-004	9.552315e+001
1.427230e+002	1.759200e+001	1.052316e-004	9.552071e+001
1.428160e+002	1.768500e+001	1.054690e-004	9.549977e+001
1.429250e+002	1.779400e+001	1.056468e-004	9.547610e+001
1.430350e+002	1.790400e+001	1.058989e-004	9.546010e+001
1.431280e+002	1.799700e+001	1.061022e-004	9.545438e+001
1.432370e+002	1.810600e+001	1.062739e-004	9.543752e+001
1.433310e+002	1.820000e+001	1.065217e-004	9.542151e+001
1.434250e+002	1.829400e+001	1.066963e-004	9.542671e+001
1.435180e+002	1.838700e+001	1.068849e-004	9.542329e+001
1.436120e+002	1.848100e+001	1.070735e-004	9.540940e+001
1.437050e+002	1.857400e+001	1.072862e-004	9.540373e+001
1.437990e+002	1.866800e+001	1.074455e-004	9.539214e+001
1.438930e+002	1.876200e+001	1.076594e-004	9.538126e+001
1.439860e+002	1.885500e+001	1.078347e-004	9.538008e+001
1.440950e+002	1.896400e+001	1.080229e-004	9.538575e+001
1.441890e+002	1.905800e+001	1.082448e-004	9.537773e+001
1.442980e+002	1.916700e+001	1.084635e-004	9.538444e+001
1.444070e+002	1.927600e+001	1.086602e-004	9.538461e+001
1.445170e+002	1.938600e+001	1.088905e-004	9.537816e+001
1.446260e+002	1.949500e+001	1.091154e-004	9.537771e+001
1.447190e+002	1.958800e+001	1.093658e-004	9.539359e+001
1.448290e+002	1.969800e+001	1.095451e-004	9.540136e+001
1.449380e+002	1.980700e+001	1.097930e-004	9.541457e+001
1.450310e+002	1.990000e+001	1.099659e-004	9.541846e+001
1.451410e+002	2.001000e+001	1.101812e-004	9.543480e+001
1.452340e+002	2.010300e+001	1.104253e-004	9.544567e+001
1.453280e+002	2.019700e+001	1.106267e-004	9.546688e+001
1.454370e+002	2.030600e+001	1.108310e-004	9.547382e+001
1.455460e+002	2.041500e+001	1.110582e-004	9.549368e+001
1.456550e+002	2.052400e+001	1.113065e-004	9.551849e+001
1.457650e+002	2.063400e+001	1.115279e-004	9.553990e+001
1.458740e+002	2.074300e+001	1.117765e-004	9.556879e+001
1.459670e+002	2.083600e+001	1.120219e-004	9.560426e+001
1.460770e+002	2.094600e+001	1.122186e-004	9.562473e+001
1.461700e+002	2.103900e+001	1.124696e-004	9.566082e+001
1.462640e+002	2.113300e+001	1.126633e-004	9.568694e+001
1.463570e+002	2.122600e+001	1.128662e-004	9.571865e+001
1.464670e+002	2.133600e+001	1.130894e-004	9.574653e+001
1.465600e+002	2.142900e+001	1.133432e-004	9.579930e+001
1.466300e+002	2.149900e+001	1.135739e-004	9.583380e+001
1.467240e+002	2.159300e+001	1.137546e-004	9.586990e+001
