TimeAll	TimeExperiment	R	Theta
2.058300e+002	8.200002e-002	3.063093e-004	1.193475e+002
2.059250e+002	1.770000e-001	3.062574e-004	1.193368e+002
2.060230e+002	2.750001e-001	3.061928e-004	1.193314e+002
2.061220e+002	3.740001e-001	3.061532e-004	1.193246e+002
2.062160e+002	4.680002e-001	3.061267e-004	1.193208e+002
2.063090e+002	5.610001e-001	3.060652e-004	1.193144e+002
2.064060e+002	6.580000e-001	3.060041e-004	1.193038e+002
2.065020e+002	7.539999e-001	3.059644e-004	1.193032e+002
2.065960e+002	8.480000e-001	3.059358e-004	1.192950e+002
2.066880e+002	9.400001e-001	3.058494e-004	1.192915e+002
2.067820e+002	1.034000e+000	3.058101e-004	1.192820e+002
2.068770e+002	1.129000e+000	3.057900e-004	1.192757e+002
2.069700e+002	1.222000e+000	3.057377e-004	1.192657e+002
2.070640e+002	1.316000e+000	3.056806e-004	1.192628e+002
2.071560e+002	1.408000e+000	3.056634e-004	1.192576e+002
2.072510e+002	1.503000e+000	3.055874e-004	1.192500e+002
2.073460e+002	1.598000e+000	3.055275e-004	1.192491e+002
2.074370e+002	1.689000e+000	3.055026e-004	1.192362e+002
2.075310e+002	1.783000e+000	3.054463e-004	1.192307e+002
2.076260e+002	1.878000e+000	3.053910e-004	1.192234e+002
2.077220e+002	1.974000e+000	3.053495e-004	1.192125e+002
2.078160e+002	2.068000e+000	3.053167e-004	1.192085e+002
2.079110e+002	2.163000e+000	3.052711e-004	1.192047e+002
2.080120e+002	2.264000e+000	3.051968e-004	1.191924e+002
2.081070e+002	2.359000e+000	3.051273e-004	1.191910e+002
2.082010e+002	2.453000e+000	3.050896e-004	1.191810e+002
2.082960e+002	2.548000e+000	3.050638e-004	1.191701e+002
2.083920e+002	2.644000e+000	3.050044e-004	1.191666e+002
2.084890e+002	2.741000e+000	3.049249e-004	1.191582e+002
2.085860e+002	2.838000e+000	3.048735e-004	1.191490e+002
2.086790e+002	2.931000e+000	3.048296e-004	1.191442e+002
2.087720e+002	3.024000e+000	3.047958e-004	1.191349e+002
2.088650e+002	3.117000e+000	3.047267e-004	1.191302e+002
2.089600e+002	3.212000e+000	3.046838e-004	1.191223e+002
2.090520e+002	3.304000e+000	3.046378e-004	1.191113e+002
2.091470e+002	3.399000e+000	3.045551e-004	1.191049e+002
2.092420e+002	3.494000e+000	3.045378e-004	1.190994e+002
2.093370e+002	3.589000e+000	3.045080e-004	1.190900e+002
2.094320e+002	3.684000e+000	3.044354e-004	1.190811e+002
2.095270e+002	3.779000e+000	3.043715e-004	1.190757e+002
2.096230e+002	3.875000e+000	3.043436e-004	1.190695e+002
2.097160e+002	3.968000e+000	3.042925e-004	1.190594e+002
2.098100e+002	4.062000e+000	3.042113e-004	1.190539e+002
2.099070e+002	4.159000e+000	3.041553e-004	1.190411e+002
2.100050e+002	4.257000e+000	3.040981e-004	1.190328e+002
2.100990e+002	4.351000e+000	3.040765e-004	1.190298e+002
2.101990e+002	4.451000e+000	3.040084e-004	1.190191e+002
2.102930e+002	4.545000e+000	3.039673e-004	1.190075e+002
2.103890e+002	4.641000e+000	3.038971e-004	1.190011e+002
2.104820e+002	4.734000e+000	3.038313e-004	1.189925e+002
2.105740e+002	4.826000e+000	3.037806e-004	1.189822e+002
2.106700e+002	4.922000e+000	3.037131e-004	1.189770e+002
2.107670e+002	5.019000e+000	3.036834e-004	1.189658e+002
2.108580e+002	5.110000e+000	3.036375e-004	1.189565e+002
2.109500e+002	5.202000e+000	3.035614e-004	1.189496e+002
2.110460e+002	5.298000e+000	3.035079e-004	1.189426e+002
2.111400e+002	5.392000e+000	3.034964e-004	1.189326e+002
2.112350e+002	5.487000e+000	3.034197e-004	1.189228e+002
2.113310e+002	5.583000e+000	3.033566e-004	1.189165e+002
2.114250e+002	5.677000e+000	3.032902e-004	1.189045e+002
2.115210e+002	5.773000e+000	3.032512e-004	1.188972e+002
2.116150e+002	5.867000e+000	3.032121e-004	1.188861e+002
2.117070e+002	5.959000e+000	3.031344e-004	1.188782e+002
2.118000e+002	6.052000e+000	3.030843e-004	1.188716e+002
2.118930e+002	6.145000e+000	3.030405e-004	1.188620e+002
2.119870e+002	6.239000e+000	3.029778e-004	1.188474e+002
2.120790e+002	6.331000e+000	3.029136e-004	1.188414e+002
2.121720e+002	6.424000e+000	3.028763e-004	1.188318e+002
2.122650e+002	6.517000e+000	3.028226e-004	1.188242e+002
2.123590e+002	6.611000e+000	3.027683e-004	1.188135e+002
2.124530e+002	6.705000e+000	3.026931e-004	1.188034e+002
2.125460e+002	6.798000e+000	3.026186e-004	1.187984e+002
2.126440e+002	6.896000e+000	3.025927e-004	1.187893e+002
2.127380e+002	6.990000e+000	3.025660e-004	1.187771e+002
2.128330e+002	7.085000e+000	3.024548e-004	1.187691e+002
2.129300e+002	7.182000e+000	3.024130e-004	1.187558e+002
2.130260e+002	7.278000e+000	3.023466e-004	1.187451e+002
2.131190e+002	7.371000e+000	3.023115e-004	1.187305e+002
2.132160e+002	7.468000e+000	3.022485e-004	1.187267e+002
2.133070e+002	7.559000e+000	3.021652e-004	1.187160e+002
2.133990e+002	7.651000e+000	3.021212e-004	1.187065e+002
2.134920e+002	7.744000e+000	3.020521e-004	1.186942e+002
2.135880e+002	7.840000e+000	3.019757e-004	1.186820e+002
2.136830e+002	7.935000e+000	3.019366e-004	1.186746e+002
2.137780e+002	8.030000e+000	3.018876e-004	1.186614e+002
2.138710e+002	8.123000e+000	3.018129e-004	1.186503e+002
2.139670e+002	8.219000e+000	3.017503e-004	1.186402e+002
2.140610e+002	8.313000e+000	3.017084e-004	1.186277e+002
2.141580e+002	8.410000e+000	3.016623e-004	1.186183e+002
2.142510e+002	8.503000e+000	3.015650e-004	1.186076e+002
2.143450e+002	8.597000e+000	3.015130e-004	1.185963e+002
2.144410e+002	8.693000e+000	3.014767e-004	1.185836e+002
2.145340e+002	8.786000e+000	3.014282e-004	1.185721e+002
2.146290e+002	8.881000e+000	3.013542e-004	1.185643e+002
2.147320e+002	8.984000e+000	3.012703e-004	1.185527e+002
2.148260e+002	9.078000e+000	3.012265e-004	1.185358e+002
2.149220e+002	9.174000e+000	3.011484e-004	1.185242e+002
2.150160e+002	9.268000e+000	3.011061e-004	1.185142e+002
2.151090e+002	9.361000e+000	3.010342e-004	1.185037e+002
2.152030e+002	9.455000e+000	3.009730e-004	1.184894e+002
2.153010e+002	9.553000e+000	3.009122e-004	1.184749e+002
2.153950e+002	9.647000e+000	3.008553e-004	1.184638e+002
2.154900e+002	9.742000e+000	3.007846e-004	1.184529e+002
2.155840e+002	9.836000e+000	3.007293e-004	1.184378e+002
2.156790e+002	9.931000e+000	3.006830e-004	1.184249e+002
2.157730e+002	1.002500e+001	3.006097e-004	1.184167e+002
2.158640e+002	1.011600e+001	3.005491e-004	1.184052e+002
2.159580e+002	1.021000e+001	3.004993e-004	1.183911e+002
2.160540e+002	1.030600e+001	3.004097e-004	1.183764e+002
2.161470e+002	1.039900e+001	3.003707e-004	1.183628e+002
2.162430e+002	1.049500e+001	3.002707e-004	1.183517e+002
2.163390e+002	1.059100e+001	3.002317e-004	1.183370e+002
2.164350e+002	1.068700e+001	3.001619e-004	1.183264e+002
2.165290e+002	1.078100e+001	3.000898e-004	1.183109e+002
2.166240e+002	1.087600e+001	3.000164e-004	1.182964e+002
2.167180e+002	1.097000e+001	2.999787e-004	1.182845e+002
2.168110e+002	1.106300e+001	2.999041e-004	1.182714e+002
2.169080e+002	1.116000e+001	2.998254e-004	1.182584e+002
2.170020e+002	1.125400e+001	2.997972e-004	1.182412e+002
2.170950e+002	1.134700e+001	2.997156e-004	1.182322e+002
2.171900e+002	1.144200e+001	2.996465e-004	1.182139e+002
2.172840e+002	1.153600e+001	2.995875e-004	1.182005e+002
2.173790e+002	1.163100e+001	2.995284e-004	1.181849e+002
2.174750e+002	1.172700e+001	2.994487e-004	1.181676e+002
2.175670e+002	1.181900e+001	2.993736e-004	1.181568e+002
2.176630e+002	1.191500e+001	2.993326e-004	1.181380e+002
2.177590e+002	1.201100e+001	2.992663e-004	1.181257e+002
2.178560e+002	1.210800e+001	2.991849e-004	1.181063e+002
2.179510e+002	1.220300e+001	2.991236e-004	1.180908e+002
2.180460e+002	1.229800e+001	2.990599e-004	1.180800e+002
2.181380e+002	1.239000e+001	2.989857e-004	1.180642e+002
2.182300e+002	1.248200e+001	2.989082e-004	1.180481e+002
2.183250e+002	1.257700e+001	2.988742e-004	1.180340e+002
2.184200e+002	1.267200e+001	2.987978e-004	1.180185e+002
2.185130e+002	1.276500e+001	2.987352e-004	1.180032e+002
2.186070e+002	1.285900e+001	2.986594e-004	1.179917e+002
2.187030e+002	1.295500e+001	2.985952e-004	1.179750e+002
2.187980e+002	1.305000e+001	2.985239e-004	1.179549e+002
2.188930e+002	1.314500e+001	2.984515e-004	1.179403e+002
2.189850e+002	1.323700e+001	2.983931e-004	1.179228e+002
2.190790e+002	1.333100e+001	2.983632e-004	1.179090e+002
2.191720e+002	1.342400e+001	2.982684e-004	1.178929e+002
2.192670e+002	1.351900e+001	2.982052e-004	1.178774e+002
2.193610e+002	1.361300e+001	2.981656e-004	1.178580e+002
2.194540e+002	1.370600e+001	2.980538e-004	1.178441e+002
2.195550e+002	1.380700e+001	2.979808e-004	1.178266e+002
2.196450e+002	1.389700e+001	2.979451e-004	1.178063e+002
2.197410e+002	1.399300e+001	2.978725e-004	1.177951e+002
2.198360e+002	1.408800e+001	2.978083e-004	1.177745e+002
2.199300e+002	1.418200e+001	2.977198e-004	1.177568e+002
2.200240e+002	1.427600e+001	2.976721e-004	1.177432e+002
2.201180e+002	1.437000e+001	2.976369e-004	1.177240e+002
2.202170e+002	1.446900e+001	2.975374e-004	1.177065e+002
2.203100e+002	1.456200e+001	2.974879e-004	1.176894e+002
2.204020e+002	1.465400e+001	2.974285e-004	1.176702e+002
2.204960e+002	1.474800e+001	2.973542e-004	1.176530e+002
2.205900e+002	1.484200e+001	2.972788e-004	1.176357e+002
2.206840e+002	1.493600e+001	2.972197e-004	1.176208e+002
2.207780e+002	1.503000e+001	2.971607e-004	1.175994e+002
2.208700e+002	1.512200e+001	2.970784e-004	1.175817e+002
2.209630e+002	1.521500e+001	2.970307e-004	1.175595e+002
2.210590e+002	1.531100e+001	2.969436e-004	1.175368e+002
2.211560e+002	1.540800e+001	2.968696e-004	1.175174e+002
2.212510e+002	1.550300e+001	2.967773e-004	1.174929e+002
2.213450e+002	1.559700e+001	2.967266e-004	1.174781e+002
2.214410e+002	1.569300e+001	2.966737e-004	1.174549e+002
2.215330e+002	1.578500e+001	2.965887e-004	1.174335e+002
2.216290e+002	1.588100e+001	2.965147e-004	1.174147e+002
2.217240e+002	1.597600e+001	2.964655e-004	1.173936e+002
2.218230e+002	1.607500e+001	2.963795e-004	1.173737e+002
2.219180e+002	1.617000e+001	2.963354e-004	1.173552e+002
2.220100e+002	1.626200e+001	2.962549e-004	1.173331e+002
2.221030e+002	1.635500e+001	2.961885e-004	1.173094e+002
2.221970e+002	1.644900e+001	2.961266e-004	1.172881e+002
2.222930e+002	1.654500e+001	2.960434e-004	1.172695e+002
2.223880e+002	1.664000e+001	2.959796e-004	1.172479e+002
2.224810e+002	1.673300e+001	2.959312e-004	1.172244e+002
2.225750e+002	1.682700e+001	2.958483e-004	1.172024e+002
2.226680e+002	1.692000e+001	2.957852e-004	1.171806e+002
2.227600e+002	1.701200e+001	2.957366e-004	1.171574e+002
2.228580e+002	1.711000e+001	2.956646e-004	1.171340e+002
2.229540e+002	1.720600e+001	2.955729e-004	1.171128e+002
2.230480e+002	1.730000e+001	2.955001e-004	1.170927e+002
2.231420e+002	1.739400e+001	2.954452e-004	1.170697e+002
2.232380e+002	1.749000e+001	2.953806e-004	1.170443e+002
2.233320e+002	1.758400e+001	2.952784e-004	1.170183e+002
2.234250e+002	1.767700e+001	2.952427e-004	1.169963e+002
2.235200e+002	1.777200e+001	2.951997e-004	1.169747e+002
2.236160e+002	1.786800e+001	2.951078e-004	1.169477e+002
2.237090e+002	1.796100e+001	2.950301e-004	1.169212e+002
2.238060e+002	1.805800e+001	2.949835e-004	1.168986e+002
2.239020e+002	1.815400e+001	2.949108e-004	1.168740e+002
2.239970e+002	1.824900e+001	2.948374e-004	1.168486e+002
2.240920e+002	1.834400e+001	2.947511e-004	1.168242e+002
2.241830e+002	1.843500e+001	2.947187e-004	1.167990e+002
2.242770e+002	1.852900e+001	2.946525e-004	1.167684e+002
2.243720e+002	1.862400e+001	2.945633e-004	1.167500e+002
2.244670e+002	1.871900e+001	2.945247e-004	1.167252e+002
2.245600e+002	1.881200e+001	2.944647e-004	1.167003e+002
2.246550e+002	1.890700e+001	2.943915e-004	1.166749e+002
2.247500e+002	1.900200e+001	2.943127e-004	1.166440e+002
2.248410e+002	1.909300e+001	2.943049e-004	1.166213e+002
2.249330e+002	1.918500e+001	2.942029e-004	1.165951e+002
2.250290e+002	1.928100e+001	2.941416e-004	1.165673e+002
2.251220e+002	1.937400e+001	2.940908e-004	1.165413e+002
2.252170e+002	1.946900e+001	2.940208e-004	1.165135e+002
2.253120e+002	1.956400e+001	2.939424e-004	1.164871e+002
2.254090e+002	1.966100e+001	2.938923e-004	1.164597e+002
2.255030e+002	1.975500e+001	2.938428e-004	1.164294e+002
2.255990e+002	1.985100e+001	2.937836e-004	1.164042e+002
2.256960e+002	1.994800e+001	2.937022e-004	1.163749e+002
2.257930e+002	2.004500e+001	2.936441e-004	1.163490e+002
2.258870e+002	2.013900e+001	2.935940e-004	1.163216e+002
2.259850e+002	2.023700e+001	2.935289e-004	1.162912e+002
2.260790e+002	2.033100e+001	2.934719e-004	1.162638e+002
2.261710e+002	2.042300e+001	2.933947e-004	1.162289e+002
2.262650e+002	2.051700e+001	2.933316e-004	1.162009e+002
2.263590e+002	2.061100e+001	2.932998e-004	1.161714e+002
2.264520e+002	2.070400e+001	2.932153e-004	1.161423e+002
2.265470e+002	2.079900e+001	2.931715e-004	1.161114e+002
2.266400e+002	2.089200e+001	2.931293e-004	1.160767e+002
2.267340e+002	2.098600e+001	2.930426e-004	1.160435e+002
2.268260e+002	2.107800e+001	2.929856e-004	1.160151e+002
2.269190e+002	2.117100e+001	2.929408e-004	1.159849e+002
2.270130e+002	2.126500e+001	2.928826e-004	1.159487e+002
2.271070e+002	2.135900e+001	2.928254e-004	1.159187e+002
2.272010e+002	2.145300e+001	2.927723e-004	1.158844e+002
2.272940e+002	2.154600e+001	2.927203e-004	1.158574e+002
2.273880e+002	2.164000e+001	2.926474e-004	1.158196e+002
2.274830e+002	2.173500e+001	2.926072e-004	1.157818e+002
2.275750e+002	2.182700e+001	2.925288e-004	1.157565e+002
2.276690e+002	2.192100e+001	2.924733e-004	1.157211e+002
2.277640e+002	2.201600e+001	2.924387e-004	1.156845e+002
2.278590e+002	2.211100e+001	2.923988e-004	1.156512e+002
2.279560e+002	2.220800e+001	2.923351e-004	1.156208e+002
2.280520e+002	2.230400e+001	2.922673e-004	1.155841e+002
2.281460e+002	2.239800e+001	2.922244e-004	1.155533e+002
2.282410e+002	2.249300e+001	2.922066e-004	1.155154e+002
2.283340e+002	2.258600e+001	2.921347e-004	1.154730e+002
2.284270e+002	2.267900e+001	2.920844e-004	1.154417e+002
2.285220e+002	2.277400e+001	2.920704e-004	1.154046e+002
2.286160e+002	2.286800e+001	2.920191e-004	1.153689e+002
2.287110e+002	2.296300e+001	2.919384e-004	1.153342e+002
2.288040e+002	2.305600e+001	2.919104e-004	1.152984e+002
2.288970e+002	2.314900e+001	2.918713e-004	1.152611e+002
2.289930e+002	2.324500e+001	2.918176e-004	1.152235e+002
2.290860e+002	2.333800e+001	2.917776e-004	1.151898e+002
2.291790e+002	2.343100e+001	2.917640e-004	1.151494e+002
2.292710e+002	2.352300e+001	2.916828e-004	1.151131e+002
2.293640e+002	2.361600e+001	2.916732e-004	1.150743e+002
2.294580e+002	2.371000e+001	2.916312e-004	1.150375e+002
2.295520e+002	2.380400e+001	2.915651e-004	1.150029e+002
2.296460e+002	2.389800e+001	2.915429e-004	1.149610e+002
2.297420e+002	2.399400e+001	2.915233e-004	1.149197e+002
2.298370e+002	2.408900e+001	2.914908e-004	1.148785e+002
2.299320e+002	2.418400e+001	2.914484e-004	1.148441e+002
2.300240e+002	2.427600e+001	2.914253e-004	1.148057e+002
2.301170e+002	2.436900e+001	2.913774e-004	1.147653e+002
2.302120e+002	2.446400e+001	2.913569e-004	1.147278e+002
2.303050e+002	2.455700e+001	2.913241e-004	1.146835e+002
2.304010e+002	2.465300e+001	2.912991e-004	1.146397e+002
2.304970e+002	2.474900e+001	2.912539e-004	1.145963e+002
2.305900e+002	2.484200e+001	2.912264e-004	1.145531e+002
2.306820e+002	2.493400e+001	2.912164e-004	1.145122e+002
2.307790e+002	2.503100e+001	2.911957e-004	1.144681e+002
2.308710e+002	2.512300e+001	2.911577e-004	1.144237e+002
2.309620e+002	2.521400e+001	2.911583e-004	1.143767e+002
2.310590e+002	2.531100e+001	2.911428e-004	1.143360e+002
2.311520e+002	2.540400e+001	2.910934e-004	1.142884e+002
2.312460e+002	2.549800e+001	2.911138e-004	1.142459e+002
2.313400e+002	2.559200e+001	2.910900e-004	1.141953e+002
2.314370e+002	2.568900e+001	2.910499e-004	1.141503e+002
2.315320e+002	2.578400e+001	2.910407e-004	1.141050e+002
2.316250e+002	2.587700e+001	2.910474e-004	1.140572e+002
2.317180e+002	2.597000e+001	2.910476e-004	1.140159e+002
2.318140e+002	2.606600e+001	2.910170e-004	1.139676e+002
2.319090e+002	2.616100e+001	2.910109e-004	1.139199e+002
2.320020e+002	2.625400e+001	2.910219e-004	1.138761e+002
2.320950e+002	2.634700e+001	2.910096e-004	1.138276e+002
2.321890e+002	2.644100e+001	2.910099e-004	1.137820e+002
2.322850e+002	2.653700e+001	2.910191e-004	1.137354e+002
2.323890e+002	2.664100e+001	2.910286e-004	1.136843e+002
2.324820e+002	2.673400e+001	2.910337e-004	1.136357e+002
2.325750e+002	2.682700e+001	2.910342e-004	1.135876e+002
2.326690e+002	2.692100e+001	2.910426e-004	1.135400e+002
2.327610e+002	2.701300e+001	2.910425e-004	1.134975e+002
2.328570e+002	2.710900e+001	2.910648e-004	1.134464e+002
2.329530e+002	2.720500e+001	2.910382e-004	1.133972e+002
2.330470e+002	2.729900e+001	2.910726e-004	1.133492e+002
2.331420e+002	2.739400e+001	2.911047e-004	1.132992e+002
2.332360e+002	2.748800e+001	2.910784e-004	1.132530e+002
2.333300e+002	2.758200e+001	2.911160e-004	1.131983e+002
2.334230e+002	2.767500e+001	2.911690e-004	1.131549e+002
2.335180e+002	2.777000e+001	2.911685e-004	1.131051e+002
2.336150e+002	2.786700e+001	2.911874e-004	1.130543e+002
2.337100e+002	2.796200e+001	2.912189e-004	1.130040e+002
2.338030e+002	2.805500e+001	2.912537e-004	1.129538e+002
2.338960e+002	2.814800e+001	2.912851e-004	1.129050e+002
2.339890e+002	2.824100e+001	2.913039e-004	1.128557e+002
2.340850e+002	2.833700e+001	2.913524e-004	1.128044e+002
2.341780e+002	2.843000e+001	2.913672e-004	1.127523e+002
2.342700e+002	2.852200e+001	2.913995e-004	1.127056e+002
2.343650e+002	2.861700e+001	2.914977e-004	1.126491e+002
2.344580e+002	2.871000e+001	2.915314e-004	1.125971e+002
2.345540e+002	2.880600e+001	2.915820e-004	1.125444e+002
2.346480e+002	2.890000e+001	2.916155e-004	1.124924e+002
2.347410e+002	2.899300e+001	2.916868e-004	1.124394e+002
2.348370e+002	2.908900e+001	2.917552e-004	1.123858e+002
2.349300e+002	2.918200e+001	2.917753e-004	1.123296e+002
2.350240e+002	2.927600e+001	2.918513e-004	1.122809e+002
2.351170e+002	2.936900e+001	2.919153e-004	1.122291e+002
2.352120e+002	2.946400e+001	2.919607e-004	1.121727e+002
2.353070e+002	2.955900e+001	2.920722e-004	1.121114e+002
2.354020e+002	2.965400e+001	2.921478e-004	1.120552e+002
2.354970e+002	2.974900e+001	2.922136e-004	1.119960e+002
2.355890e+002	2.984100e+001	2.923066e-004	1.119385e+002
2.356850e+002	2.993700e+001	2.924132e-004	1.118771e+002
2.357790e+002	3.003100e+001	2.925149e-004	1.118224e+002
2.358720e+002	3.012400e+001	2.925826e-004	1.117628e+002
2.359690e+002	3.022100e+001	2.926947e-004	1.117005e+002
2.360640e+002	3.031600e+001	2.928213e-004	1.116414e+002
2.361600e+002	3.041200e+001	2.929260e-004	1.115821e+002
2.362530e+002	3.050500e+001	2.929922e-004	1.115281e+002
2.363460e+002	3.059800e+001	2.931284e-004	1.114716e+002
2.364410e+002	3.069300e+001	2.932240e-004	1.114115e+002
2.365360e+002	3.078800e+001	2.933425e-004	1.113492e+002
2.366310e+002	3.088300e+001	2.934559e-004	1.112843e+002
2.367240e+002	3.097600e+001	2.935891e-004	1.112289e+002
2.368180e+002	3.107000e+001	2.937152e-004	1.111663e+002
2.369190e+002	3.117100e+001	2.938601e-004	1.111076e+002
2.370150e+002	3.126700e+001	2.939715e-004	1.110406e+002
2.371080e+002	3.136000e+001	2.941377e-004	1.109814e+002
2.372020e+002	3.145400e+001	2.943000e-004	1.109202e+002
2.372980e+002	3.155000e+001	2.944228e-004	1.108574e+002
2.373920e+002	3.164400e+001	2.945603e-004	1.107990e+002
2.374830e+002	3.173500e+001	2.947589e-004	1.107393e+002
2.375750e+002	3.182700e+001	2.948893e-004	1.106835e+002
2.376680e+002	3.192000e+001	2.950424e-004	1.106226e+002
2.377610e+002	3.201300e+001	2.951860e-004	1.105637e+002
2.378560e+002	3.210800e+001	2.953519e-004	1.105109e+002
2.379500e+002	3.220200e+001	2.955034e-004	1.104520e+002
2.380450e+002	3.229700e+001	2.957250e-004	1.103857e+002
2.381410e+002	3.239300e+001	2.959046e-004	1.103255e+002
2.382360e+002	3.248800e+001	2.960898e-004	1.102651e+002
2.383300e+002	3.258200e+001	2.962677e-004	1.102058e+002
2.384220e+002	3.267400e+001	2.964797e-004	1.101474e+002
2.385170e+002	3.276900e+001	2.966790e-004	1.100824e+002
2.386120e+002	3.286400e+001	2.968625e-004	1.100229e+002
2.387050e+002	3.295700e+001	2.970906e-004	1.099622e+002
2.388010e+002	3.305300e+001	2.973007e-004	1.099086e+002
2.388960e+002	3.314800e+001	2.975062e-004	1.098490e+002
2.389890e+002	3.324100e+001	2.977326e-004	1.097896e+002
2.390830e+002	3.333500e+001	2.979690e-004	1.097366e+002
2.391770e+002	3.342900e+001	2.981965e-004	1.096774e+002
2.392700e+002	3.352200e+001	2.984142e-004	1.096174e+002
2.393630e+002	3.361500e+001	2.986551e-004	1.095636e+002
2.394580e+002	3.371000e+001	2.988937e-004	1.095067e+002
2.395580e+002	3.381000e+001	2.991117e-004	1.094513e+002
2.396500e+002	3.390200e+001	2.993583e-004	1.093941e+002
2.397440e+002	3.399600e+001	2.996229e-004	1.093400e+002
2.398400e+002	3.409200e+001	2.998761e-004	1.092856e+002
2.399350e+002	3.418700e+001	3.001106e-004	1.092293e+002
2.400290e+002	3.428100e+001	3.004037e-004	1.091769e+002
2.401220e+002	3.437400e+001	3.006906e-004	1.091231e+002
2.402130e+002	3.446500e+001	3.009005e-004	1.090723e+002
2.403070e+002	3.455900e+001	3.011815e-004	1.090218e+002
2.404010e+002	3.465300e+001	3.014750e-004	1.089664e+002
2.404970e+002	3.474900e+001	3.017385e-004	1.089139e+002
2.405900e+002	3.484200e+001	3.020333e-004	1.088585e+002
2.406820e+002	3.493400e+001	3.023771e-004	1.088098e+002
2.407770e+002	3.502900e+001	3.026199e-004	1.087596e+002
2.408750e+002	3.512700e+001	3.029986e-004	1.087009e+002
2.409710e+002	3.522300e+001	3.033310e-004	1.086477e+002
2.410650e+002	3.531700e+001	3.036416e-004	1.085996e+002
2.411590e+002	3.541100e+001	3.039750e-004	1.085479e+002
2.412520e+002	3.550400e+001	3.043027e-004	1.084993e+002
2.413460e+002	3.559800e+001	3.046837e-004	1.084478e+002
2.414410e+002	3.569300e+001	3.050146e-004	1.083962e+002
2.415340e+002	3.578600e+001	3.053484e-004	1.083526e+002
2.416300e+002	3.588200e+001	3.057223e-004	1.083032e+002
2.417220e+002	3.597400e+001	3.060520e-004	1.082542e+002
2.418170e+002	3.606900e+001	3.063862e-004	1.082085e+002
2.419180e+002	3.617000e+001	3.068347e-004	1.081592e+002
2.420120e+002	3.626400e+001	3.071693e-004	1.081143e+002
2.421070e+002	3.635900e+001	3.075517e-004	1.080691e+002
2.422020e+002	3.645400e+001	3.079334e-004	1.080261e+002
2.422960e+002	3.654800e+001	3.082769e-004	1.079849e+002
2.423880e+002	3.664000e+001	3.086488e-004	1.079409e+002
2.424840e+002	3.673600e+001	3.090883e-004	1.079002e+002
2.425800e+002	3.683200e+001	3.094459e-004	1.078604e+002
2.426760e+002	3.692800e+001	3.098060e-004	1.078210e+002
2.427710e+002	3.702300e+001	3.102020e-004	1.077801e+002
2.428630e+002	3.711500e+001	3.106229e-004	1.077431e+002
2.429550e+002	3.720700e+001	3.110033e-004	1.077087e+002
2.430490e+002	3.730100e+001	3.114046e-004	1.076735e+002
2.431420e+002	3.739400e+001	3.118421e-004	1.076382e+002
2.432370e+002	3.748900e+001	3.122432e-004	1.076011e+002
2.433320e+002	3.758400e+001	3.126531e-004	1.075692e+002
2.434280e+002	3.768000e+001	3.130824e-004	1.075364e+002
2.435210e+002	3.777300e+001	3.135136e-004	1.075069e+002
2.436140e+002	3.786600e+001	3.139230e-004	1.074744e+002
2.437110e+002	3.796300e+001	3.143807e-004	1.074453e+002
2.438040e+002	3.805600e+001	3.148050e-004	1.074163e+002
2.438980e+002	3.815000e+001	3.151937e-004	1.073881e+002
2.439920e+002	3.824400e+001	3.156406e-004	1.073562e+002
2.440880e+002	3.834000e+001	3.161304e-004	1.073295e+002
2.441820e+002	3.843400e+001	3.165767e-004	1.073062e+002
2.442780e+002	3.853000e+001	3.170205e-004	1.072794e+002
2.443740e+002	3.862600e+001	3.174699e-004	1.072576e+002
2.444670e+002	3.871900e+001	3.179736e-004	1.072356e+002
2.445630e+002	3.881500e+001	3.184488e-004	1.072124e+002
2.446580e+002	3.891000e+001	3.188629e-004	1.071938e+002
2.447530e+002	3.900500e+001	3.193518e-004	1.071716e+002
2.448490e+002	3.910100e+001	3.198316e-004	1.071551e+002
2.449440e+002	3.919600e+001	3.202971e-004	1.071379e+002
2.450350e+002	3.928700e+001	3.207409e-004	1.071205e+002
2.451280e+002	3.938000e+001	3.212307e-004	1.071092e+002
2.452240e+002	3.947600e+001	3.217082e-004	1.070953e+002
2.453200e+002	3.957200e+001	3.221816e-004	1.070855e+002
2.454140e+002	3.966600e+001	3.226831e-004	1.070682e+002
2.455160e+002	3.976800e+001	3.231960e-004	1.070587e+002
2.456110e+002	3.986300e+001	3.237125e-004	1.070494e+002
2.457050e+002	3.995700e+001	3.242005e-004	1.070407e+002
2.457980e+002	4.005000e+001	3.246852e-004	1.070340e+002
2.458910e+002	4.014300e+001	3.251645e-004	1.070265e+002
2.459860e+002	4.023800e+001	3.256516e-004	1.070198e+002
2.460800e+002	4.033200e+001	3.261333e-004	1.070173e+002
2.461730e+002	4.042500e+001	3.265990e-004	1.070143e+002
2.462660e+002	4.051800e+001	3.270889e-004	1.070126e+002
2.463600e+002	4.061200e+001	3.275678e-004	1.070121e+002
2.464530e+002	4.070500e+001	3.280359e-004	1.070124e+002
2.465460e+002	4.079800e+001	3.285492e-004	1.070168e+002
2.466400e+002	4.089200e+001	3.290374e-004	1.070187e+002
2.467350e+002	4.098700e+001	3.294911e-004	1.070216e+002
2.468300e+002	4.108200e+001	3.300110e-004	1.070231e+002
2.469220e+002	4.117400e+001	3.304612e-004	1.070296e+002
2.470210e+002	4.127300e+001	3.309551e-004	1.070378e+002
2.471140e+002	4.136600e+001	3.314173e-004	1.070445e+002
2.472070e+002	4.145900e+001	3.319249e-004	1.070497e+002
2.473020e+002	4.155400e+001	3.324095e-004	1.070643e+002
2.473960e+002	4.164800e+001	3.328645e-004	1.070735e+002
2.474900e+002	4.174200e+001	3.333513e-004	1.070851e+002
2.475850e+002	4.183700e+001	3.338255e-004	1.071016e+002
2.476800e+002	4.193200e+001	3.343128e-004	1.071094e+002
2.477740e+002	4.202600e+001	3.347570e-004	1.071212e+002
2.478690e+002	4.212100e+001	3.352605e-004	1.071386e+002
2.479610e+002	4.221300e+001	3.356824e-004	1.071503e+002
2.480540e+002	4.230600e+001	3.361192e-004	1.071668e+002
2.481480e+002	4.240000e+001	3.366323e-004	1.071920e+002
2.482420e+002	4.249400e+001	3.370860e-004	1.072130e+002
2.483340e+002	4.258600e+001	3.375179e-004	1.072292e+002
2.484280e+002	4.268000e+001	3.379744e-004	1.072512e+002
2.485220e+002	4.277400e+001	3.384305e-004	1.072717e+002
2.486150e+002	4.286700e+001	3.388670e-004	1.072934e+002
2.487090e+002	4.296100e+001	3.393228e-004	1.073169e+002
2.488020e+002	4.305400e+001	3.397971e-004	1.073458e+002
2.488970e+002	4.314900e+001	3.402548e-004	1.073666e+002
2.489920e+002	4.324400e+001	3.407197e-004	1.073938e+002
2.490880e+002	4.334000e+001	3.412098e-004	1.074232e+002
2.491830e+002	4.343500e+001	3.416909e-004	1.074541e+002
2.492760e+002	4.352800e+001	3.421337e-004	1.074824e+002
2.493690e+002	4.362100e+001	3.425739e-004	1.075097e+002
2.494630e+002	4.371500e+001	3.430564e-004	1.075439e+002
2.495590e+002	4.381100e+001	3.434789e-004	1.075772e+002
2.496530e+002	4.390500e+001	3.439673e-004	1.076121e+002
2.497460e+002	4.399800e+001	3.444524e-004	1.076430e+002
2.498400e+002	4.409200e+001	3.448864e-004	1.076782e+002
2.499400e+002	4.419200e+001	3.453440e-004	1.077206e+002
2.500320e+002	4.428400e+001	3.457607e-004	1.077579e+002
2.501260e+002	4.437800e+001	3.461973e-004	1.077910e+002
2.502180e+002	4.447000e+001	3.466124e-004	1.078284e+002
2.503140e+002	4.456600e+001	3.470432e-004	1.078663e+002
2.504090e+002	4.466100e+001	3.474440e-004	1.079051e+002
2.505030e+002	4.475500e+001	3.479007e-004	1.079471e+002
2.505970e+002	4.484900e+001	3.482751e-004	1.079876e+002
2.506930e+002	4.494500e+001	3.486902e-004	1.080278e+002
2.507860e+002	4.503800e+001	3.490915e-004	1.080733e+002
2.508810e+002	4.513300e+001	3.495336e-004	1.081172e+002
2.509820e+002	4.523400e+001	3.499321e-004	1.081595e+002
2.510760e+002	4.532800e+001	3.502766e-004	1.082025e+002
2.511690e+002	4.542100e+001	3.506640e-004	1.082435e+002
2.512620e+002	4.551400e+001	3.510298e-004	1.082830e+002
2.513550e+002	4.560700e+001	3.513788e-004	1.083255e+002
2.514510e+002	4.570300e+001	3.517695e-004	1.083744e+002
2.515480e+002	4.580000e+001	3.521452e-004	1.084223e+002
2.516410e+002	4.589300e+001	3.525216e-004	1.084647e+002
2.517310e+002	4.598300e+001	3.528313e-004	1.085086e+002
2.518210e+002	4.607300e+001	3.531784e-004	1.085512e+002
2.519200e+002	4.617200e+001	3.535227e-004	1.085992e+002
2.520130e+002	4.626500e+001	3.538695e-004	1.086470e+002
2.521070e+002	4.635900e+001	3.542478e-004	1.086981e+002
2.522000e+002	4.645200e+001	3.545675e-004	1.087463e+002
2.522960e+002	4.654800e+001	3.548946e-004	1.087934e+002
2.523900e+002	4.664200e+001	3.552338e-004	1.088449e+002
2.524810e+002	4.673300e+001	3.555780e-004	1.089001e+002
2.525750e+002	4.682700e+001	3.558758e-004	1.089443e+002
2.526700e+002	4.692200e+001	3.562311e-004	1.089948e+002
2.527650e+002	4.701700e+001	3.565293e-004	1.090464e+002
