Fext	FextSD	Fgen	R	RSD	Theta	ThetaSD	X	XSD	Y	YSD	Time	Interval	Round
3.20704406250000000000e+005	0.00000000000000000000e+000	3.20700000000000000000e+005	1.10974142440000005951e-004	0.00000000000000000000e+000	1.13449813840000004461e+002	0.00000000000000000000e+000	-4.41616738689640063583e-005	0.00000000000000000000e+000	1.01808677682134108189e-004	0.00000000000000000000e+000	6.28000020980834960938e-001	1	1
3.20707000000000000000e+005	0.00000000000000000000e+000	3.20702000000000000000e+005	1.11209235910000002467e-004	0.00000000000000000000e+000	1.13467727659999994216e+002	0.00000000000000000000e+000	-4.42871245603461730859e-005	0.00000000000000000000e+000	1.02010512937943890327e-004	0.00000000000000000000e+000	8.01000020932406187057e-001	1	1
3.20708781250000000000e+005	0.00000000000000000000e+000	3.20704000000000000000e+005	1.11268236650000003655e-004	0.00000000000000000000e+000	1.13470230099999994877e+002	0.00000000000000000000e+000	-4.43150782825146107068e-005	0.00000000000000000000e+000	1.02062698004780398825e-004	0.00000000000000000000e+000	9.77000021026469767094e-001	1	1
3.20710625000000000000e+005	0.00000000000000000000e+000	3.20706000000000000000e+005	1.11283297880000002218e-004	0.00000000000000000000e+000	1.13454017640000003553e+002	0.00000000000000000000e+000	-4.42921913301981402225e-005	0.00000000000000000000e+000	1.02089050217043039335e-004	0.00000000000000000000e+000	1.15800002100877463818e+000	1	1
3.20712937500000000000e+005	0.00000000000000000000e+000	3.20708000000000000000e+005	1.11330155049999999454e-004	0.00000000000000000000e+000	1.13456626889999995456e+002	0.00000000000000000000e+000	-4.43154921369217282977e-005	0.00000000000000000000e+000	1.02130018016837086016e-004	0.00000000000000000000e+000	1.33300002093892544508e+000	1	1
3.20714687500000000000e+005	0.00000000000000000000e+000	3.20710000000000000000e+005	1.11331559310000002307e-004	0.00000000000000000000e+000	1.13455947879999996530e+002	0.00000000000000000000e+000	-4.43148407520912678806e-005	0.00000000000000000000e+000	1.02131831411724123288e-004	0.00000000000000000000e+000	1.51200002094265073538e+000	1	1
3.20717156250000000000e+005	0.00000000000000000000e+000	3.20712000000000000000e+005	1.11404682680000006599e-004	0.00000000000000000000e+000	1.13442626950000004626e+002	0.00000000000000000000e+000	-4.43201852179030630040e-005	0.00000000000000000000e+000	1.02209219277334567881e-004	0.00000000000000000000e+000	1.68700002098921686411e+000	1	1
3.20718812500000000000e+005	0.00000000000000000000e+000	3.20714000000000000000e+005	1.11405228380000005336e-004	0.00000000000000000000e+000	1.13441490169999994464e+002	0.00000000000000000000e+000	-4.43183744078863860226e-005	0.00000000000000000000e+000	1.02210599255861715132e-004	0.00000000000000000000e+000	1.86100002098828554153e+000	1	1
3.20721562500000000000e+005	0.00000000000000000000e+000	3.20716000000000000000e+005	1.11452311099999998496e-004	0.00000000000000000000e+000	1.13442283630000005701e+002	0.00000000000000000000e+000	-4.43385205511701905689e-005	0.00000000000000000000e+000	1.02253182076963462918e-004	0.00000000000000000000e+000	2.04500002099666744471e+000	1	1
3.20722500000000000000e+005	0.00000000000000000000e+000	3.20718000000000000000e+005	1.11476612799999994841e-004	0.00000000000000000000e+000	1.13438613889999999174e+002	0.00000000000000000000e+000	-4.43416376384301422924e-005	0.00000000000000000000e+000	1.02278318195516280584e-004	0.00000000000000000000e+000	2.22000002092681825161e+000	1	1
3.20725218750000000000e+005	0.00000000000000000000e+000	3.20720000000000000000e+005	1.11469445979999999888e-004	0.00000000000000000000e+000	1.13445030209999998760e+002	0.00000000000000000000e+000	-4.43502396350164613029e-005	0.00000000000000000000e+000	1.02266776772345541788e-004	0.00000000000000000000e+000	2.39500002097338438034e+000	1	1
3.20726968750000000000e+005	0.00000000000000000000e+000	3.20722000000000000000e+005	1.11520806969999994166e-004	0.00000000000000000000e+000	1.13442863459999998099e+002	0.00000000000000000000e+000	-4.43668053536613789809e-005	0.00000000000000000000e+000	1.02315575402527666332e-004	0.00000000000000000000e+000	2.57400002097710967064e+000	1	1
3.20728750000000000000e+005	0.00000000000000000000e+000	3.20724000000000000000e+005	1.11545188700000005746e-004	0.00000000000000000000e+000	1.13426147459999995704e+002	0.00000000000000000000e+000	-4.43466463378343873458e-005	0.00000000000000000000e+000	1.02350887053828944434e-004	0.00000000000000000000e+000	2.75300002098083496094e+000	1	1
3.20730531250000000000e+005	0.00000000000000000000e+000	3.20726000000000000000e+005	1.11577806820000003198e-004	0.00000000000000000000e+000	1.13426971440000002644e+002	0.00000000000000000000e+000	-4.43610865650380671566e-005	0.00000000000000000000e+000	1.02380178616421829772e-004	0.00000000000000000000e+000	2.92800002102740108967e+000	1	1
3.20732375000000000000e+005	0.00000000000000000000e+000	3.20728000000000000000e+005	1.11615925560000001831e-004	0.00000000000000000000e+000	1.13430534359999995786e+002	0.00000000000000000000e+000	-4.43826103758292352108e-005	0.00000000000000000000e+000	1.02412395415998346590e-004	0.00000000000000000000e+000	3.10300002095755189657e+000	1	1
3.20734718750000000000e+005	0.00000000000000000000e+000	3.20730000000000000000e+005	1.11650828329999999254e-004	0.00000000000000000000e+000	1.13424270629999995208e+002	0.00000000000000000000e+000	-4.43852892380844951236e-005	0.00000000000000000000e+000	1.02449273135668035171e-004	0.00000000000000000000e+000	3.28100002103019505739e+000	1	1
3.20736875000000000000e+005	0.00000000000000000000e+000	3.20732000000000000000e+005	1.11674569779999998081e-004	0.00000000000000000000e+000	1.13426841740000000414e+002	0.00000000000000000000e+000	-4.43993256088865936079e-005	0.00000000000000000000e+000	1.02469065678497116582e-004	0.00000000000000000000e+000	3.45900002098642289639e+000	1	1
3.20738593750000000000e+005	0.00000000000000000000e+000	3.20734000000000000000e+005	1.11707791800000002949e-004	0.00000000000000000000e+000	1.13432098389999993060e+002	0.00000000000000000000e+000	-4.44219376664565311738e-005	0.00000000000000000000e+000	1.02495474060026667273e-004	0.00000000000000000000e+000	3.63500002096407115459e+000	1	1
3.20741656250000000000e+005	0.00000000000000000000e+000	3.20736000000000000000e+005	1.11724177260000002683e-004	0.00000000000000000000e+000	1.13410606380000004378e+002	0.00000000000000000000e+000	-4.43899980749570978846e-005	0.00000000000000000000e+000	1.02527166425924436003e-004	0.00000000000000000000e+000	3.81400002096779644489e+000	1	1
3.20742906250000000000e+005	0.00000000000000000000e+000	3.20738000000000000000e+005	1.11788118369999993980e-004	0.00000000000000000000e+000	1.13418128969999997935e+002	0.00000000000000000000e+000	-4.44288715315358933048e-005	0.00000000000000000000e+000	1.02580011616003471345e-004	0.00000000000000000000e+000	3.99300002097152173519e+000	1	1
3.20744750000000000000e+005	0.00000000000000000000e+000	3.20740000000000000000e+005	1.11799636220000000726e-004	0.00000000000000000000e+000	1.13407989499999999339e+002	0.00000000000000000000e+000	-4.44152933088079267710e-005	0.00000000000000000000e+000	1.02598442382021080009e-004	0.00000000000000000000e+000	4.16800002101808786392e+000	1	1
3.20747562500000000000e+005	0.00000000000000000000e+000	3.20742000000000000000e+005	1.11826098870000006143e-004	0.00000000000000000000e+000	1.13399047850000002313e+002	0.00000000000000000000e+000	-4.44097903100627958454e-005	0.00000000000000000000e+000	1.02629659032363874092e-004	0.00000000000000000000e+000	4.34400002099573612213e+000	1	1
3.20749625000000000000e+005	0.00000000000000000000e+000	3.20744000000000000000e+005	1.11886096420000001129e-004	0.00000000000000000000e+000	1.13406478879999994547e+002	0.00000000000000000000e+000	-4.44469347112412966607e-005	0.00000000000000000000e+000	1.02678958734884879481e-004	0.00000000000000000000e+000	4.52100002102088183165e+000	1	1
3.20751843750000000000e+005	0.00000000000000000000e+000	3.20746000000000000000e+005	1.11903471410000000439e-004	0.00000000000000000000e+000	1.13404052730000003635e+002	0.00000000000000000000e+000	-4.44494883702441752143e-005	0.00000000000000000000e+000	1.02696786206931582955e-004	0.00000000000000000000e+000	4.69700002099853008986e+000	1	1
3.20752593750000000000e+005	0.00000000000000000000e+000	3.20748000000000000000e+005	1.11945897519999997753e-004	0.00000000000000000000e+000	1.13385711670000006279e+002	0.00000000000000000000e+000	-4.44334513603826967228e-005	0.00000000000000000000e+000	1.02749950714162616139e-004	0.00000000000000000000e+000	4.87300002097617834806e+000	1	1
3.20754781250000000000e+005	0.00000000000000000000e+000	3.20750000000000000000e+005	1.12002409880000006388e-004	0.00000000000000000000e+000	1.13383209230000005618e+002	0.00000000000000000000e+000	-4.44513921927517228930e-005	0.00000000000000000000e+000	1.02803762339000477458e-004	0.00000000000000000000e+000	5.04900002095382660627e+000	1	1
3.20757437500000000000e+005	0.00000000000000000000e+000	3.20752000000000000000e+005	1.12028072180000006029e-004	0.00000000000000000000e+000	1.13380020139999999174e+002	0.00000000000000000000e+000	-4.44558535682672761533e-005	0.00000000000000000000e+000	1.02829791597007874052e-004	0.00000000000000000000e+000	5.22800002095755189657e+000	1	1
3.20759406250000000000e+005	0.00000000000000000000e+000	3.20754000000000000000e+005	1.12090296170000002646e-004	0.00000000000000000000e+000	1.13386779790000005619e+002	0.00000000000000000000e+000	-4.44926838743843342449e-005	0.00000000000000000000e+000	1.02881658118113641660e-004	0.00000000000000000000e+000	5.40600002103019505739e+000	1	1
3.20760343750000000000e+005	0.00000000000000000000e+000	3.20756000000000000000e+005	1.12107642050000001180e-004	0.00000000000000000000e+000	1.13368560790000003635e+002	0.00000000000000000000e+000	-4.44668473012960511429e-005	0.00000000000000000000e+000	1.02911723807806027020e-004	0.00000000000000000000e+000	5.58100002096034586430e+000	1	1
3.20763406250000000000e+005	0.00000000000000000000e+000	3.20758000000000000000e+005	1.12142573929999999380e-004	0.00000000000000000000e+000	1.13368659969999995951e+002	0.00000000000000000000e+000	-4.44808810267384492913e-005	0.00000000000000000000e+000	1.02943713313298802216e-004	0.00000000000000000000e+000	5.75700002093799412251e+000	1	1
3.20764656250000000000e+005	0.00000000000000000000e+000	3.20760000000000000000e+005	1.12181223809999994754e-004	0.00000000000000000000e+000	1.13366493230000003223e+002	0.00000000000000000000e+000	-4.44923169695030741371e-005	0.00000000000000000000e+000	1.02980875439057027970e-004	0.00000000000000000000e+000	5.93300002103205770254e+000	1	1
3.20766968750000000000e+005	0.00000000000000000000e+000	3.20762000000000000000e+005	1.12208930659999999661e-004	0.00000000000000000000e+000	1.13361259459999999422e+002	0.00000000000000000000e+000	-4.44938963600358808391e-005	0.00000000000000000000e+000	1.03010374752075689630e-004	0.00000000000000000000e+000	6.10800002096220850945e+000	1	1
3.20769375000000000000e+005	0.00000000000000000000e+000	3.20764000000000000000e+005	1.12266134240000001274e-004	0.00000000000000000000e+000	1.13360031129999995869e+002	0.00000000000000000000e+000	-4.45143696231911387509e-005	0.00000000000000000000e+000	1.03063843292609745822e-004	0.00000000000000000000e+000	6.28500002098735421896e+000	1	1
3.20771625000000000000e+005	0.00000000000000000000e+000	3.20766000000000000000e+005	1.12323883509999998412e-004	0.00000000000000000000e+000	1.13356376650000001405e+002	0.00000000000000000000e+000	-4.45306904816167433911e-005	0.00000000000000000000e+000	1.03119699437103178844e-004	0.00000000000000000000e+000	6.46100002096500247717e+000	1	1
3.20773656250000000000e+005	0.00000000000000000000e+000	3.20768000000000000000e+005	1.12361078210000003581e-004	0.00000000000000000000e+000	1.13343368530000006444e+002	0.00000000000000000000e+000	-4.45220156511915091525e-005	0.00000000000000000000e+000	1.03163956975625928261e-004	0.00000000000000000000e+000	6.63800002099014818668e+000	1	1
3.20775000000000000000e+005	0.00000000000000000000e+000	3.20770000000000000000e+005	1.12395988250000005565e-004	0.00000000000000000000e+000	1.13348159789999996860e+002	0.00000000000000000000e+000	-4.45444778558112280020e-005	0.00000000000000000000e+000	1.03192284921147490757e-004	0.00000000000000000000e+000	6.81600002094637602568e+000	1	1
3.20776093750000000000e+005	0.00000000000000000000e+000	3.20772000000000000000e+005	1.12457179060000006261e-004	0.00000000000000000000e+000	1.13337043760000000248e+002	0.00000000000000000000e+000	-4.45486966245409852128e-005	0.00000000000000000000e+000	1.03257109930442628567e-004	0.00000000000000000000e+000	6.99200002092402428389e+000	1	1
3.20779062500000000000e+005	0.00000000000000000000e+000	3.20774000000000000000e+005	1.12493384219999995087e-004	0.00000000000000000000e+000	1.13322021480000003635e+002	0.00000000000000000000e+000	-4.45359558599923806483e-005	0.00000000000000000000e+000	1.03302033517764567470e-004	0.00000000000000000000e+000	7.17000002099666744471e+000	1	1
3.20780937500000000000e+005	0.00000000000000000000e+000	3.20776000000000000000e+005	1.12551984780000005333e-004	0.00000000000000000000e+000	1.13326988220000004048e+002	0.00000000000000000000e+000	-4.45681150643446329735e-005	0.00000000000000000000e+000	1.03351983036266368838e-004	0.00000000000000000000e+000	7.34600002097431570292e+000	1	1
3.20782312500000000000e+005	0.00000000000000000000e+000	3.20778000000000000000e+005	1.12610243379999999083e-004	0.00000000000000000000e+000	1.13317634580000003552e+002	0.00000000000000000000e+000	-4.45743024648982173611e-005	0.00000000000000000000e+000	1.03412757790664303244e-004	0.00000000000000000000e+000	7.52300002099946141243e+000	1	1
3.20784406250000000000e+005	0.00000000000000000000e+000	3.20780000000000000000e+005	1.12644047479999994473e-004	0.00000000000000000000e+000	1.13304306030000006444e+002	0.00000000000000000000e+000	-4.45636180433361408192e-005	0.00000000000000000000e+000	1.03454170430989094050e-004	0.00000000000000000000e+000	7.69900002097710967064e+000	1	1
3.20787281250000000000e+005	0.00000000000000000000e+000	3.20782000000000000000e+005	1.12675646960000005125e-004	0.00000000000000000000e+000	1.13302856449999993060e+002	0.00000000000000000000e+000	-4.45735011225241819534e-005	0.00000000000000000000e+000	1.03484319660202117434e-004	0.00000000000000000000e+000	7.87500002095475792885e+000	1	1
3.20788906250000000000e+005	0.00000000000000000000e+000	3.20784000000000000000e+005	1.12732464910000001026e-004	0.00000000000000000000e+000	1.13297431950000003553e+002	0.00000000000000000000e+000	-4.45861752489650078153e-005	0.00000000000000000000e+000	1.03540724458316214297e-004	0.00000000000000000000e+000	8.05200002097990363836e+000	1	1
3.20791500000000000000e+005	0.00000000000000000000e+000	3.20786000000000000000e+005	1.12806425020000006092e-004	0.00000000000000000000e+000	1.13285652159999997934e+002	0.00000000000000000000e+000	-4.45941243111150315915e-005	0.00000000000000000000e+000	1.03617824734539295899e-004	0.00000000000000000000e+000	8.22800002095755189657e+000	1	1
3.20793343750000000000e+005	0.00000000000000000000e+000	3.20788000000000000000e+005	1.12848778370000006285e-004	0.00000000000000000000e+000	1.13283592220000002726e+002	0.00000000000000000000e+000	-4.46071404736568646919e-005	0.00000000000000000000e+000	1.03658332025770242983e-004	0.00000000000000000000e+000	8.40200002095662057400e+000	1	1
3.20795156250000000000e+005	0.00000000000000000000e+000	3.20790000000000000000e+005	1.12918380179999994998e-004	0.00000000000000000000e+000	1.13279449459999995042e+002	0.00000000000000000000e+000	-4.46271531125292045673e-005	0.00000000000000000000e+000	1.03725492467116728519e-004	0.00000000000000000000e+000	8.58100002096034586430e+000	1	1
3.20797812500000000000e+005	0.00000000000000000000e+000	3.20792000000000000000e+005	1.12953573989999994458e-004	0.00000000000000000000e+000	1.13280693049999996447e+002	0.00000000000000000000e+000	-4.46433142961241802662e-005	0.00000000000000000000e+000	1.03756852138891906981e-004	0.00000000000000000000e+000	8.76600002101622521877e+000	1	1
3.20799562500000000000e+005	0.00000000000000000000e+000	3.20794000000000000000e+005	1.12989546320000006693e-004	0.00000000000000000000e+000	1.13273132320000001982e+002	0.00000000000000000000e+000	-4.46438353895103879048e-005	0.00000000000000000000e+000	1.03795787676156333105e-004	0.00000000000000000000e+000	8.94100002094637602568e+000	1	1
3.20800812500000000000e+005	0.00000000000000000000e+000	3.20796000000000000000e+005	1.13051668449999995073e-004	0.00000000000000000000e+000	1.13261482240000006527e+002	0.00000000000000000000e+000	-4.46472632008573978466e-005	0.00000000000000000000e+000	1.03861935414289728347e-004	0.00000000000000000000e+000	9.11500002094544470310e+000	1	1
3.20803593750000000000e+005	0.00000000000000000000e+000	3.20798000000000000000e+005	1.13104724730000004581e-004	0.00000000000000000000e+000	1.13247238159999994878e+002	0.00000000000000000000e+000	-4.46423824007902972019e-005	0.00000000000000000000e+000	1.03921780440053494569e-004	0.00000000000000000000e+000	9.29200002097059041262e+000	1	1
3.20804468750000000000e+005	0.00000000000000000000e+000	3.20800000000000000000e+005	1.13178168249999998134e-004	0.00000000000000000000e+000	1.13245277400000006196e+002	0.00000000000000000000e+000	-4.46678118068279147285e-005	0.00000000000000000000e+000	1.03990789769167123148e-004	0.00000000000000000000e+000	9.47000002092681825161e+000	1	1
3.20806718750000000000e+005	0.00000000000000000000e+000	3.20802000000000000000e+005	1.13240304929999998848e-004	0.00000000000000000000e+000	1.13236534120000001735e+002	0.00000000000000000000e+000	-4.46764570465364176631e-005	0.00000000000000000000e+000	1.04054701222041699033e-004	0.00000000000000000000e+000	9.64600002102088183165e+000	1	1
3.20808875000000000000e+005	0.00000000000000000000e+000	3.20804000000000000000e+005	1.13326474089999997214e-004	0.00000000000000000000e+000	1.13232414250000005040e+002	0.00000000000000000000e+000	-4.47029652892661557304e-005	0.00000000000000000000e+000	1.04137095331193618589e-004	0.00000000000000000000e+000	9.81500002101529389620e+000	1	1
3.20810281250000000000e+005	0.00000000000000000000e+000	3.20806000000000000000e+005	1.13339265229999997800e-004	0.00000000000000000000e+000	1.13209907529999995290e+002	0.00000000000000000000e+000	-4.46670960851517685492e-005	0.00000000000000000000e+000	1.04166403269941615253e-004	0.00000000000000000000e+000	9.99200002092402428389e+000	1	1
3.20813500000000000000e+005	0.00000000000000000000e+000	3.20808000000000000000e+005	1.13418755060000001609e-004	0.00000000000000000000e+000	1.13210937500000000000e+002	0.00000000000000000000e+000	-4.47002969310416668172e-005	0.00000000000000000000e+000	1.04238656234800834656e-004	0.00000000000000000000e+000	1.01700000209966674447e+001	1	1
3.20815781250000000000e+005	0.00000000000000000000e+000	3.20810000000000000000e+005	1.13499016150000003292e-004	0.00000000000000000000e+000	1.13196411130000001322e+002	0.00000000000000000000e+000	-4.47054811411639653213e-005	0.00000000000000000000e+000	1.04323758669609852317e-004	0.00000000000000000000e+000	1.03430000209482386708e+001	1	1
3.20817031250000000000e+005	0.00000000000000000000e+000	3.20812000000000000000e+005	1.13538299049999996519e-004	0.00000000000000000000e+000	1.13192451480000002562e+002	0.00000000000000000000e+000	-4.47137417536375874390e-005	0.00000000000000000000e+000	1.04362956309009562075e-004	0.00000000000000000000e+000	1.05180000209948047996e+001	1	1
3.20819687500000000000e+005	0.00000000000000000000e+000	3.20814000000000000000e+005	1.13618974859999998265e-004	0.00000000000000000000e+000	1.13179695129999998926e+002	0.00000000000000000000e+000	-4.47222605449511159247e-005	0.00000000000000000000e+000	1.04447072050808676671e-004	0.00000000000000000000e+000	1.06930000209249556065e+001	1	1
3.20821625000000000000e+005	0.00000000000000000000e+000	3.20816000000000000000e+005	1.13701251390000004438e-004	0.00000000000000000000e+000	1.13178108219999998596e+002	0.00000000000000000000e+000	-4.47517509517352223957e-005	0.00000000000000000000e+000	1.04523946320476450130e-004	0.00000000000000000000e+000	1.08680000209715217352e+001	1	1
3.20823156250000000000e+005	0.00000000000000000000e+000	3.20818000000000000000e+005	1.13769980090000003806e-004	0.00000000000000000000e+000	1.13155296329999998761e+002	0.00000000000000000000e+000	-4.47371577892687950122e-005	0.00000000000000000000e+000	1.04604947696641312877e-004	0.00000000000000000000e+000	1.10420000209705904126e+001	1	1
3.20824937500000000000e+005	0.00000000000000000000e+000	3.20820000000000000000e+005	1.13845642770000004770e-004	0.00000000000000000000e+000	1.13154182430000005866e+002	0.00000000000000000000e+000	-4.47648752092908575181e-005	0.00000000000000000000e+000	1.04675385479161581095e-004	0.00000000000000000000e+000	1.12210000209743157029e+001	1	1
3.20827093750000000000e+005	0.00000000000000000000e+000	3.20822000000000000000e+005	1.13915739350000001654e-004	0.00000000000000000000e+000	1.13133163449999997852e+002	0.00000000000000000000e+000	-4.47540107938338769362e-005	0.00000000000000000000e+000	1.04756260860735855769e-004	0.00000000000000000000e+000	1.13970000209519639611e+001	1	1
3.20828843750000000000e+005	0.00000000000000000000e+000	3.20824000000000000000e+005	1.13994763519999998068e-004	0.00000000000000000000e+000	1.13126617429999996034e+002	0.00000000000000000000e+000	-4.47730800182110510880e-005	0.00000000000000000000e+000	1.04834047025112949455e-004	0.00000000000000000000e+000	1.15790000209817662835e+001	1	1
3.20830281250000000000e+005	0.00000000000000000000e+000	3.20826000000000000000e+005	1.14051828859999999661e-004	0.00000000000000000000e+000	1.13123268129999999587e+002	0.00000000000000000000e+000	-4.47893618937792744152e-005	0.00000000000000000000e+000	1.04889144945789316893e-004	0.00000000000000000000e+000	1.17550000209594145417e+001	1	1
3.20832843750000000000e+005	0.00000000000000000000e+000	3.20828000000000000000e+005	1.14149239380000001517e-004	0.00000000000000000000e+000	1.13110511779999995952e+002	0.00000000000000000000e+000	-4.48042424301706715818e-005	0.00000000000000000000e+000	1.04988707541768696001e-004	0.00000000000000000000e+000	1.19310000209370627999e+001	1	1
3.20835156250000000000e+005	0.00000000000000000000e+000	3.20830000000000000000e+005	1.14254740769999995004e-004	0.00000000000000000000e+000	1.13084259029999998347e+002	0.00000000000000000000e+000	-4.47974976721771011765e-005	0.00000000000000000000e+000	1.05106279501898398215e-004	0.00000000000000000000e+000	1.21100000209407880902e+001	1	1
3.20837343750000000000e+005	0.00000000000000000000e+000	3.20832000000000000000e+005	1.14335794929999994690e-004	0.00000000000000000000e+000	1.13080459590000003800e+002	0.00000000000000000000e+000	-4.48223028130281369577e-005	0.00000000000000000000e+000	1.05183816116416985393e-004	0.00000000000000000000e+000	1.22870000209659337997e+001	1	1
3.20839250000000000000e+005	0.00000000000000000000e+000	3.20834000000000000000e+005	1.14426911749999994151e-004	0.00000000000000000000e+000	1.13061416629999996530e+002	0.00000000000000000000e+000	-4.48230332586479050957e-005	0.00000000000000000000e+000	1.05282542817584107305e-004	0.00000000000000000000e+000	1.24650000210385769606e+001	1	1
3.20841312500000000000e+005	0.00000000000000000000e+000	3.20836000000000000000e+005	1.14484537330000003602e-004	0.00000000000000000000e+000	1.13052223209999993969e+002	0.00000000000000000000e+000	-4.48287039695569015257e-005	0.00000000000000000000e+000	1.05342757644149399377e-004	0.00000000000000000000e+000	1.26410000210162252188e+001	1	1
3.20843375000000000000e+005	0.00000000000000000000e+000	3.20838000000000000000e+005	1.14575916089999993983e-004	0.00000000000000000000e+000	1.13032287600000003636e+002	0.00000000000000000000e+000	-4.48278000022955927560e-005	0.00000000000000000000e+000	1.05442443516910708853e-004	0.00000000000000000000e+000	1.28160000209463760257e+001	1	1
3.20845250000000000000e+005	0.00000000000000000000e+000	3.20840000000000000000e+005	1.14672737249999997546e-004	0.00000000000000000000e+000	1.13013801569999998264e+002	0.00000000000000000000e+000	-4.48316300055055463490e-005	0.00000000000000000000e+000	1.05546016596823737121e-004	0.00000000000000000000e+000	1.29900000209454447031e+001	1	1
3.20847000000000000000e+005	0.00000000000000000000e+000	3.20842000000000000000e+005	1.14795861010000006374e-004	0.00000000000000000000e+000	1.12999801640000001157e+002	0.00000000000000000000e+000	-4.48539469293022217706e-005	0.00000000000000000000e+000	1.05670304011536657753e-004	0.00000000000000000000e+000	1.31640000209445133805e+001	1	1
3.20848312500000000000e+005	0.00000000000000000000e+000	3.20844000000000000000e+005	1.14838941950000001670e-004	0.00000000000000000000e+000	1.12990051269999995043e+002	0.00000000000000000000e+000	-4.48527899011250423197e-005	0.00000000000000000000e+000	1.05717594686414456001e-004	0.00000000000000000000e+000	1.33360000209650024772e+001	1	1
3.20850375000000000000e+005	0.00000000000000000000e+000	3.20846000000000000000e+005	1.14960857900000006006e-004	0.00000000000000000000e+000	1.12965362549999994712e+002	0.00000000000000000000e+000	-4.48548005861694961435e-005	0.00000000000000000000e+000	1.05849164916304200627e-004	0.00000000000000000000e+000	1.35110000210115686059e+001	1	1
3.20852812500000000000e+005	0.00000000000000000000e+000	3.20848000000000000000e+005	1.15094109790000000745e-004	0.00000000000000000000e+000	1.12931129459999993969e+002	0.00000000000000000000e+000	-4.48434679929714062998e-005	0.00000000000000000000e+000	1.05998667381792703113e-004	0.00000000000000000000e+000	1.36850000210106372833e+001	1	1
3.20855781250000000000e+005	0.00000000000000000000e+000	3.20850000000000000000e+005	1.15183691380000001892e-004	0.00000000000000000000e+000	1.12913154599999998595e+002	0.00000000000000000000e+000	-4.48450891181103201153e-005	0.00000000000000000000e+000	1.06095243728980757046e-004	0.00000000000000000000e+000	1.38610000209882855415e+001	1	1
3.20857281250000000000e+005	0.00000000000000000000e+000	3.20852000000000000000e+005	1.15296868899999994072e-004	0.00000000000000000000e+000	1.12911415099999999256e+002	0.00000000000000000000e+000	-4.48859288962515990459e-005	0.00000000000000000000e+000	1.06200853881993018883e-004	0.00000000000000000000e+000	1.40360000210348516703e+001	1	1
3.20860156250000000000e+005	0.00000000000000000000e+000	3.20854000000000000000e+005	1.15400165670000002822e-004	0.00000000000000000000e+000	1.12882759089999993307e+002	0.00000000000000000000e+000	-4.48729744160601012361e-005	0.00000000000000000000e+000	1.06318457493132699715e-004	0.00000000000000000000e+000	1.42100000210339203477e+001	1	1
3.20861437500000000000e+005	0.00000000000000000000e+000	3.20856000000000000000e+005	1.15513656060000003594e-004	0.00000000000000000000e+000	1.12850761410000004048e+002	0.00000000000000000000e+000	-4.48576642642071511669e-005	0.00000000000000000000e+000	1.06448084497127740881e-004	0.00000000000000000000e+000	1.43890000210376456380e+001	1	1
3.20863375000000000000e+005	0.00000000000000000000e+000	3.20858000000000000000e+005	1.15646034830000005774e-004	0.00000000000000000000e+000	1.12830322269999996365e+002	0.00000000000000000000e+000	-4.48710515647170123154e-005	0.00000000000000000000e+000	1.06586087757165004996e-004	0.00000000000000000000e+000	1.45650000210152938962e+001	1	1
3.20865125000000000000e+005	0.00000000000000000000e+000	3.20860000000000000000e+005	1.15759125040000002051e-004	0.00000000000000000000e+000	1.12812660219999997935e+002	0.00000000000000000000e+000	-4.48820403584851914552e-005	0.00000000000000000000e+000	1.06704158697239445447e-004	0.00000000000000000000e+000	1.47420000209240242839e+001	1	1
3.20866375000000000000e+005	0.00000000000000000000e+000	3.20862000000000000000e+005	1.15901690150000002033e-004	0.00000000000000000000e+000	1.12779701230000000578e+002	0.00000000000000000000e+000	-4.48758517609214308127e-005	0.00000000000000000000e+000	1.06861404203568340359e-004	0.00000000000000000000e+000	1.49160000209230929613e+001	1	1
3.20868656250000000000e+005	0.00000000000000000000e+000	3.20864000000000000000e+005	1.16001952849999995601e-004	0.00000000000000000000e+000	1.12747665409999996200e+002	0.00000000000000000000e+000	-4.48548641904752376747e-005	0.00000000000000000000e+000	1.06978942897505033228e-004	0.00000000000000000000e+000	1.50930000209482386708e+001	1	1
3.20871031250000000000e+005	0.00000000000000000000e+000	3.20866000000000000000e+005	1.16150855319999997536e-004	0.00000000000000000000e+000	1.12716262819999997191e+002	0.00000000000000000000e+000	-4.48537259358611253000e-005	0.00000000000000000000e+000	1.07140862705310679773e-004	0.00000000000000000000e+000	1.52700000209733843803e+001	1	1
3.20872781250000000000e+005	0.00000000000000000000e+000	3.20868000000000000000e+005	1.16292751039999997542e-004	0.00000000000000000000e+000	1.12693763730000000578e+002	0.00000000000000000000e+000	-4.48663942256500835053e-005	0.00000000000000000000e+000	1.07289377916175725138e-004	0.00000000000000000000e+000	1.54480000209296122193e+001	1	1
3.20875500000000000000e+005	0.00000000000000000000e+000	3.20870000000000000000e+005	1.16435643579999994557e-004	0.00000000000000000000e+000	1.12650779720000002726e+002	0.00000000000000000000e+000	-4.48409216021015293897e-005	0.00000000000000000000e+000	1.07454878185045548419e-004	0.00000000000000000000e+000	1.56240000210236757994e+001	1	1
3.20876937500000000000e+005	0.00000000000000000000e+000	3.20872000000000000000e+005	1.16598734170000005710e-004	0.00000000000000000000e+000	1.12626899719999997274e+002	0.00000000000000000000e+000	-4.48588777967717965080e-005	0.00000000000000000000e+000	1.07624095317269090474e-004	0.00000000000000000000e+000	1.57980000210227444768e+001	1	1
3.20879218750000000000e+005	0.00000000000000000000e+000	3.20874000000000000000e+005	1.16716662889999997412e-004	0.00000000000000000000e+000	1.12592720029999995290e+002	0.00000000000000000000e+000	-4.48399724852943822300e-005	0.00000000000000000000e+000	1.07759715402816220325e-004	0.00000000000000000000e+000	1.59740000210003927350e+001	1	1
3.20881593750000000000e+005	0.00000000000000000000e+000	3.20876000000000000000e+005	1.16907591290000005720e-004	0.00000000000000000000e+000	1.12551002499999995621e+002	0.00000000000000000000e+000	-4.48347219900084803740e-005	0.00000000000000000000e+000	1.07968664923246759424e-004	0.00000000000000000000e+000	1.61430000209948047996e+001	1	1
3.20882656250000000000e+005	0.00000000000000000000e+000	3.20878000000000000000e+005	1.17074341689999995028e-004	0.00000000000000000000e+000	1.12510612489999999752e+002	0.00000000000000000000e+000	-4.48224407157524109679e-005	0.00000000000000000000e+000	1.08154289283549597239e-004	0.00000000000000000000e+000	1.63200000210199505091e+001	1	1
3.20885000000000000000e+005	0.00000000000000000000e+000	3.20880000000000000000e+005	1.17221752589999998208e-004	0.00000000000000000000e+000	1.12473861690000006774e+002	0.00000000000000000000e+000	-4.48094084795892553066e-005	0.00000000000000000000e+000	1.08319232788921119073e-004	0.00000000000000000000e+000	1.64980000209761783481e+001	1	1
3.20887906250000000000e+005	0.00000000000000000000e+000	3.20882000000000000000e+005	1.17402880280000000875e-004	0.00000000000000000000e+000	1.12425819399999994630e+002	0.00000000000000000000e+000	-4.47876653287946043859e-005	0.00000000000000000000e+000	1.08524196990514063097e-004	0.00000000000000000000e+000	1.66730000210227444768e+001	1	1
3.20889406250000000000e+005	0.00000000000000000000e+000	3.20884000000000000000e+005	1.17566742120000006688e-004	0.00000000000000000000e+000	1.12373901369999998678e+002	0.00000000000000000000e+000	-4.47516826525987275920e-005	0.00000000000000000000e+000	1.08716262594294867474e-004	0.00000000000000000000e+000	1.68500000209314748645e+001	1	1
3.20891687500000000000e+005	0.00000000000000000000e+000	3.20886000000000000000e+005	1.17734700319999997277e-004	0.00000000000000000000e+000	1.12337432860000006940e+002	0.00000000000000000000e+000	-4.47463104530136399702e-005	0.00000000000000000000e+000	1.08900079707421385791e-004	0.00000000000000000000e+000	1.70280000210041180253e+001	1	1
3.20893156250000000000e+005	0.00000000000000000000e+000	3.20888000000000000000e+005	1.17956573379999994362e-004	0.00000000000000000000e+000	1.12274284359999995786e+002	0.00000000000000000000e+000	-4.47103581115852437701e-005	0.00000000000000000000e+000	1.09154647546887020957e-004	0.00000000000000000000e+000	1.72050000210292637348e+001	1	1
3.20894593750000000000e+005	0.00000000000000000000e+000	3.20890000000000000000e+005	1.18152842329999997273e-004	0.00000000000000000000e+000	1.12220054630000007023e+002	0.00000000000000000000e+000	-4.46812466193086823911e-005	0.00000000000000000000e+000	1.09378610117345868294e-004	0.00000000000000000000e+000	1.73820000209379941225e+001	1	1
3.20897656250000000000e+005	0.00000000000000000000e+000	3.20892000000000000000e+005	1.18337731689999999885e-004	0.00000000000000000000e+000	1.12159523010000000909e+002	0.00000000000000000000e+000	-4.46354036075505608951e-005	0.00000000000000000000e+000	1.09596986666265114557e-004	0.00000000000000000000e+000	1.75600000210106372833e+001	1	1
3.20898656250000000000e+005	0.00000000000000000000e+000	3.20894000000000000000e+005	1.18579431729999993836e-004	0.00000000000000000000e+000	1.12091209410000004709e+002	0.00000000000000000000e+000	-4.45955987820294009463e-005	0.00000000000000000000e+000	1.09874083380394980806e-004	0.00000000000000000000e+000	1.77350000209407880902e+001	1	1
3.20900718750000000000e+005	0.00000000000000000000e+000	3.20896000000000000000e+005	1.18811258289999995366e-004	0.00000000000000000000e+000	1.12027435299999993390e+002	0.00000000000000000000e+000	-4.45602205009292494636e-005	0.00000000000000000000e+000	1.10138557487201809815e-004	0.00000000000000000000e+000	1.79090000209398567677e+001	1	1
3.20903187500000000000e+005	0.00000000000000000000e+000	3.20898000000000000000e+005	1.19038668339999995755e-004	0.00000000000000000000e+000	1.11954376220000000330e+002	0.00000000000000000000e+000	-4.45047656460097269446e-005	0.00000000000000000000e+000	1.10406206324437528715e-004	0.00000000000000000000e+000	1.80830000209389254451e+001	1	1
3.20905375000000000000e+005	0.00000000000000000000e+000	3.20900000000000000000e+005	1.19264805110000005517e-004	0.00000000000000000000e+000	1.11880989069999998264e+002	0.00000000000000000000e+000	-4.44475923011072794784e-005	0.00000000000000000000e+000	1.10672965427699779555e-004	0.00000000000000000000e+000	1.82610000210115686059e+001	1	1
3.20906687500000000000e+005	0.00000000000000000000e+000	3.20902000000000000000e+005	1.19523589089999993530e-004	0.00000000000000000000e+000	1.11799934390000004214e+002	0.00000000000000000000e+000	-4.43870858039238419448e-005	0.00000000000000000000e+000	1.10976010753632104789e-004	0.00000000000000000000e+000	1.84360000209417194128e+001	1	1
3.20909343750000000000e+005	0.00000000000000000000e+000	3.20904000000000000000e+005	1.19771837490000000129e-004	0.00000000000000000000e+000	1.11703330989999997769e+002	0.00000000000000000000e+000	-4.42917144333627231891e-005	0.00000000000000000000e+000	1.11281342049260071280e-004	0.00000000000000000000e+000	1.86140000210143625736e+001	1	1
3.20910843750000000000e+005	0.00000000000000000000e+000	3.20906000000000000000e+005	1.20042386699999997367e-004	0.00000000000000000000e+000	1.11616157529999995290e+002	0.00000000000000000000e+000	-4.42220194251177620625e-005	0.00000000000000000000e+000	1.11600123667480053617e-004	0.00000000000000000000e+000	1.87910000209230929613e+001	1	1
3.20912812500000000000e+005	0.00000000000000000000e+000	3.20908000000000000000e+005	1.20311735369999994673e-004	0.00000000000000000000e+000	1.11500762940000001322e+002	0.00000000000000000000e+000	-4.40958854569222923492e-005	0.00000000000000000000e+000	1.11939566523686781442e-004	0.00000000000000000000e+000	1.89680000209482386708e+001	1	1
3.20914812500000000000e+005	0.00000000000000000000e+000	3.20910000000000000000e+005	1.20627060820000005649e-004	0.00000000000000000000e+000	1.11395820619999994960e+002	0.00000000000000000000e+000	-4.40058178416416752679e-005	0.00000000000000000000e+000	1.12313738243191913097e-004	0.00000000000000000000e+000	1.91440000209258869290e+001	1	1
3.20916312500000000000e+005	0.00000000000000000000e+000	3.20912000000000000000e+005	1.20923083159999998387e-004	0.00000000000000000000e+000	1.11284233090000000743e+002	0.00000000000000000000e+000	-4.38944502507730024651e-005	0.00000000000000000000e+000	1.12675060586194889238e-004	0.00000000000000000000e+000	1.93200000210199505091e+001	1	1
3.20918906250000000000e+005	0.00000000000000000000e+000	3.20914000000000000000e+005	1.21226490590000001335e-004	0.00000000000000000000e+000	1.11152229309999995621e+002	0.00000000000000000000e+000	-4.37442255379808626285e-005	0.00000000000000000000e+000	1.13058855260654493959e-004	0.00000000000000000000e+000	1.94950000209501013160e+001	1	1
3.20920968750000000000e+005	0.00000000000000000000e+000	3.20916000000000000000e+005	1.21559693069999997248e-004	0.00000000000000000000e+000	1.11001060490000000414e+002	0.00000000000000000000e+000	-4.35651947075485330659e-005	0.00000000000000000000e+000	1.13484945210217170217e-004	0.00000000000000000000e+000	1.96740000209538266063e+001	1	1
3.20923687500000000000e+005	0.00000000000000000000e+000	3.20918000000000000000e+005	1.21896373459999998842e-004	0.00000000000000000000e+000	1.10848121640000002230e+002	0.00000000000000000000e+000	-4.33819378789257231906e-005	0.00000000000000000000e+000	1.13915465712820679909e-004	0.00000000000000000000e+000	1.98560000209836289287e+001	1	1
3.20925437500000000000e+005	0.00000000000000000000e+000	3.20920000000000000000e+005	1.22264173109999988148e-004	0.00000000000000000000e+000	1.10680892940000006774e+002	0.00000000000000000000e+000	-4.31791626534838767024e-005	0.00000000000000000000e+000	1.14385698139304230539e-004	0.00000000000000000000e+000	2.00330000210087746382e+001	1	1
3.20927562500000000000e+005	0.00000000000000000000e+000	3.20922000000000000000e+005	1.22619356259999988650e-004	0.00000000000000000000e+000	1.10478279110000002561e+002	0.00000000000000000000e+000	-4.28986554594666728802e-005	0.00000000000000000000e+000	1.14870413463984569831e-004	0.00000000000000000000e+000	2.02090000209864228964e+001	1	1
3.20929125000000000000e+005	0.00000000000000000000e+000	3.20924000000000000000e+005	1.23010817329999988653e-004	0.00000000000000000000e+000	1.10274398800000000165e+002	0.00000000000000000000e+000	-4.26252795705110617544e-005	0.00000000000000000000e+000	1.15389543381237103209e-004	0.00000000000000000000e+000	2.03840000210329890251e+001	1	1
3.20931062500000000000e+005	0.00000000000000000000e+000	3.20926000000000000000e+005	1.23429417729999991483e-004	0.00000000000000000000e+000	1.10041229250000000661e+002	0.00000000000000000000e+000	-4.22987941208187052662e-005	0.00000000000000000000e+000	1.15955306808664137565e-004	0.00000000000000000000e+000	2.05580000210320577025e+001	1	1
3.20932468750000000000e+005	0.00000000000000000000e+000	3.20928000000000000000e+005	1.23819860160000004686e-004	0.00000000000000000000e+000	1.09770767210000002478e+002	0.00000000000000000000e+000	-4.18830335086289214379e-005	0.00000000000000000000e+000	1.16521110851883924085e-004	0.00000000000000000000e+000	2.07330000209622085094e+001	1	1
3.20935406250000000000e+005	0.00000000000000000000e+000	3.20930000000000000000e+005	1.24225829499999989615e-004	0.00000000000000000000e+000	1.09498481749999996282e+002	0.00000000000000000000e+000	-4.14643271680503771497e-005	0.00000000000000000000e+000	1.17101521285865224913e-004	0.00000000000000000000e+000	2.09110000210348516703e+001	1	1
3.20937906250000000000e+005	0.00000000000000000000e+000	3.20932000000000000000e+005	1.24677404530000005174e-004	0.00000000000000000000e+000	1.09174308780000004049e+002	0.00000000000000000000e+000	-4.09494367407212760102e-005	0.00000000000000000000e+000	1.17760769490331260244e-004	0.00000000000000000000e+000	2.10870000210124999285e+001	1	1
3.20938937500000000000e+005	0.00000000000000000000e+000	3.20934000000000000000e+005	1.25087404739999995869e-004	0.00000000000000000000e+000	1.08809761050000005866e+002	0.00000000000000000000e+000	-4.03315483155115495008e-005	0.00000000000000000000e+000	1.18407031189292678039e-004	0.00000000000000000000e+000	2.12630000209901481867e+001	1	1
3.20940468750000000000e+005	0.00000000000000000000e+000	3.20936000000000000000e+005	1.25501901490000002939e-004	0.00000000000000000000e+000	1.08403015139999993721e+002	0.00000000000000000000e+000	-3.96208172247213764503e-005	0.00000000000000000000e+000	1.19083660172380017520e-004	0.00000000000000000000e+000	2.14400000210152938962e+001	1	1
3.20943437500000000000e+005	0.00000000000000000000e+000	3.20938000000000000000e+005	1.25896127429999998750e-004	0.00000000000000000000e+000	1.07964286799999996447e+002	0.00000000000000000000e+000	-3.88293995426863201544e-005	0.00000000000000000000e+000	1.19758559748459023921e-004	0.00000000000000000000e+000	2.16150000209454447031e+001	1	1
3.20945500000000000000e+005	0.00000000000000000000e+000	3.20940000000000000000e+005	1.26288054160000006148e-004	0.00000000000000000000e+000	1.07469680789999998183e+002	0.00000000000000000000e+000	-3.79118062677695523963e-005	0.00000000000000000000e+000	1.20463137801711788616e-004	0.00000000000000000000e+000	2.17900000209920108318e+001	1	1
3.20947437500000000000e+005	0.00000000000000000000e+000	3.20942000000000000000e+005	1.26636601640000011652e-004	0.00000000000000000000e+000	1.06908958440000006362e+002	0.00000000000000000000e+000	-3.68324786553937723863e-005	0.00000000000000000000e+000	1.21161864425354634414e-004	0.00000000000000000000e+000	2.19630000209435820580e+001	1	1
3.20950187500000000000e+005	0.00000000000000000000e+000	3.20944000000000000000e+005	1.26899831230000011920e-004	0.00000000000000000000e+000	1.06266914369999994960e+002	0.00000000000000000000e+000	-3.55462149109906028546e-005	0.00000000000000000000e+000	1.21819677276309329167e-004	0.00000000000000000000e+000	2.21380000209901481867e+001	1	1
3.20950687500000000000e+005	0.00000000000000000000e+000	3.20946000000000000000e+005	1.27077029900000000292e-004	0.00000000000000000000e+000	1.05551254270000001156e+002	0.00000000000000000000e+000	-3.40693847488703183243e-005	0.00000000000000000000e+000	1.22424869005602522535e-004	0.00000000000000000000e+000	2.23170000209938734770e+001	1	1
3.20953656250000000000e+005	0.00000000000000000000e+000	3.20948000000000000000e+005	1.27146777229999996799e-004	0.00000000000000000000e+000	1.04762031559999996944e+002	0.00000000000000000000e+000	-3.23976323765197692399e-005	0.00000000000000000000e+000	1.22949975097074012866e-004	0.00000000000000000000e+000	2.24930000209715217352e+001	1	1
3.20955937500000000000e+005	0.00000000000000000000e+000	3.20950000000000000000e+005	1.27026039989999999392e-004	0.00000000000000000000e+000	1.03894317630000003305e+002	0.00000000000000000000e+000	-3.05029839354298402834e-005	0.00000000000000000000e+000	1.23309297324151459149e-004	0.00000000000000000000e+000	2.26720000209752470255e+001	1	1
3.20956562500000000000e+005	0.00000000000000000000e+000	3.20952000000000000000e+005	1.26752376670000009183e-004	0.00000000000000000000e+000	1.02961280819999998926e+002	0.00000000000000000000e+000	-2.84296094858612369304e-005	0.00000000000000000000e+000	1.23522962626286585347e-004	0.00000000000000000000e+000	2.28490000210003927350e+001	1	1
3.20958781250000000000e+005	0.00000000000000000000e+000	3.20954000000000000000e+005	1.26222294060000008722e-004	0.00000000000000000000e+000	1.02009559629999998265e+002	0.00000000000000000000e+000	-2.62636860680344645723e-005	0.00000000000000000000e+000	1.23459654591647242320e-004	0.00000000000000000000e+000	2.30270000209566205740e+001	1	1
3.20961187500000000000e+005	0.00000000000000000000e+000	3.20956000000000000000e+005	1.25405596920000010890e-004	0.00000000000000000000e+000	1.00992591860000004544e+002	0.00000000000000000000e+000	-2.39125954708972012820e-005	0.00000000000000000000e+000	1.23104636454955435228e-004	0.00000000000000000000e+000	2.32030000209342688322e+001	1	1
3.20963562500000000000e+005	0.00000000000000000000e+000	3.20958000000000000000e+005	1.24269179649999993945e-004	0.00000000000000000000e+000	9.99649658200000033048e+001	0.00000000000000000000e+000	-2.15042774549612238327e-005	0.00000000000000000000e+000	1.22394424145971688874e-004	0.00000000000000000000e+000	2.33800000209594145417e+001	1	1
3.20965187500000000000e+005	0.00000000000000000000e+000	3.20960000000000000000e+005	1.22840661790000007549e-004	0.00000000000000000000e+000	9.89551849369999985129e+001	0.00000000000000000000e+000	-1.91216043717251973075e-005	0.00000000000000000000e+000	1.21343283436935184131e-004	0.00000000000000000000e+000	2.35540000209584832191e+001	1	1
3.20966531250000000000e+005	0.00000000000000000000e+000	3.20962000000000000000e+005	1.21118522659999997958e-004	0.00000000000000000000e+000	9.80037841799999966952e+001	0.00000000000000000000e+000	-1.68643584384072848419e-005	0.00000000000000000000e+000	1.19938692446607298738e-004	0.00000000000000000000e+000	2.37320000210311263800e+001	1	1
3.20969500000000000000e+005	0.00000000000000000000e+000	3.20964000000000000000e+005	1.19207841640000001822e-004	0.00000000000000000000e+000	9.71978988649999990912e+001	0.00000000000000000000e+000	-1.49363637404747967130e-005	0.00000000000000000000e+000	1.18268400457093985365e-004	0.00000000000000000000e+000	2.39170000209705904126e+001	1	1
3.20970906250000000000e+005	0.00000000000000000000e+000	3.20966000000000000000e+005	1.17096496980000004976e-004	0.00000000000000000000e+000	9.65179290770000051225e+001	0.00000000000000000000e+000	-1.32921022491129503361e-005	0.00000000000000000000e+000	1.16339630491016598991e-004	0.00000000000000000000e+000	2.40920000210171565413e+001	1	1
3.20973062500000000000e+005	0.00000000000000000000e+000	3.20968000000000000000e+005	1.14850823590000004361e-004	0.00000000000000000000e+000	9.59642791750000014872e+001	0.00000000000000000000e+000	-1.19339634656342027187e-005	0.00000000000000000000e+000	1.14229121485294663591e-004	0.00000000000000000000e+000	2.42670000209473073483e+001	1	1
3.20975343750000000000e+005	0.00000000000000000000e+000	3.20970000000000000000e+005	1.12547008029999996335e-004	0.00000000000000000000e+000	9.55764617920000034701e+001	0.00000000000000000000e+000	-1.09366434829767945869e-005	0.00000000000000000000e+000	1.12014368925737129649e-004	0.00000000000000000000e+000	2.44420000209938734770e+001	1	1
3.20976812500000000000e+005	0.00000000000000000000e+000	3.20972000000000000000e+005	1.10229113489999995101e-004	0.00000000000000000000e+000	9.53358154299999966952e+001	0.00000000000000000000e+000	-1.02505321805233450222e-005	0.00000000000000000000e+000	1.09751464914174852862e-004	0.00000000000000000000e+000	2.46160000209929421544e+001	1	1
3.20978906250000000000e+005	0.00000000000000000000e+000	3.20974000000000000000e+005	1.07988125820000004660e-004	0.00000000000000000000e+000	9.52582550049999952080e+001	0.00000000000000000000e+000	-9.89657849420782668526e-006	0.00000000000000000000e+000	1.07533683337938983570e-004	0.00000000000000000000e+000	2.47930000210180878639e+001	1	1
3.20981343750000000000e+005	0.00000000000000000000e+000	3.20976000000000000000e+005	1.05878163590000004112e-004	0.00000000000000000000e+000	9.53271255490000015698e+001	0.00000000000000000000e+000	-9.82993568929507819526e-006	0.00000000000000000000e+000	1.05420860789196395324e-004	0.00000000000000000000e+000	2.49700000209268182516e+001	1	1
3.20983218750000000000e+005	0.00000000000000000000e+000	3.20978000000000000000e+005	1.03880927780000003897e-004	0.00000000000000000000e+000	9.55343856810000033875e+001	0.00000000000000000000e+000	-1.00185973889696870699e-005	0.00000000000000000000e+000	1.03396686904326412276e-004	0.00000000000000000000e+000	2.51460000210208818316e+001	1	1
3.20986031250000000000e+005	0.00000000000000000000e+000	3.20980000000000000000e+005	1.02025223899999994189e-004	0.00000000000000000000e+000	9.58398132319999973561e+001	0.00000000000000000000e+000	-1.03808174960830148782e-005	0.00000000000000000000e+000	1.01495738531024777161e-004	0.00000000000000000000e+000	2.53230000209296122193e+001	1	1
3.20987625000000000000e+005	0.00000000000000000000e+000	3.20982000000000000000e+005	1.00384466350000005211e-004	0.00000000000000000000e+000	9.62466964719999964473e+001	0.00000000000000000000e+000	-1.09227867476284774259e-005	0.00000000000000000000e+000	9.97884452932307967725e-005	0.00000000000000000000e+000	2.55020000209333375096e+001	1	1
3.20988843750000000000e+005	0.00000000000000000000e+000	3.20984000000000000000e+005	9.88596730169999962602e-005	0.00000000000000000000e+000	9.67242889399999938860e+001	0.00000000000000000000e+000	-1.15756496334074064565e-005	0.00000000000000000000e+000	9.81796276454171217658e-005	0.00000000000000000000e+000	2.56770000209799036384e+001	1	1
3.20990906250000000000e+005	0.00000000000000000000e+000	3.20986000000000000000e+005	9.75674920479999971184e-005	0.00000000000000000000e+000	9.72646636959999995042e+001	0.00000000000000000000e+000	-1.23376844979944171407e-005	0.00000000000000000000e+000	9.67842809849021483209e-005	0.00000000000000000000e+000	2.58540000210050493479e+001	1	1
3.20992593750000000000e+005	0.00000000000000000000e+000	3.20988000000000000000e+005	9.64276259770000020513e-005	0.00000000000000000000e+000	9.78523178100000023960e+001	0.00000000000000000000e+000	-1.31739573613919452335e-005	0.00000000000000000000e+000	9.55234730262694670903e-005	0.00000000000000000000e+000	2.60290000209352001548e+001	1	1
3.20994781250000000000e+005	0.00000000000000000000e+000	3.20990000000000000000e+005	9.54478600759999993002e-005	0.00000000000000000000e+000	9.84597091669999997521e+001	0.00000000000000000000e+000	-1.40417033232013855194e-005	0.00000000000000000000e+000	9.44093457284334274925e-005	0.00000000000000000000e+000	2.62050000210292637348e+001	1	1
3.20996875000000000000e+005	0.00000000000000000000e+000	3.20992000000000000000e+005	9.46183354239999981159e-005	0.00000000000000000000e+000	9.91028060910000050399e+001	0.00000000000000000000e+000	-1.49692259416359436009e-005	0.00000000000000000000e+000	9.34267181972952919346e-005	0.00000000000000000000e+000	2.63790000210283324122e+001	1	1
3.20998593750000000000e+005	0.00000000000000000000e+000	3.20994000000000000000e+005	9.39097153599999944938e-005	0.00000000000000000000e+000	9.97367629999999962820e+001	0.00000000000000000000e+000	-1.58821780148528362154e-005	0.00000000000000000000e+000	9.25569611671685335596e-005	0.00000000000000000000e+000	2.65540000209584832191e+001	1	1
3.21000843750000000000e+005	0.00000000000000000000e+000	3.20996000000000000000e+005	9.33405608519999985912e-005	0.00000000000000000000e+000	1.00373123169999999504e+002	0.00000000000000000000e+000	-1.68066879433566503685e-005	0.00000000000000000000e+000	9.18150071640826283660e-005	0.00000000000000000000e+000	2.67300000209361314774e+001	1	1
3.21003343750000000000e+005	0.00000000000000000000e+000	3.20998000000000000000e+005	9.28627050600000004434e-005	0.00000000000000000000e+000	1.01001144409999994878e+002	0.00000000000000000000e+000	-1.77208574515752030815e-005	0.00000000000000000000e+000	9.11562022148877171886e-005	0.00000000000000000000e+000	2.69050000209826976061e+001	1	1
3.21005343750000000000e+005	0.00000000000000000000e+000	3.21000000000000000000e+005	9.24814812610000026817e-005	0.00000000000000000000e+000	1.01600868230000003223e+002	0.00000000000000000000e+000	-1.85973540460146854114e-005	0.00000000000000000000e+000	9.05922888479801914716e-005	0.00000000000000000000e+000	2.70800000210292637348e+001	1	1
3.21007281250000000000e+005	0.00000000000000000000e+000	3.21002000000000000000e+005	9.21675600689999939162e-005	0.00000000000000000000e+000	1.02199470520000005536e+002	0.00000000000000000000e+000	-1.94764556291597585463e-005	0.00000000000000000000e+000	9.00862187307142637518e-005	0.00000000000000000000e+000	2.72580000209854915738e+001	1	1
3.21009218750000000000e+005	0.00000000000000000000e+000	3.21004000000000000000e+005	9.19220328799999974404e-005	0.00000000000000000000e+000	1.02774147029999994629e+002	0.00000000000000000000e+000	-2.03247371894052642871e-005	0.00000000000000000000e+000	8.96468916749120094513e-005	0.00000000000000000000e+000	2.74350000210106372833e+001	1	1
3.21011687500000000000e+005	0.00000000000000000000e+000	3.21006000000000000000e+005	9.17760917220000006561e-005	0.00000000000000000000e+000	1.03330223079999996116e+002	0.00000000000000000000e+000	-2.11601728293072085586e-005	0.00000000000000000000e+000	8.93034047368789082270e-005	0.00000000000000000000e+000	2.76130000209668651223e+001	1	1
3.21012781250000000000e+005	0.00000000000000000000e+000	3.21008000000000000000e+005	9.16520584719999971456e-005	0.00000000000000000000e+000	1.03855552669999994464e+002	0.00000000000000000000e+000	-2.19483679729111686601e-005	0.00000000000000000000e+000	8.89852176795707689328e-005	0.00000000000000000000e+000	2.77920000209705904126e+001	1	1
3.21014031250000000000e+005	0.00000000000000000000e+000	3.21010000000000000000e+005	9.16087519730000030341e-005	0.00000000000000000000e+000	1.04376953119999996034e+002	0.00000000000000000000e+000	-2.27464742077168414005e-005	0.00000000000000000000e+000	8.87398520912014224238e-005	0.00000000000000000000e+000	2.79690000209957361221e+001	1	1
3.21016187500000000000e+005	0.00000000000000000000e+000	3.21012000000000000000e+005	9.15946293389999986441e-005	0.00000000000000000000e+000	1.04858207699999994134e+002	0.00000000000000000000e+000	-2.34874099467841713259e-005	0.00000000000000000000e+000	8.85320151004172261125e-005	0.00000000000000000000e+000	2.81480000209994614124e+001	1	1
3.21019468750000000000e+005	0.00000000000000000000e+000	3.21014000000000000000e+005	9.16235730980000052850e-005	0.00000000000000000000e+000	1.05329528809999999339e+002	0.00000000000000000000e+000	-2.42225325772037762995e-005	0.00000000000000000000e+000	8.83637259444782169424e-005	0.00000000000000000000e+000	2.83230000209296122193e+001	1	1
3.21020781250000000000e+005	0.00000000000000000000e+000	3.21016000000000000000e+005	9.16916324060000040340e-005	0.00000000000000000000e+000	1.05758377080000002479e+002	0.00000000000000000000e+000	-2.49017175948928947359e-005	0.00000000000000000000e+000	8.82454526539539716454e-005	0.00000000000000000000e+000	2.84940000210190191865e+001	1	1
3.21023625000000000000e+005	0.00000000000000000000e+000	3.21018000000000000000e+005	9.17531724550000015719e-005	0.00000000000000000000e+000	1.06185104370000004792e+002	0.00000000000000000000e+000	-2.55754087745022996652e-005	0.00000000000000000000e+000	8.81166449745681193938e-005	0.00000000000000000000e+000	2.86690000209491699934e+001	1	1
3.21025750000000000000e+005	0.00000000000000000000e+000	3.21020000000000000000e+005	9.18692967390000007639e-005	0.00000000000000000000e+000	1.06580528259999994134e+002	0.00000000000000000000e+000	-2.62160649084002838369e-005	0.00000000000000000000e+000	8.80493363066240253972e-005	0.00000000000000000000e+000	2.88440000209957361221e+001	1	1
3.21026187500000000000e+005	0.00000000000000000000e+000	3.21022000000000000000e+005	9.20036400200000036367e-005	0.00000000000000000000e+000	1.06965934750000002396e+002	0.00000000000000000000e+000	-2.68469428507282033194e-005	0.00000000000000000000e+000	8.79994967968537861571e-005	0.00000000000000000000e+000	2.90200000209733843803e+001	1	1
3.21030031250000000000e+005	0.00000000000000000000e+000	3.21024000000000000000e+005	9.21278406169999934281e-005	0.00000000000000000000e+000	1.07314773560000006114e+002	0.00000000000000000000e+000	-2.74191815399218005906e-005	0.00000000000000000000e+000	8.79529846021848458288e-005	0.00000000000000000000e+000	2.91960000209510326385e+001	1	1
3.21030687500000000000e+005	0.00000000000000000000e+000	3.21026000000000000000e+005	9.23238476389999957209e-005	0.00000000000000000000e+000	1.07649383540000002313e+002	0.00000000000000000000e+000	-2.79917881206398829082e-005	0.00000000000000000000e+000	8.79781372880699812653e-005	0.00000000000000000000e+000	2.93730000209761783481e+001	1	1
3.21032750000000000000e+005	0.00000000000000000000e+000	3.21028000000000000000e+005	9.24944542930000002763e-005	0.00000000000000000000e+000	1.07972236629999997604e+002	0.00000000000000000000e+000	-2.85397263754890261728e-005	0.00000000000000000000e+000	8.79812939969177904183e-005	0.00000000000000000000e+000	2.95500000210013240576e+001	1	1
3.21034750000000000000e+005	0.00000000000000000000e+000	3.21030000000000000000e+005	9.26891443669999962615e-005	0.00000000000000000000e+000	1.08264656070000000909e+002	0.00000000000000000000e+000	-2.90493984454723481754e-005	0.00000000000000000000e+000	8.80193724894852593107e-005	0.00000000000000000000e+000	2.97270000210264697671e+001	1	1
3.21037500000000000000e+005	0.00000000000000000000e+000	3.21032000000000000000e+005	9.29059387999999977551e-005	0.00000000000000000000e+000	1.08553474429999994300e+002	0.00000000000000000000e+000	-2.95617000229492923684e-005	0.00000000000000000000e+000	8.80773487115870485839e-005	0.00000000000000000000e+000	2.99020000209566205740e+001	1	1
3.21039906250000000000e+005	0.00000000000000000000e+000	3.21034000000000000000e+005	9.31114991540000038524e-005	0.00000000000000000000e+000	1.08817047119999998017e+002	0.00000000000000000000e+000	-3.00328631454935284948e-005	0.00000000000000000000e+000	8.81350010267737001522e-005	0.00000000000000000000e+000	3.00770000210031867027e+001	1	1
3.21041406250000000000e+005	0.00000000000000000000e+000	3.21036000000000000000e+005	9.33273186090000051937e-005	0.00000000000000000000e+000	1.09063545230000002562e+002	0.00000000000000000000e+000	-3.04822489624811279285e-005	0.00000000000000000000e+000	8.82089615454978394002e-005	0.00000000000000000000e+000	3.02530000209808349609e+001	1	1
3.21042875000000000000e+005	0.00000000000000000000e+000	3.21038000000000000000e+005	9.35534335439999932419e-005	0.00000000000000000000e+000	1.09289993289999998183e+002	0.00000000000000000000e+000	-3.09053320612466870154e-005	0.00000000000000000000e+000	8.83012195728671790609e-005	0.00000000000000000000e+000	3.04310000209370627999e+001	1	1
3.21044656250000000000e+005	0.00000000000000000000e+000	3.21040000000000000000e+005	9.38110315469999978336e-005	0.00000000000000000000e+000	1.09507888789999995538e+002	0.00000000000000000000e+000	-3.13269381622312146013e-005	0.00000000000000000000e+000	8.84258592567353519367e-005	0.00000000000000000000e+000	3.06050000209361314774e+001	1	1
3.21046593750000000000e+005	0.00000000000000000000e+000	3.21042000000000000000e+005	9.40289392020000007856e-005	0.00000000000000000000e+000	1.09718536380000003305e+002	0.00000000000000000000e+000	-3.17253448474113944680e-005	0.00000000000000000000e+000	8.85152184755041965660e-005	0.00000000000000000000e+000	3.07810000210301950574e+001	1	1
3.21049062500000000000e+005	0.00000000000000000000e+000	3.21044000000000000000e+005	9.42524129639999965142e-005	0.00000000000000000000e+000	1.09911865230000003635e+002	0.00000000000000000000e+000	-3.20999433388070447336e-005	0.00000000000000000000e+000	8.86177803106226035391e-005	0.00000000000000000000e+000	3.09600000210339203477e+001	1	1
3.21051593750000000000e+005	0.00000000000000000000e+000	3.21046000000000000000e+005	9.44659259400000052027e-005	0.00000000000000000000e+000	1.10086502080000002479e+002	0.00000000000000000000e+000	-3.24432283006075185402e-005	0.00000000000000000000e+000	8.87200546727526847407e-005	0.00000000000000000000e+000	3.11350000209640711546e+001	1	1
3.21053781250000000000e+005	0.00000000000000000000e+000	3.21048000000000000000e+005	9.46979562289999989922e-005	0.00000000000000000000e+000	1.10253540040000004296e+002	0.00000000000000000000e+000	-3.27820642499391691070e-005	0.00000000000000000000e+000	8.88427778576427595999e-005	0.00000000000000000000e+000	3.13120000209892168641e+001	1	1
3.21055125000000000000e+005	0.00000000000000000000e+000	3.21050000000000000000e+005	9.48923698160000062387e-005	0.00000000000000000000e+000	1.10417716979999994464e+002	0.00000000000000000000e+000	-3.31043253921411561192e-005	0.00000000000000000000e+000	8.89306780004951334326e-005	0.00000000000000000000e+000	3.14920000209240242839e+001	1	1
3.21057062500000000000e+005	0.00000000000000000000e+000	3.21052000000000000000e+005	9.51451875149999989076e-005	0.00000000000000000000e+000	1.10560989379999995208e+002	0.00000000000000000000e+000	-3.34153901372232249177e-005	0.00000000000000000000e+000	8.90843331301395248379e-005	0.00000000000000000000e+000	3.16660000209230929613e+001	1	1
3.21058937500000000000e+005	0.00000000000000000000e+000	3.21054000000000000000e+005	9.53544877119999993590e-005	0.00000000000000000000e+000	1.10705398560000006114e+002	0.00000000000000000000e+000	-3.37138141039400437895e-005	0.00000000000000000000e+000	8.91956112450771387628e-005	0.00000000000000000000e+000	3.18410000209696590900e+001	1	1
3.21060750000000000000e+005	0.00000000000000000000e+000	3.21056000000000000000e+005	9.55586438070000029248e-005	0.00000000000000000000e+000	1.10836845400000001405e+002	0.00000000000000000000e+000	-3.39909759596609584880e-005	0.00000000000000000000e+000	8.93088347227912870280e-005	0.00000000000000000000e+000	3.20160000210162252188e+001	1	1
3.21063000000000000000e+005	0.00000000000000000000e+000	3.21058000000000000000e+005	9.57595839280000039970e-005	0.00000000000000000000e+000	1.10965934750000002396e+002	0.00000000000000000000e+000	-3.42640043181830004871e-005	0.00000000000000000000e+000	8.94196618319886870393e-005	0.00000000000000000000e+000	3.21890000209677964449e+001	1	1
3.21065562500000000000e+005	0.00000000000000000000e+000	3.21060000000000000000e+005	9.59723111010000047268e-005	0.00000000000000000000e+000	1.11071456909999994878e+002	0.00000000000000000000e+000	-3.45051133375522161217e-005	0.00000000000000000000e+000	8.95549085847883828823e-005	0.00000000000000000000e+000	3.23610000209882855415e+001	1	1
3.21067281250000000000e+005	0.00000000000000000000e+000	3.21062000000000000000e+005	9.61645564529999935218e-005	0.00000000000000000000e+000	1.11182518009999995456e+002	0.00000000000000000000e+000	-3.47481059590069019907e-005	0.00000000000000000000e+000	8.96671124218007307245e-005	0.00000000000000000000e+000	3.25360000210348516703e+001	1	1
3.21069500000000000000e+005	0.00000000000000000000e+000	3.21064000000000000000e+005	9.63925122049999932904e-005	0.00000000000000000000e+000	1.11285697940000005701e+002	0.00000000000000000000e+000	-3.49922768892585575248e-005	0.00000000000000000000e+000	8.98167966880167274258e-005	0.00000000000000000000e+000	3.27110000209650024772e+001	1	1
3.21070812500000000000e+005	0.00000000000000000000e+000	3.21066000000000000000e+005	9.65591170830000012672e-005	0.00000000000000000000e+000	1.11386260989999996696e+002	0.00000000000000000000e+000	-3.52106184758490631205e-005	0.00000000000000000000e+000	8.99103744759007124376e-005	0.00000000000000000000e+000	3.28860000210115686059e+001	1	1
3.21073656250000000000e+005	0.00000000000000000000e+000	3.21068000000000000000e+005	9.67634114200000054968e-005	0.00000000000000000000e+000	1.11477233889999993721e+002	0.00000000000000000000e+000	-3.54281302079115782049e-005	0.00000000000000000000e+000	9.00444633478786002085e-005	0.00000000000000000000e+000	3.30620000209892168641e+001	1	1
3.21074500000000000000e+005	0.00000000000000000000e+000	3.21070000000000000000e+005	9.69353422989999960642e-005	0.00000000000000000000e+000	1.11568862920000000827e+002	0.00000000000000000000e+000	-3.56352915803050601185e-005	0.00000000000000000000e+000	9.01475822227692125555e-005	0.00000000000000000000e+000	3.32380000209668651223e+001	1	1
3.21077031250000000000e+005	0.00000000000000000000e+000	3.21072000000000000000e+005	9.71306726570000060874e-005	0.00000000000000000000e+000	1.11632843019999995704e+002	0.00000000000000000000e+000	-3.58079438330528759316e-005	0.00000000000000000000e+000	9.02893057302481407507e-005	0.00000000000000000000e+000	3.34140000209445133805e+001	1	1
3.21078812500000000000e+005	0.00000000000000000000e+000	3.21074000000000000000e+005	9.72860361799999986271e-005	0.00000000000000000000e+000	1.11724273679999996034e+002	0.00000000000000000000e+000	-3.60094850916535934456e-005	0.00000000000000000000e+000	9.03763786564290642596e-005	0.00000000000000000000e+000	3.35910000209696590900e+001	1	1
3.21081343750000000000e+005	0.00000000000000000000e+000	3.21076000000000000000e+005	9.74747745199999970868e-005	0.00000000000000000000e+000	1.11800041199999995456e+002	0.00000000000000000000e+000	-3.61990581009709577178e-005	0.00000000000000000000e+000	9.05039217952867050673e-005	0.00000000000000000000e+000	3.37720000209519639611e+001	1	1
3.21083000000000000000e+005	0.00000000000000000000e+000	3.21078000000000000000e+005	9.76306182569999970880e-005	0.00000000000000000000e+000	1.11862495420000001900e+002	0.00000000000000000000e+000	-3.63557218668346182134e-005	0.00000000000000000000e+000	9.06090454026827520897e-005	0.00000000000000000000e+000	3.39470000209985300899e+001	1	1
3.21085312500000000000e+005	0.00000000000000000000e+000	3.21080000000000000000e+005	9.78027383100000066328e-005	0.00000000000000000000e+000	1.11944869999999994548e+002	0.00000000000000000000e+000	-3.65502772799764866500e-005	0.00000000000000000000e+000	9.07163317803976062235e-005	0.00000000000000000000e+000	3.41210000209975987673e+001	1	1
3.21087125000000000000e+005	0.00000000000000000000e+000	3.21082000000000000000e+005	9.79518954410000055894e-005	0.00000000000000000000e+000	1.11987136840000005122e+002	0.00000000000000000000e+000	-3.66730325499130613157e-005	0.00000000000000000000e+000	9.08276527500166935402e-005	0.00000000000000000000e+000	3.42960000209277495742e+001	1	1
3.21088625000000000000e+005	0.00000000000000000000e+000	3.21084000000000000000e+005	9.81105113170000056383e-005	0.00000000000000000000e+000	1.12060157779999997274e+002	0.00000000000000000000e+000	-3.68483314924593539593e-005	0.00000000000000000000e+000	9.09278444542980108503e-005	0.00000000000000000000e+000	3.44680000209482386708e+001	1	1
3.21091156250000000000e+005	0.00000000000000000000e+000	3.21086000000000000000e+005	9.82825949899999962937e-005	0.00000000000000000000e+000	1.12103385930000001736e+002	0.00000000000000000000e+000	-3.69816751203899077727e-005	0.00000000000000000000e+000	9.10594541124550471874e-005	0.00000000000000000000e+000	3.46430000209948047996e+001	1	1
3.21093281250000000000e+005	0.00000000000000000000e+000	3.21088000000000000000e+005	9.84271900960000014746e-005	0.00000000000000000000e+000	1.12155746460000003140e+002	0.00000000000000000000e+000	-3.71194060954034812569e-005	0.00000000000000000000e+000	9.11595384000963692567e-005	0.00000000000000000000e+000	3.48220000209985300899e+001	1	1
3.21095062500000000000e+005	0.00000000000000000000e+000	3.21090000000000000000e+005	9.85631486400000053063e-005	0.00000000000000000000e+000	1.12206398010000000909e+002	0.00000000000000000000e+000	-3.72513646567704842147e-005	0.00000000000000000000e+000	9.12525621615034235453e-005	0.00000000000000000000e+000	3.50000000209547579288e+001	1	1
3.21096937500000000000e+005	0.00000000000000000000e+000	3.21092000000000000000e+005	9.87074745350000011318e-005	0.00000000000000000000e+000	1.12256843570000000909e+002	0.00000000000000000000e+000	-3.73863574652510480809e-005	0.00000000000000000000e+000	9.13533020999139503196e-005	0.00000000000000000000e+000	3.51760000209324061871e+001	1	1
3.21099437500000000000e+005	0.00000000000000000000e+000	3.21094000000000000000e+005	9.88339234029999994316e-005	0.00000000000000000000e+000	1.12295616150000000744e+002	0.00000000000000000000e+000	-3.74961413638450223379e-005	0.00000000000000000000e+000	9.14449768880315412871e-005	0.00000000000000000000e+000	3.53570000210311263800e+001	1	1
3.21101781250000000000e+005	0.00000000000000000000e+000	3.21096000000000000000e+005	9.89693726299999972746e-005	0.00000000000000000000e+000	1.12349037170000002561e+002	0.00000000000000000000e+000	-3.76328901269034954208e-005	0.00000000000000000000e+000	9.15352516764563243178e-005	0.00000000000000000000e+000	3.55310000210301950574e+001	1	1
3.21103250000000000000e+005	0.00000000000000000000e+000	3.21098000000000000000e+005	9.91080087259999984416e-005	0.00000000000000000000e+000	1.12384323120000004792e+002	0.00000000000000000000e+000	-3.77420505528384712056e-005	0.00000000000000000000e+000	9.16402477828376338907e-005	0.00000000000000000000e+000	3.57070000210078433156e+001	1	1
3.21104906250000000000e+005	0.00000000000000000000e+000	3.21100000000000000000e+005	9.92275745379999973362e-005	0.00000000000000000000e+000	1.12422470090000004461e+002	0.00000000000000000000e+000	-3.78486616981344169445e-005	0.00000000000000000000e+000	9.17256254072683791531e-005	0.00000000000000000000e+000	3.58830000209854915738e+001	1	1
3.21107125000000000000e+005	0.00000000000000000000e+000	3.21102000000000000000e+005	9.93394423860000032496e-005	0.00000000000000000000e+000	1.12459297179999992977e+002	0.00000000000000000000e+000	-3.79503474215120176704e-005	0.00000000000000000000e+000	9.18046618867906328654e-005	0.00000000000000000000e+000	3.60580000210320577025e+001	1	1
3.21109406250000000000e+005	0.00000000000000000000e+000	3.21104000000000000000e+005	9.94625152090000057108e-005	0.00000000000000000000e+000	1.12497360229999998182e+002	0.00000000000000000000e+000	-3.80584199116313796679e-005	0.00000000000000000000e+000	9.18931368793692715654e-005	0.00000000000000000000e+000	3.62330000209622085094e+001	1	1
3.21111781250000000000e+005	0.00000000000000000000e+000	3.21106000000000000000e+005	9.95924201560000028162e-005	0.00000000000000000000e+000	1.12521446229999995126e+002	0.00000000000000000000e+000	-3.81468039707795957775e-005	0.00000000000000000000e+000	9.19971276689883981454e-005	0.00000000000000000000e+000	3.64080000210087746382e+001	1	1
3.21113437500000000000e+005	0.00000000000000000000e+000	3.21108000000000000000e+005	9.97012248259999934140e-005	0.00000000000000000000e+000	1.12569435119999994299e+002	0.00000000000000000000e+000	-3.82656036056898857549e-005	0.00000000000000000000e+000	9.20656168854410653785e-005	0.00000000000000000000e+000	3.65830000209389254451e+001	1	1
3.21114968750000000000e+005	0.00000000000000000000e+000	3.21110000000000000000e+005	9.98121322479999985994e-005	0.00000000000000000000e+000	1.12585304260000000909e+002	0.00000000000000000000e+000	-3.83336963719052358857e-005	0.00000000000000000000e+000	9.21574167734687558703e-005	0.00000000000000000000e+000	3.67610000210115686059e+001	1	1
3.21116625000000000000e+005	0.00000000000000000000e+000	3.21112000000000000000e+005	9.99213370960000066019e-005	0.00000000000000000000e+000	1.12627792360000000826e+002	0.00000000000000000000e+000	-3.84440416320104067687e-005	0.00000000000000000000e+000	9.22297634717162139210e-005	0.00000000000000000000e+000	3.69390000209677964449e+001	1	1
3.21118968750000000000e+005	0.00000000000000000000e+000	3.21114000000000000000e+005	1.00018514790000006046e-004	0.00000000000000000000e+000	1.12656578060000001074e+002	0.00000000000000000000e+000	-3.85278069977574428012e-005	0.00000000000000000000e+000	9.23001158652631513435e-005	0.00000000000000000000e+000	3.71140000210143625736e+001	1	1
3.21120687500000000000e+005	0.00000000000000000000e+000	3.21116000000000000000e+005	1.00133678640000001940e-004	0.00000000000000000000e+000	1.12681770319999998264e+002	0.00000000000000000000e+000	-3.86127951307327696570e-005	0.00000000000000000000e+000	9.23894239086425490392e-005	0.00000000000000000000e+000	3.72900000209920108318e+001	1	1
3.21123375000000000000e+005	0.00000000000000000000e+000	3.21118000000000000000e+005	1.00248740640000006362e-004	0.00000000000000000000e+000	1.12711982730000002562e+002	0.00000000000000000000e+000	-3.87059325760788429621e-005	0.00000000000000000000e+000	9.24751900961659386831e-005	0.00000000000000000000e+000	3.74650000210385769606e+001	1	1
3.21125281250000000000e+005	0.00000000000000000000e+000	3.21120000000000000000e+005	1.00339486379999998891e-004	0.00000000000000000000e+000	1.12733085630000005040e+002	0.00000000000000000000e+000	-3.87750576200744499376e-005	0.00000000000000000000e+000	9.25446240122143105357e-005	0.00000000000000000000e+000	3.76400000209687277675e+001	1	1
3.21127375000000000000e+005	0.00000000000000000000e+000	3.21122000000000000000e+005	1.00447126899999998107e-004	0.00000000000000000000e+000	1.12772125239999994051e+002	0.00000000000000000000e+000	-3.88797698139726027032e-005	0.00000000000000000000e+000	9.26174324934415704519e-005	0.00000000000000000000e+000	3.78270000210031867027e+001	1	1
3.21129125000000000000e+005	0.00000000000000000000e+000	3.21124000000000000000e+005	1.00528981419999993230e-004	0.00000000000000000000e+000	1.12778198239999994712e+002	0.00000000000000000000e+000	-3.89212776577401518949e-005	0.00000000000000000000e+000	9.26887816881406665552e-005	0.00000000000000000000e+000	3.80010000210022553802e+001	1	1
3.21131125000000000000e+005	0.00000000000000000000e+000	3.21126000000000000000e+005	1.00596771519999997140e-004	0.00000000000000000000e+000	1.12808876040000001240e+002	0.00000000000000000000e+000	-3.89971797008348801264e-005	0.00000000000000000000e+000	9.27304179631898030768e-005	0.00000000000000000000e+000	3.81750000210013240576e+001	1	1
3.21133437500000000000e+005	0.00000000000000000000e+000	3.21128000000000000000e+005	1.00712961279999997947e-004	0.00000000000000000000e+000	1.12823043819999995208e+002	0.00000000000000000000e+000	-3.90651767820457751566e-005	0.00000000000000000000e+000	9.28278650663381943442e-005	0.00000000000000000000e+000	3.83520000210264697671e+001	1	1
3.21135593750000000000e+005	0.00000000000000000000e+000	3.21130000000000000000e+005	1.00804638349999994926e-004	0.00000000000000000000e+000	1.12843032840000006445e+002	0.00000000000000000000e+000	-3.91331494078054969391e-005	0.00000000000000000000e+000	9.28987175923363456753e-005	0.00000000000000000000e+000	3.85270000209566205740e+001	1	1
3.21137687500000000000e+005	0.00000000000000000000e+000	3.21132000000000000000e+005	1.00898141680000002596e-004	0.00000000000000000000e+000	1.12864654540000003635e+002	0.00000000000000000000e+000	-3.92045350352766957809e-005	0.00000000000000000000e+000	9.29700996403957599136e-005	0.00000000000000000000e+000	3.87030000209342688322e+001	1	1
3.21139281250000000000e+005	0.00000000000000000000e+000	3.21134000000000000000e+005	1.00960220150000004971e-004	0.00000000000000000000e+000	1.12876548769999999422e+002	0.00000000000000000000e+000	-3.92479669854619913770e-005	0.00000000000000000000e+000	9.30191546953881571568e-005	0.00000000000000000000e+000	3.88810000210069119930e+001	1	1
3.21141906250000000000e+005	0.00000000000000000000e+000	3.21136000000000000000e+005	1.01029123469999996144e-004	0.00000000000000000000e+000	1.12908439639999997439e+002	0.00000000000000000000e+000	-3.93265567064642146910e-005	0.00000000000000000000e+000	9.30607636264057136617e-005	0.00000000000000000000e+000	3.90590000209631398320e+001	1	1
3.21143562500000000000e+005	0.00000000000000000000e+000	3.21138000000000000000e+005	1.01108831589999994529e-004	0.00000000000000000000e+000	1.12919990540000000578e+002	0.00000000000000000000e+000	-3.93763590243914715812e-005	0.00000000000000000000e+000	9.31262485847959251310e-005	0.00000000000000000000e+000	3.92340000210097059608e+001	1	1
3.21144312500000000000e+005	0.00000000000000000000e+000	3.21140000000000000000e+005	1.01199657370000005506e-004	0.00000000000000000000e+000	1.12931137079999999173e+002	0.00000000000000000000e+000	-3.94298633621034260192e-005	0.00000000000000000000e+000	9.32022345603969503205e-005	0.00000000000000000000e+000	3.94120000209659337997e+001	1	1
3.21148062500000000000e+005	0.00000000000000000000e+000	3.21142000000000000000e+005	1.01285426349999999377e-004	0.00000000000000000000e+000	1.12953132629999998926e+002	0.00000000000000000000e+000	-3.94990883209195433419e-005	0.00000000000000000000e+000	9.32660689249711563490e-005	0.00000000000000000000e+000	3.95870000210124999285e+001	1	1
3.21149312500000000000e+005	0.00000000000000000000e+000	3.21144000000000000000e+005	1.01361161800000000675e-004	0.00000000000000000000e+000	1.12961479190000005701e+002	0.00000000000000000000e+000	-3.95422197502371197491e-005	0.00000000000000000000e+000	9.33300486374551228463e-005	0.00000000000000000000e+000	3.97650000209687277675e+001	1	1
3.21151093750000000000e+005	0.00000000000000000000e+000	3.21146000000000000000e+005	1.01440353319999997887e-004	0.00000000000000000000e+000	1.12986618039999996199e+002	0.00000000000000000000e+000	-3.96140905963286810653e-005	0.00000000000000000000e+000	9.33855936850663191336e-005	0.00000000000000000000e+000	3.99390000209677964449e+001	1	1
3.21153187500000000000e+005	0.00000000000000000000e+000	3.21148000000000000000e+005	1.01515513959999999672e-004	0.00000000000000000000e+000	1.12988235470000006444e+002	0.00000000000000000000e+000	-3.96460801999943773344e-005	0.00000000000000000000e+000	9.34536671262212642651e-005	0.00000000000000000000e+000	4.01140000210143625736e+001	1	1
3.21155531250000000000e+005	0.00000000000000000000e+000	3.21150000000000000000e+005	1.01555924630000006048e-004	0.00000000000000000000e+000	1.13015914920000000166e+002	0.00000000000000000000e+000	-3.97070228448722793626e-005	0.00000000000000000000e+000	9.34716971294040084150e-005	0.00000000000000000000e+000	4.02930000210180878639e+001	1	1
