Fext	FextSD	Fgen	R	RSD	Theta	ThetaSD	X	XSD	Y	YSD	Time	Interval	Round
3.20705031250000000000e+005	0.00000000000000000000e+000	3.20700000000000000000e+005	1.11166984419999996959e-004	0.00000000000000000000e+000	1.13429000849999994216e+002	0.00000000000000000000e+000	-4.42013647757651145136e-005	0.00000000000000000000e+000	1.02001655756150702808e-004	0.00000000000000000000e+000	6.33000104920938611031e-001	1	1
3.20707125000000000000e+005	0.00000000000000000000e+000	3.20702000000000000000e+005	1.11431771070000002095e-004	0.00000000000000000000e+000	1.13433845520000005536e+002	0.00000000000000000000e+000	-4.43152923950557300426e-005	0.00000000000000000000e+000	1.02240864940285027451e-004	0.00000000000000000000e+000	8.11000104877166450024e-001	1	1
3.20709468750000000000e+005	0.00000000000000000000e+000	3.20704000000000000000e+005	1.11448985989999994829e-004	0.00000000000000000000e+000	1.13435897830000001818e+002	0.00000000000000000000e+000	-4.43258013560183267046e-005	0.00000000000000000000e+000	1.02255072306199157415e-004	0.00000000000000000000e+000	9.97000104864127933979e-001	1	1
3.20710531250000000000e+005	0.00000000000000000000e+000	3.20706000000000000000e+005	1.11466601080000002398e-004	0.00000000000000000000e+000	1.13439071659999996200e+002	0.00000000000000000000e+000	-4.43384724011941188629e-005	0.00000000000000000000e+000	1.02268778331690281215e-004	0.00000000000000000000e+000	1.17600010486785322428e+000	1	1
3.20712875000000000000e+005	0.00000000000000000000e+000	3.20708000000000000000e+005	1.11498127810000005589e-004	0.00000000000000000000e+000	1.13432495119999998678e+002	0.00000000000000000000e+000	-4.43392706472017225161e-005	0.00000000000000000000e+000	1.02302793625635136628e-004	0.00000000000000000000e+000	1.35500010487157851458e+000	1	1
3.20714562500000000000e+005	0.00000000000000000000e+000	3.20710000000000000000e+005	1.11529952850000001825e-004	0.00000000000000000000e+000	1.13430664059999998017e+002	0.00000000000000000000e+000	-4.43486561055746718058e-005	0.00000000000000000000e+000	1.02333411378457907366e-004	0.00000000000000000000e+000	1.53300010494422167540e+000	1	1
3.20717250000000000000e+005	0.00000000000000000000e+000	3.20712000000000000000e+005	1.11571687740000006161e-004	0.00000000000000000000e+000	1.13422584529999994629e+002	0.00000000000000000000e+000	-4.43508151990421614717e-005	0.00000000000000000000e+000	1.02377960012555818637e-004	0.00000000000000000000e+000	1.71100010490044951439e+000	1	1
3.20718500000000000000e+005	0.00000000000000000000e+000	3.20714000000000000000e+005	1.11608344010000003601e-004	0.00000000000000000000e+000	1.13429367069999997852e+002	0.00000000000000000000e+000	-4.43775093511117698546e-005	0.00000000000000000000e+000	1.02406343145561507446e-004	0.00000000000000000000e+000	1.88700010487809777260e+000	1	1
3.20720500000000000000e+005	0.00000000000000000000e+000	3.20716000000000000000e+005	1.11613393529999999380e-004	0.00000000000000000000e+000	1.13428108219999998596e+002	0.00000000000000000000e+000	-4.43772670420383019566e-005	0.00000000000000000000e+000	1.02411951378548918105e-004	0.00000000000000000000e+000	2.05800010485108941793e+000	1	1
3.20722687500000000000e+005	0.00000000000000000000e+000	3.20718000000000000000e+005	1.11635592479999995333e-004	0.00000000000000000000e+000	1.13418945309999998017e+002	0.00000000000000000000e+000	-4.43697114552284044438e-005	0.00000000000000000000e+000	1.02439417285244281273e-004	0.00000000000000000000e+000	2.22900010494049638510e+000	1	1
3.20725343750000000000e+005	0.00000000000000000000e+000	3.20720000000000000000e+005	1.11671914059999994391e-004	0.00000000000000000000e+000	1.13423133849999999256e+002	0.00000000000000000000e+000	-4.43916385443244673639e-005	0.00000000000000000000e+000	1.02469501887996261645e-004	0.00000000000000000000e+000	2.40500010491814464331e+000	1	1
3.20727125000000000000e+005	0.00000000000000000000e+000	3.20722000000000000000e+005	1.11698922409999998545e-004	0.00000000000000000000e+000	1.13418342589999994630e+002	0.00000000000000000000e+000	-4.43938037983652766848e-005	0.00000000000000000000e+000	1.02497997306617895656e-004	0.00000000000000000000e+000	2.58100010489579290152e+000	1	1
3.20729843750000000000e+005	0.00000000000000000000e+000	3.20724000000000000000e+005	1.11735585960000003759e-004	0.00000000000000000000e+000	1.13409675599999999918e+002	0.00000000000000000000e+000	-4.43928652061719502208e-005	0.00000000000000000000e+000	1.02538357157754366866e-004	0.00000000000000000000e+000	2.75800010492093861103e+000	1	1
3.20731281250000000000e+005	0.00000000000000000000e+000	3.20726000000000000000e+005	1.11754095999999996888e-004	0.00000000000000000000e+000	1.13409164430000004131e+002	0.00000000000000000000e+000	-4.43993043381047522628e-005	0.00000000000000000000e+000	1.02555739708070779888e-004	0.00000000000000000000e+000	2.93600010487716645002e+000	1	1
3.20733625000000000000e+005	0.00000000000000000000e+000	3.20728000000000000000e+005	1.11803499749999995356e-004	0.00000000000000000000e+000	1.13412155150000003800e+002	0.00000000000000000000e+000	-4.44242876849022068006e-005	0.00000000000000000000e+000	1.02598758374735198463e-004	0.00000000000000000000e+000	3.11400010494980961084e+000	1	1
3.20734937500000000000e+005	0.00000000000000000000e+000	3.20730000000000000000e+005	1.11834247949999996113e-004	0.00000000000000000000e+000	1.13401062010000003966e+002	0.00000000000000000000e+000	-4.44166346255376234668e-005	0.00000000000000000000e+000	1.02635576595465040839e-004	0.00000000000000000000e+000	3.29100010485853999853e+000	1	1
3.20736843750000000000e+005	0.00000000000000000000e+000	3.20732000000000000000e+005	1.11870773249999998092e-004	0.00000000000000000000e+000	1.13389122009999994134e+002	0.00000000000000000000e+000	-4.44097447766568926815e-005	0.00000000000000000000e+000	1.02678354468822250227e-004	0.00000000000000000000e+000	3.47000010486226528883e+000	1	1
3.20739843750000000000e+005	0.00000000000000000000e+000	3.20734000000000000000e+005	1.11907815150000001245e-004	0.00000000000000000000e+000	1.13397369380000000660e+002	0.00000000000000000000e+000	-4.44392337752598984009e-005	0.00000000000000000000e+000	1.02705956950482519565e-004	0.00000000000000000000e+000	3.64500010490883141756e+000	1	1
3.20741375000000000000e+005	0.00000000000000000000e+000	3.20736000000000000000e+005	1.11938832559999997484e-004	0.00000000000000000000e+000	1.13396461489999992978e+002	0.00000000000000000000e+000	-4.44499230649591251180e-005	0.00000000000000000000e+000	1.02735128239638321117e-004	0.00000000000000000000e+000	3.82100010488647967577e+000	1	1
3.20743000000000000000e+005	0.00000000000000000000e+000	3.20738000000000000000e+005	1.11957349869999995173e-004	0.00000000000000000000e+000	1.13392425540000004958e+002	0.00000000000000000000e+000	-4.44500380924270428371e-005	0.00000000000000000000e+000	1.02755254383877489338e-004	0.00000000000000000000e+000	3.99500010488554835320e+000	1	1
3.20745437500000000000e+005	0.00000000000000000000e+000	3.20740000000000000000e+005	1.12019464720000002885e-004	0.00000000000000000000e+000	1.13384155269999993720e+002	0.00000000000000000000e+000	-4.44598585967602335633e-005	0.00000000000000000000e+000	1.02818682396300969039e-004	0.00000000000000000000e+000	4.16700010490603744984e+000	1	1
3.20746781250000000000e+005	0.00000000000000000000e+000	3.20742000000000000000e+005	1.12026034909999994984e-004	0.00000000000000000000e+000	1.13374382019999998761e+002	0.00000000000000000000e+000	-4.44449262539716244348e-005	0.00000000000000000000e+000	1.02832295646531013617e-004	0.00000000000000000000e+000	4.34400010493118315935e+000	1	1
3.20749593750000000000e+005	0.00000000000000000000e+000	3.20744000000000000000e+005	1.12063426059999998513e-004	0.00000000000000000000e+000	1.13380599979999999505e+002	0.00000000000000000000e+000	-4.44709239463851051959e-005	0.00000000000000000000e+000	1.02861792632930133177e-004	0.00000000000000000000e+000	4.51900010486133396626e+000	1	1
3.20751218750000000000e+005	0.00000000000000000000e+000	3.20746000000000000000e+005	1.12095563960000000128e-004	0.00000000000000000000e+000	1.13374107359999996447e+002	0.00000000000000000000e+000	-4.44720177779056908434e-005	0.00000000000000000000e+000	1.02896331782391991312e-004	0.00000000000000000000e+000	4.69300010486040264368e+000	1	1
3.20752968750000000000e+005	0.00000000000000000000e+000	3.20748000000000000000e+005	1.12136709499999995829e-004	0.00000000000000000000e+000	1.13369056700000001570e+002	0.00000000000000000000e+000	-4.44792676943168803689e-005	0.00000000000000000000e+000	1.02938021949446298375e-004	0.00000000000000000000e+000	4.86900010495446622372e+000	1	1
3.20754562500000000000e+005	0.00000000000000000000e+000	3.20750000000000000000e+005	1.12193039969999994545e-004	0.00000000000000000000e+000	1.13369537350000001652e+002	0.00000000000000000000e+000	-4.45024752683017394382e-005	0.00000000000000000000e+000	1.02989358249793016707e-004	0.00000000000000000000e+000	5.04600010486319661140e+000	1	1
3.20757687500000000000e+005	0.00000000000000000000e+000	3.20752000000000000000e+005	1.12232759419999994391e-004	0.00000000000000000000e+000	1.13362220759999999586e+002	0.00000000000000000000e+000	-4.45050737655669324680e-005	0.00000000000000000000e+000	1.03031503415940915150e-004	0.00000000000000000000e+000	5.22400010493583977222e+000	1	1
3.20758468750000000000e+005	0.00000000000000000000e+000	3.20754000000000000000e+005	1.12262408950000006666e-004	0.00000000000000000000e+000	1.13351608279999993556e+002	0.00000000000000000000e+000	-4.44977414884091361578e-005	0.00000000000000000000e+000	1.03066965928408661442e-004	0.00000000000000000000e+000	5.40000010491348803043e+000	1	1
3.20760781250000000000e+005	0.00000000000000000000e+000	3.20756000000000000000e+005	1.12287125380000006288e-004	0.00000000000000000000e+000	1.13343994140000006610e+002	0.00000000000000000000e+000	-4.44938382394831715935e-005	0.00000000000000000000e+000	1.03095571606265156784e-004	0.00000000000000000000e+000	5.57600010489113628864e+000	1	1
3.20763468750000000000e+005	0.00000000000000000000e+000	3.20758000000000000000e+005	1.12326211819999997941e-004	0.00000000000000000000e+000	1.13350585940000001983e+002	0.00000000000000000000e+000	-4.45211911004221173979e-005	0.00000000000000000000e+000	1.03126337105664727723e-004	0.00000000000000000000e+000	5.75500010489486157894e+000	1	1
3.20765375000000000000e+005	0.00000000000000000000e+000	3.20760000000000000000e+005	1.12381152580000006139e-004	0.00000000000000000000e+000	1.13340263370000002396e+002	0.00000000000000000000e+000	-4.45243778683899010221e-005	0.00000000000000000000e+000	1.03184801354860758004e-004	0.00000000000000000000e+000	5.93300010485108941793e+000	1	1
3.20767000000000000000e+005	0.00000000000000000000e+000	3.20762000000000000000e+005	1.12441710369999995430e-004	0.00000000000000000000e+000	1.13333244320000005700e+002	0.00000000000000000000e+000	-4.45357224524937770661e-005	0.00000000000000000000e+000	1.03245860239359744763e-004	0.00000000000000000000e+000	6.10800010489765554667e+000	1	1
3.20769218750000000000e+005	0.00000000000000000000e+000	3.20764000000000000000e+005	1.12471148899999997010e-004	0.00000000000000000000e+000	1.13330833440000006362e+002	0.00000000000000000000e+000	-4.45430368808730472378e-005	0.00000000000000000000e+000	1.03274765554394522835e-004	0.00000000000000000000e+000	6.28300010494422167540e+000	1	1
3.20770593750000000000e+005	0.00000000000000000000e+000	3.20766000000000000000e+005	1.12520363470000001678e-004	0.00000000000000000000e+000	1.13318084720000001653e+002	0.00000000000000000000e+000	-4.45395372726080509629e-005	0.00000000000000000000e+000	1.03329868939057832752e-004	0.00000000000000000000e+000	6.46000010485295206308e+000	1	1
3.20773500000000000000e+005	0.00000000000000000000e+000	3.20768000000000000000e+005	1.12559930130000002721e-004	0.00000000000000000000e+000	1.13320350649999994630e+002	0.00000000000000000000e+000	-4.45592870406760839150e-005	0.00000000000000000000e+000	1.03364441706503304799e-004	0.00000000000000000000e+000	6.63900010485667735338e+000	1	1
3.20775062500000000000e+005	0.00000000000000000000e+000	3.20770000000000000000e+005	1.12577487020000001610e-004	0.00000000000000000000e+000	1.13320114140000001157e+002	0.00000000000000000000e+000	-4.45658105732147681588e-005	0.00000000000000000000e+000	1.03380748264319540604e-004	0.00000000000000000000e+000	6.82100010488647967577e+000	1	1
3.20776875000000000000e+005	0.00000000000000000000e+000	3.20772000000000000000e+005	1.12630179499999998408e-004	0.00000000000000000000e+000	1.13312515259999997852e+002	0.00000000000000000000e+000	-4.45729521030921262462e-005	0.00000000000000000000e+000	1.03435048581308614555e-004	0.00000000000000000000e+000	7.00000010489020496607e+000	1	1
3.20779500000000000000e+005	0.00000000000000000000e+000	3.20774000000000000000e+005	1.12681147580000006305e-004	0.00000000000000000000e+000	1.13295661929999994300e+002	0.00000000000000000000e+000	-4.45626818087184155682e-005	0.00000000000000000000e+000	1.03494968041739401877e-004	0.00000000000000000000e+000	7.17800010484643280506e+000	1	1
3.20781125000000000000e+005	0.00000000000000000000e+000	3.20776000000000000000e+005	1.12743313369999994243e-004	0.00000000000000000000e+000	1.13293739320000000248e+002	0.00000000000000000000e+000	-4.45837920772375020028e-005	0.00000000000000000000e+000	1.03553561955442536635e-004	0.00000000000000000000e+000	7.35100010491441935301e+000	1	1
3.20782593750000000000e+005	0.00000000000000000000e+000	3.20778000000000000000e+005	1.12781774079999999030e-004	0.00000000000000000000e+000	1.13291152949999997190e+002	0.00000000000000000000e+000	-4.45943250595956890950e-005	0.00000000000000000000e+000	1.03590900841296268734e-004	0.00000000000000000000e+000	7.52700010489206761122e+000	1	1
3.20785281250000000000e+005	0.00000000000000000000e+000	3.20780000000000000000e+005	1.12834342869999994588e-004	0.00000000000000000000e+000	1.13279525759999998513e+002	0.00000000000000000000e+000	-4.45940782480731687720e-005	0.00000000000000000000e+000	1.03648237399916478239e-004	0.00000000000000000000e+000	7.70600010489579290152e+000	1	1
3.20787031250000000000e+005	0.00000000000000000000e+000	3.20782000000000000000e+005	1.12871151939999994043e-004	0.00000000000000000000e+000	1.13279350280000002726e+002	0.00000000000000000000e+000	-4.46083082797393322286e-005	0.00000000000000000000e+000	1.03682186380700438588e-004	0.00000000000000000000e+000	7.88300010492093861103e+000	1	1
3.20789250000000000000e+005	0.00000000000000000000e+000	3.20784000000000000000e+005	1.12920890389999994106e-004	0.00000000000000000000e+000	1.13274093629999995869e+002	0.00000000000000000000e+000	-4.46184488432649085368e-005	0.00000000000000000000e+000	1.03731969562383924519e-004	0.00000000000000000000e+000	8.05800010485108941793e+000	1	1
3.20791562500000000000e+005	0.00000000000000000000e+000	3.20786000000000000000e+005	1.12975933009999996988e-004	0.00000000000000000000e+000	1.13257423399999993308e+002	0.00000000000000000000e+000	-4.46100003841193057754e-005	0.00000000000000000000e+000	1.03795516787618928730e-004	0.00000000000000000000e+000	8.23600010492373257875e+000	1	1
3.20793343750000000000e+005	0.00000000000000000000e+000	3.20788000000000000000e+005	1.13023335870000003300e-004	0.00000000000000000000e+000	1.13251770019999995043e+002	0.00000000000000000000e+000	-4.46184719854273841586e-005	0.00000000000000000000e+000	1.03843470708891760833e-004	0.00000000000000000000e+000	8.41300010494887828827e+000	1	1
3.20795437500000000000e+005	0.00000000000000000000e+000	3.20790000000000000000e+005	1.13066533229999995275e-004	0.00000000000000000000e+000	1.13246200560000005453e+002	0.00000000000000000000e+000	-4.46254268863850671171e-005	0.00000000000000000000e+000	1.03887497861189222019e-004	0.00000000000000000000e+000	8.59300010488368570805e+000	1	1
3.20797000000000000000e+005	0.00000000000000000000e+000	3.20792000000000000000e+005	1.13133915870000000469e-004	0.00000000000000000000e+000	1.13244026180000005866e+002	0.00000000000000000000e+000	-4.46480767403679835287e-005	0.00000000000000000000e+000	1.03951104676508612268e-004	0.00000000000000000000e+000	8.77000010490883141756e+000	1	1
3.20799312500000000000e+005	0.00000000000000000000e+000	3.20794000000000000000e+005	1.13188798419999996775e-004	0.00000000000000000000e+000	1.13227050779999999008e+002	0.00000000000000000000e+000	-4.46389208481670212185e-005	0.00000000000000000000e+000	1.04014762573754275510e-004	0.00000000000000000000e+000	8.94200010492932051420e+000	1	1
3.20802281250000000000e+005	0.00000000000000000000e+000	3.20796000000000000000e+005	1.13238784249999999316e-004	0.00000000000000000000e+000	1.13224067689999998265e+002	0.00000000000000000000e+000	-4.46532160951271109642e-005	0.00000000000000000000e+000	1.04063022014450114205e-004	0.00000000000000000000e+000	9.11900010495446622372e+000	1	1
3.20802781250000000000e+005	0.00000000000000000000e+000	3.20798000000000000000e+005	1.13287613200000001484e-004	0.00000000000000000000e+000	1.13213539119999992977e+002	0.00000000000000000000e+000	-4.46533392798910953349e-005	0.00000000000000000000e+000	1.04116101519927017525e-004	0.00000000000000000000e+000	9.29400010488461703062e+000	1	1
3.20805593750000000000e+005	0.00000000000000000000e+000	3.20800000000000000000e+005	1.13353649790000002165e-004	0.00000000000000000000e+000	1.13202049259999995456e+002	0.00000000000000000000e+000	-4.46584761168959749520e-005	0.00000000000000000000e+000	1.04185749657189670328e-004	0.00000000000000000000e+000	9.46900010493118315935e+000	1	1
3.20807250000000000000e+005	0.00000000000000000000e+000	3.20802000000000000000e+005	1.13422152940000005609e-004	0.00000000000000000000e+000	1.13194206239999999752e+002	0.00000000000000000000e+000	-4.46711939664028688524e-005	0.00000000000000000000e+000	1.04254828219899544771e-004	0.00000000000000000000e+000	9.64800010493490844965e+000	1	1
3.20809062500000000000e+005	0.00000000000000000000e+000	3.20804000000000000000e+005	1.13484056779999999414e-004	0.00000000000000000000e+000	1.13184585569999995869e+002	0.00000000000000000000e+000	-4.46780588687103162333e-005	0.00000000000000000000e+000	1.04319232162484402254e-004	0.00000000000000000000e+000	9.82500010496005415916e+000	1	1
3.20810281250000000000e+005	0.00000000000000000000e+000	3.20806000000000000000e+005	1.13544847409999995614e-004	0.00000000000000000000e+000	1.13189865109999999504e+002	0.00000000000000000000e+000	-4.47116093027115219503e-005	0.00000000000000000000e+000	1.04370993896397588549e-004	0.00000000000000000000e+000	9.99900010495912283659e+000	1	1
3.20814062500000000000e+005	0.00000000000000000000e+000	3.20808000000000000000e+005	1.13626440000000003029e-004	0.00000000000000000000e+000	1.13169647220000001653e+002	0.00000000000000000000e+000	-4.47068802632896638368e-005	0.00000000000000000000e+000	1.04461776378718938264e-004	0.00000000000000000000e+000	1.01750001049367710948e+001	1	1
3.20814750000000000000e+005	0.00000000000000000000e+000	3.20810000000000000000e+005	1.13683301609999998488e-004	0.00000000000000000000e+000	1.13154403689999995208e+002	0.00000000000000000000e+000	-4.47014452191572678793e-005	0.00000000000000000000e+000	1.04525948262950048057e-004	0.00000000000000000000e+000	1.03530001048929989338e+001	1	1
3.20817656250000000000e+005	0.00000000000000000000e+000	3.20812000000000000000e+005	1.13718611830000004967e-004	0.00000000000000000000e+000	1.13151107789999997522e+002	0.00000000000000000000e+000	-4.47093148372089513624e-005	0.00000000000000000000e+000	1.04560986239273518285e-004	0.00000000000000000000e+000	1.05270001048920676112e+001	1	1
3.20818843750000000000e+005	0.00000000000000000000e+000	3.20814000000000000000e+005	1.13795416839999993970e-004	0.00000000000000000000e+000	1.13146530150000003800e+002	0.00000000000000000000e+000	-4.47311516226695410651e-005	0.00000000000000000000e+000	1.04635180356795406422e-004	0.00000000000000000000e+000	1.07050001048482954502e+001	1	1
3.20821437500000000000e+005	0.00000000000000000000e+000	3.20816000000000000000e+005	1.13886075270000004149e-004	0.00000000000000000000e+000	1.13136207580000004214e+002	0.00000000000000000000e+000	-4.47479208809707049719e-005	0.00000000000000000000e+000	1.04726604629551951309e-004	0.00000000000000000000e+000	1.08870001048780977726e+001	1	1
3.20823687500000000000e+005	0.00000000000000000000e+000	3.20818000000000000000e+005	1.13946320200000001614e-004	0.00000000000000000000e+000	1.13128326419999993391e+002	0.00000000000000000000e+000	-4.47571787977695369556e-005	0.00000000000000000000e+000	1.04788161703435838659e-004	0.00000000000000000000e+000	1.10660001048818230629e+001	1	1
3.20825468750000000000e+005	0.00000000000000000000e+000	3.20820000000000000000e+005	1.14017522720000005093e-004	0.00000000000000000000e+000	1.13117477420000000166e+002	0.00000000000000000000e+000	-4.47652916426681478346e-005	0.00000000000000000000e+000	1.04862119716094730551e-004	0.00000000000000000000e+000	1.12410001049283891916e+001	1	1
3.20827031250000000000e+005	0.00000000000000000000e+000	3.20822000000000000000e+005	1.14085923999999997087e-004	0.00000000000000000000e+000	1.13104019170000000827e+002	0.00000000000000000000e+000	-4.47675000361790010402e-005	0.00000000000000000000e+000	1.04935546863036297470e-004	0.00000000000000000000e+000	1.14110001048538833857e+001	1	1
3.20829906250000000000e+005	0.00000000000000000000e+000	3.20824000000000000000e+005	1.14160488009999996017e-004	0.00000000000000000000e+000	1.13085418700000005288e+002	0.00000000000000000000e+000	-4.47626682317060558495e-005	0.00000000000000000000e+000	1.05018667652277732376e-004	0.00000000000000000000e+000	1.15880001048790290952e+001	1	1
3.20831281250000000000e+005	0.00000000000000000000e+000	3.20826000000000000000e+005	1.14243623100000006305e-004	0.00000000000000000000e+000	1.13076377870000001735e+002	0.00000000000000000000e+000	-4.47786819919025643995e-005	0.00000000000000000000e+000	1.05102212431912756408e-004	0.00000000000000000000e+000	1.17640001048566773534e+001	1	1
3.20833500000000000000e+005	0.00000000000000000000e+000	3.20828000000000000000e+005	1.14316833789999996161e-004	0.00000000000000000000e+000	1.13059700010000000248e+002	0.00000000000000000000e+000	-4.47767624650346243156e-005	0.00000000000000000000e+000	1.05182603271265120016e-004	0.00000000000000000000e+000	1.19430001048604026437e+001	1	1
3.20834875000000000000e+005	0.00000000000000000000e+000	3.20830000000000000000e+005	1.14406160720000000608e-004	0.00000000000000000000e+000	1.13050857539999995538e+002	0.00000000000000000000e+000	-4.47955048602170278582e-005	0.00000000000000000000e+000	1.05271707286472488482e-004	0.00000000000000000000e+000	1.21170001048594713211e+001	1	1
3.20837250000000000000e+005	0.00000000000000000000e+000	3.20832000000000000000e+005	1.14482922070000003607e-004	0.00000000000000000000e+000	1.13037651060000001735e+002	0.00000000000000000000e+000	-4.48012783773168985261e-005	0.00000000000000000000e+000	1.05352669170951008691e-004	0.00000000000000000000e+000	1.22950001049321144819e+001	1	1
3.20838125000000000000e+005	0.00000000000000000000e+000	3.20834000000000000000e+005	1.14556947659999998020e-004	0.00000000000000000000e+000	1.13018821720000005371e+002	0.00000000000000000000e+000	-4.47955999752115894522e-005	0.00000000000000000000e+000	1.05435518114328075209e-004	0.00000000000000000000e+000	1.24700001048622652888e+001	1	1
3.20841562500000000000e+005	0.00000000000000000000e+000	3.20836000000000000000e+005	1.14652219049999994148e-004	0.00000000000000000000e+000	1.13002891539999993142e+002	0.00000000000000000000e+000	-4.48035134967533082984e-005	0.00000000000000000000e+000	1.05535664642031920633e-004	0.00000000000000000000e+000	1.26460001049563288689e+001	1	1
3.20843250000000000000e+005	0.00000000000000000000e+000	3.20838000000000000000e+005	1.14746093459999995196e-004	0.00000000000000000000e+000	1.12979408259999999586e+002	0.00000000000000000000e+000	-4.47969034224371634337e-005	0.00000000000000000000e+000	1.05640443997987300111e-004	0.00000000000000000000e+000	1.28250001049600541592e+001	1	1
3.20845218750000000000e+005	0.00000000000000000000e+000	3.20840000000000000000e+005	1.14825634230000006336e-004	0.00000000000000000000e+000	1.12979507449999999835e+002	0.00000000000000000000e+000	-4.48281391694291598041e-005	0.00000000000000000000e+000	1.05713595222790715609e-004	0.00000000000000000000e+000	1.30000001048902049661e+001	1	1
3.20846593750000000000e+005	0.00000000000000000000e+000	3.20842000000000000000e+005	1.14946044049999996370e-004	0.00000000000000000000e+000	1.12952026369999998678e+002	0.00000000000000000000e+000	-4.48243850813359622810e-005	0.00000000000000000000e+000	1.05845961400634667278e-004	0.00000000000000000000e+000	1.31770001049153506756e+001	1	1
3.20849187500000000000e+005	0.00000000000000000000e+000	3.20844000000000000000e+005	1.14997812489999999704e-004	0.00000000000000000000e+000	1.12937782290000001240e+002	0.00000000000000000000e+000	-4.48182455265193531186e-005	0.00000000000000000000e+000	1.05904776782777025005e-004	0.00000000000000000000e+000	1.33560001049190759659e+001	1	1
3.20851468750000000000e+005	0.00000000000000000000e+000	3.20846000000000000000e+005	1.15118949910000001606e-004	0.00000000000000000000e+000	1.12918426510000003304e+002	0.00000000000000000000e+000	-4.48296393502394519806e-005	0.00000000000000000000e+000	1.06031486192114415726e-004	0.00000000000000000000e+000	1.35310001048492267728e+001	1	1
3.20852906250000000000e+005	0.00000000000000000000e+000	3.20848000000000000000e+005	1.15204646140000001569e-004	0.00000000000000000000e+000	1.12895301820000000248e+002	0.00000000000000000000e+000	-4.48201811628280466808e-005	0.00000000000000000000e+000	1.06128515738108250501e-004	0.00000000000000000000e+000	1.37070001049432903528e+001	1	1
3.20855500000000000000e+005	0.00000000000000000000e+000	3.20850000000000000000e+005	1.15323018689999994110e-004	0.00000000000000000000e+000	1.12876472469999995951e+002	0.00000000000000000000e+000	-4.48313180988497560642e-005	0.00000000000000000000e+000	1.06252301421163729712e-004	0.00000000000000000000e+000	1.38840001048520207405e+001	1	1
3.20857406250000000000e+005	0.00000000000000000000e+000	3.20852000000000000000e+005	1.15422066300000002517e-004	0.00000000000000000000e+000	1.12849479680000001736e+002	0.00000000000000000000e+000	-4.48197176072713543166e-005	0.00000000000000000000e+000	1.06364685410929713698e-004	0.00000000000000000000e+000	1.40580001048510894179e+001	1	1
3.20859781250000000000e+005	0.00000000000000000000e+000	3.20854000000000000000e+005	1.15539180110000000001e-004	0.00000000000000000000e+000	1.12836982730000002562e+002	0.00000000000000000000e+000	-4.48419701297401583802e-005	0.00000000000000000000e+000	1.06482392231647905647e-004	0.00000000000000000000e+000	1.42330001048976555467e+001	1	1
3.20860906250000000000e+005	0.00000000000000000000e+000	3.20856000000000000000e+005	1.15618269770000002528e-004	0.00000000000000000000e+000	1.12809013370000002396e+002	0.00000000000000000000e+000	-4.48206445625917715425e-005	0.00000000000000000000e+000	1.06577174505624366809e-004	0.00000000000000000000e+000	1.44090001048753038049e+001	1	1
3.20862718750000000000e+005	0.00000000000000000000e+000	3.20858000000000000000e+005	1.15765433290000003229e-004	0.00000000000000000000e+000	1.12782981870000000413e+002	0.00000000000000000000e+000	-4.48292060128545219412e-005	0.00000000000000000000e+000	1.06733208670396902910e-004	0.00000000000000000000e+000	1.45870001049479469657e+001	1	1
3.20864718750000000000e+005	0.00000000000000000000e+000	3.20860000000000000000e+005	1.15883936810000004783e-004	0.00000000000000000000e+000	1.12755485530000001404e+002	0.00000000000000000000e+000	-4.48238164781229121345e-005	0.00000000000000000000e+000	1.06863989664056770017e-004	0.00000000000000000000e+000	1.47620001048780977726e+001	1	1
3.20867187500000000000e+005	0.00000000000000000000e+000	3.20862000000000000000e+005	1.15981856650000000040e-004	0.00000000000000000000e+000	1.12730865480000005618e+002	0.00000000000000000000e+000	-4.48157292990303228052e-005	0.00000000000000000000e+000	1.06973555046923550450e-004	0.00000000000000000000e+000	1.49460001048864796758e+001	1	1
3.20868656250000000000e+005	0.00000000000000000000e+000	3.20864000000000000000e+005	1.16125644130000006508e-004	0.00000000000000000000e+000	1.12704643250000003718e+002	0.00000000000000000000e+000	-4.48222658388026706832e-005	0.00000000000000000000e+000	1.07126699331600377615e-004	0.00000000000000000000e+000	1.51230001049116253853e+001	1	1
3.20870875000000000000e+005	0.00000000000000000000e+000	3.20866000000000000000e+005	1.16239083579999999949e-004	0.00000000000000000000e+000	1.12677635190000003718e+002	0.00000000000000000000e+000	-4.48154996366220166734e-005	0.00000000000000000000e+000	1.07252485024069053551e-004	0.00000000000000000000e+000	1.52980001049581915140e+001	1	1
3.20873000000000000000e+005	0.00000000000000000000e+000	3.20868000000000000000e+005	1.16363567939999998520e-004	0.00000000000000000000e+000	1.12645545960000006858e+002	0.00000000000000000000e+000	-4.48033545893569251205e-005	0.00000000000000000000e+000	1.07392454861909847352e-004	0.00000000000000000000e+000	1.54760001049144193530e+001	1	1
3.20874500000000000000e+005	0.00000000000000000000e+000	3.20870000000000000000e+005	1.16496863480000003156e-004	0.00000000000000000000e+000	1.12613960270000006858e+002	0.00000000000000000000e+000	-4.47953999171943857758e-005	0.00000000000000000000e+000	1.07540184800549703929e-004	0.00000000000000000000e+000	1.56480001049349084496e+001	1	1
3.20877718750000000000e+005	0.00000000000000000000e+000	3.20872000000000000000e+005	1.16666997199999994471e-004	0.00000000000000000000e+000	1.12592536929999994300e+002	0.00000000000000000000e+000	-4.48205477993568956411e-005	0.00000000000000000000e+000	1.07714004338481307999e-004	0.00000000000000000000e+000	1.58250001049600541592e+001	1	1
3.20878500000000000000e+005	0.00000000000000000000e+000	3.20874000000000000000e+005	1.16803697889999994115e-004	0.00000000000000000000e+000	1.12548255920000002561e+002	0.00000000000000000000e+000	-4.47897071528489875369e-005	0.00000000000000000000e+000	1.07874862567423091008e-004	0.00000000000000000000e+000	1.60000001048902049661e+001	1	1
3.20881031250000000000e+005	0.00000000000000000000e+000	3.20876000000000000000e+005	1.16931500090000005344e-004	0.00000000000000000000e+000	1.12515892030000003388e+002	0.00000000000000000000e+000	-4.47777067296662931173e-005	0.00000000000000000000e+000	1.08018205379138143032e-004	0.00000000000000000000e+000	1.61760001048678532243e+001	1	1
3.20882656250000000000e+005	0.00000000000000000000e+000	3.20878000000000000000e+005	1.17090734419999999323e-004	0.00000000000000000000e+000	1.12481719970000000330e+002	0.00000000000000000000e+000	-4.47741644929754425085e-005	0.00000000000000000000e+000	1.08192025034061314361e-004	0.00000000000000000000e+000	1.63570001048501580954e+001	1	1
3.20885156250000000000e+005	0.00000000000000000000e+000	3.20880000000000000000e+005	1.17228169980000001844e-004	0.00000000000000000000e+000	1.12435340879999998265e+002	0.00000000000000000000e+000	-4.47390228542475265920e-005	0.00000000000000000000e+000	1.08355266004504327570e-004	0.00000000000000000000e+000	1.65340001048753038049e+001	1	1
3.20887156250000000000e+005	0.00000000000000000000e+000	3.20882000000000000000e+005	1.17414398120000004408e-004	0.00000000000000000000e+000	1.12398010249999998678e+002	0.00000000000000000000e+000	-4.47393753560784604006e-005	0.00000000000000000000e+000	1.08556571328638501320e-004	0.00000000000000000000e+000	1.67130001048790290952e+001	1	1
3.20888562500000000000e+005	0.00000000000000000000e+000	3.20884000000000000000e+005	1.17557210609999993316e-004	0.00000000000000000000e+000	1.12347137450000005288e+002	0.00000000000000000000e+000	-4.46972703489196247382e-005	0.00000000000000000000e+000	1.08728339404956823519e-004	0.00000000000000000000e+000	1.68880001049255952239e+001	1	1
3.20891250000000000000e+005	0.00000000000000000000e+000	3.20886000000000000000e+005	1.17725219750000004789e-004	0.00000000000000000000e+000	1.12298835749999994960e+002	0.00000000000000000000e+000	-4.46693428507131810087e-005	0.00000000000000000000e+000	1.08921426608685358419e-004	0.00000000000000000000e+000	1.70660001048818230629e+001	1	1
3.20893531250000000000e+005	0.00000000000000000000e+000	3.20888000000000000000e+005	1.17915507870000000343e-004	0.00000000000000000000e+000	1.12251800540000004958e+002	0.00000000000000000000e+000	-4.46519699740020550209e-005	0.00000000000000000000e+000	1.09134176927673997790e-004	0.00000000000000000000e+000	1.72410001049283891916e+001	1	1
3.20895281250000000000e+005	0.00000000000000000000e+000	3.20890000000000000000e+005	1.18098054370000004644e-004	0.00000000000000000000e+000	1.12193237300000006940e+002	0.00000000000000000000e+000	-4.46093518555208809126e-005	0.00000000000000000000e+000	1.09348782220058647900e-004	0.00000000000000000000e+000	1.74150001049274578691e+001	1	1
3.20897468750000000000e+005	0.00000000000000000000e+000	3.20892000000000000000e+005	1.18286399810000006382e-004	0.00000000000000000000e+000	1.12151184079999993060e+002	0.00000000000000000000e+000	-4.46000974174644420896e-005	0.00000000000000000000e+000	1.09555938635766568685e-004	0.00000000000000000000e+000	1.75920001049526035786e+001	1	1
3.20899312500000000000e+005	0.00000000000000000000e+000	3.20894000000000000000e+005	1.18476724309999993721e-004	0.00000000000000000000e+000	1.12086303709999995704e+002	0.00000000000000000000e+000	-4.45475728606683382097e-005	0.00000000000000000000e+000	1.09782730679516214159e-004	0.00000000000000000000e+000	1.77710001049563288689e+001	1	1
3.20900781250000000000e+005	0.00000000000000000000e+000	3.20896000000000000000e+005	1.18698066220000004404e-004	0.00000000000000000000e+000	1.12020507809999998017e+002	0.00000000000000000000e+000	-4.45044635427038342028e-005	0.00000000000000000000e+000	1.10039009669951371199e-004	0.00000000000000000000e+000	1.79450001049553975463e+001	1	1
3.20903562500000000000e+005	0.00000000000000000000e+000	3.20898000000000000000e+005	1.18890537120000002033e-004	0.00000000000000000000e+000	1.11959854129999996530e+002	0.00000000000000000000e+000	-4.44599264319956347211e-005	0.00000000000000000000e+000	1.10264567102690043822e-004	0.00000000000000000000e+000	1.81200001048855483532e+001	1	1
3.20905156250000000000e+005	0.00000000000000000000e+000	3.20900000000000000000e+005	1.19136500869999995109e-004	0.00000000000000000000e+000	1.11904014590000002727e+002	0.00000000000000000000e+000	-4.44442007292037089211e-005	0.00000000000000000000e+000	1.10536052313667138036e-004	0.00000000000000000000e+000	1.82950001049321144819e+001	1	1
3.20906781250000000000e+005	0.00000000000000000000e+000	3.20902000000000000000e+005	1.19337637439999994220e-004	0.00000000000000000000e+000	1.11812500000000000000e+002	0.00000000000000000000e+000	-4.43423289038574338044e-005	0.00000000000000000000e+000	1.10793635093100079634e-004	0.00000000000000000000e+000	1.84700001048622652888e+001	1	1
3.20909031250000000000e+005	0.00000000000000000000e+000	3.20904000000000000000e+005	1.19574462590000000963e-004	0.00000000000000000000e+000	1.11745193479999997521e+002	0.00000000000000000000e+000	-4.42998856594534198773e-005	0.00000000000000000000e+000	1.11065621297711474404e-004	0.00000000000000000000e+000	1.86430001049302518368e+001	1	1
3.20911187500000000000e+005	0.00000000000000000000e+000	3.20906000000000000000e+005	1.19799289679999994783e-004	0.00000000000000000000e+000	1.11652328490000002148e+002	0.00000000000000000000e+000	-4.42027676595611434531e-005	0.00000000000000000000e+000	1.11346239896403361651e-004	0.00000000000000000000e+000	1.88200001049553975463e+001	1	1
3.20912875000000000000e+005	0.00000000000000000000e+000	3.20908000000000000000e+005	1.20040334880000001093e-004	0.00000000000000000000e+000	1.11565139770000001818e+002	0.00000000000000000000e+000	-4.41218758820399449506e-005	0.00000000000000000000e+000	1.11637547746053634838e-004	0.00000000000000000000e+000	1.89970001048641279340e+001	1	1
3.20915406250000000000e+005	0.00000000000000000000e+000	3.20910000000000000000e+005	1.20293225340000004757e-004	0.00000000000000000000e+000	1.11475463869999998678e+002	0.00000000000000000000e+000	-4.40396774411013535778e-005	0.00000000000000000000e+000	1.11941801278984994351e-004	0.00000000000000000000e+000	1.91720001049106940627e+001	1	1
3.20917406250000000000e+005	0.00000000000000000000e+000	3.20912000000000000000e+005	1.20575321490000003091e-004	0.00000000000000000000e+000	1.11369834900000000744e+002	0.00000000000000000000e+000	-4.39360218385143419073e-005	0.00000000000000000000e+000	1.12285502792757921732e-004	0.00000000000000000000e+000	1.93480001048883423209e+001	1	1
3.20918406250000000000e+005	0.00000000000000000000e+000	3.20914000000000000000e+005	1.20856209829999996933e-004	0.00000000000000000000e+000	1.11261688230000004296e+002	0.00000000000000000000e+000	-4.38258610918838606278e-005	0.00000000000000000000e+000	1.12630002015572602023e-004	0.00000000000000000000e+000	1.95210001049563288689e+001	1	1
3.20920781250000000000e+005	0.00000000000000000000e+000	3.20916000000000000000e+005	1.21144170409999998817e-004	0.00000000000000000000e+000	1.11145362849999997934e+002	0.00000000000000000000e+000	-4.37009801910397626236e-005	0.00000000000000000000e+000	1.12987319441915554075e-004	0.00000000000000000000e+000	1.96970001049339771271e+001	1	1
3.20923187500000000000e+005	0.00000000000000000000e+000	3.20918000000000000000e+005	1.21425568069999999612e-004	0.00000000000000000000e+000	1.11021392820000002644e+002	0.00000000000000000000e+000	-4.35573510767400771406e-005	0.00000000000000000000e+000	1.13344279733473165379e-004	0.00000000000000000000e+000	1.98720001048641279340e+001	1	1
3.20925218750000000000e+005	0.00000000000000000000e+000	3.20920000000000000000e+005	1.21740704340000003235e-004	0.00000000000000000000e+000	1.10883804319999995869e+002	0.00000000000000000000e+000	-4.33973817866956261872e-005	0.00000000000000000000e+000	1.13742983727608781255e-004	0.00000000000000000000e+000	2.00480001049581915140e+001	1	1
3.20926718750000000000e+005	0.00000000000000000000e+000	3.20922000000000000000e+005	1.22038611150000005003e-004	0.00000000000000000000e+000	1.10741149899999996364e+002	0.00000000000000000000e+000	-4.32195541782212779925e-005	0.00000000000000000000e+000	1.14129280853147858075e-004	0.00000000000000000000e+000	2.02250001048669219017e+001	1	1
3.20930156250000000000e+005	0.00000000000000000000e+000	3.20924000000000000000e+005	1.22389727039999991190e-004	0.00000000000000000000e+000	1.10587013240000004544e+002	0.00000000000000000000e+000	-4.30358311418443782335e-005	0.00000000000000000000e+000	1.14573830008673284734e-004	0.00000000000000000000e+000	2.04020001048920676112e+001	1	1
3.20931187500000000000e+005	0.00000000000000000000e+000	3.20926000000000000000e+005	1.22744677360000001547e-004	0.00000000000000000000e+000	1.10416160579999996116e+002	0.00000000000000000000e+000	-4.28178074447347787809e-005	0.00000000000000000000e+000	1.15034304387152754609e-004	0.00000000000000000000e+000	2.05820001049432903528e+001	1	1
3.20932718750000000000e+005	0.00000000000000000000e+000	3.20928000000000000000e+005	1.23076708409999998305e-004	0.00000000000000000000e+000	1.10232566829999996116e+002	0.00000000000000000000e+000	-4.25638088801378908590e-005	0.00000000000000000000e+000	1.15482458956567334094e-004	0.00000000000000000000e+000	2.07610001049470156431e+001	1	1
3.20935875000000000000e+005	0.00000000000000000000e+000	3.20930000000000000000e+005	1.23407386130000009880e-004	0.00000000000000000000e+000	1.10029533389999997439e+002	0.00000000000000000000e+000	-4.22675772158016658945e-005	0.00000000000000000000e+000	1.15943239853581641697e-004	0.00000000000000000000e+000	2.09370001049246639013e+001	1	1
3.20936656250000000000e+005	0.00000000000000000000e+000	3.20932000000000000000e+005	1.23777659609999992956e-004	0.00000000000000000000e+000	1.09820945739999999091e+002	0.00000000000000000000e+000	-4.19707549162818435132e-005	0.00000000000000000000e+000	1.16444685367286847669e-004	0.00000000000000000000e+000	2.11140001049498096108e+001	1	1
3.20938125000000000000e+005	0.00000000000000000000e+000	3.20934000000000000000e+005	1.24155965749999996428e-004	0.00000000000000000000e+000	1.09583663939999993886e+002	0.00000000000000000000e+000	-4.16149601054515474443e-005	0.00000000000000000000e+000	1.16973924131563827822e-004	0.00000000000000000000e+000	2.12910001048585399985e+001	1	1
3.20941500000000000000e+005	0.00000000000000000000e+000	3.20936000000000000000e+005	1.24583297289999986876e-004	0.00000000000000000000e+000	1.09309326170000005618e+002	0.00000000000000000000e+000	-4.11957075483592724064e-005	0.00000000000000000000e+000	1.17575131908233778051e-004	0.00000000000000000000e+000	2.14640001049265265465e+001	1	1
3.20943375000000000000e+005	0.00000000000000000000e+000	3.20938000000000000000e+005	1.24974889329999995892e-004	0.00000000000000000000e+000	1.09036537170000002561e+002	0.00000000000000000000e+000	-4.07631857493600079762e-005	0.00000000000000000000e+000	1.18140110253075851510e-004	0.00000000000000000000e+000	2.16370001048780977726e+001	1	1
3.20945187500000000000e+005	0.00000000000000000000e+000	3.20940000000000000000e+005	1.25345250130000005189e-004	0.00000000000000000000e+000	1.08730903630000000248e+002	0.00000000000000000000e+000	-4.02513443077520528357e-005	0.00000000000000000000e+000	1.18706617387452601853e-004	0.00000000000000000000e+000	2.18200001049553975463e+001	1	1
3.20947718750000000000e+005	0.00000000000000000000e+000	3.20942000000000000000e+005	1.25737293270000006053e-004	0.00000000000000000000e+000	1.08390930179999998018e+002	0.00000000000000000000e+000	-3.96699647629221820774e-005	0.00000000000000000000e+000	1.19315383813548955209e-004	0.00000000000000000000e+000	2.19950001048855483532e+001	1	1
3.20948625000000000000e+005	0.00000000000000000000e+000	3.20944000000000000000e+005	1.26145576359999988516e-004	0.00000000000000000000e+000	1.08021560669999999504e+002	0.00000000000000000000e+000	-3.90262661057956379237e-005	0.00000000000000000000e+000	1.19956896379642198895e-004	0.00000000000000000000e+000	2.21700001049321144819e+001	1	1
3.20951687500000000000e+005	0.00000000000000000000e+000	3.20946000000000000000e+005	1.26522296339999989557e-004	0.00000000000000000000e+000	1.07604454039999993142e+002	0.00000000000000000000e+000	-3.82659040949809485066e-005	0.00000000000000000000e+000	1.20596899027050011993e-004	0.00000000000000000000e+000	2.23450001048622652888e+001	1	1
3.20953562500000000000e+005	0.00000000000000000000e+000	3.20948000000000000000e+005	1.26906132210000008537e-004	0.00000000000000000000e+000	1.07155815119999999752e+002	0.00000000000000000000e+000	-3.74336602130036303617e-005	0.00000000000000000000e+000	1.21259587149055516361e-004	0.00000000000000000000e+000	2.25230001049349084496e+001	1	1
3.20955468750000000000e+005	0.00000000000000000000e+000	3.20950000000000000000e+005	1.27256033009999996010e-004	0.00000000000000000000e+000	1.06655334469999999669e+002	0.00000000000000000000e+000	-3.64733252102149397103e-005	0.00000000000000000000e+000	1.21917162391322521516e-004	0.00000000000000000000e+000	2.27030001048697158694e+001	1	1
3.20956968750000000000e+005	0.00000000000000000000e+000	3.20952000000000000000e+005	1.27565668660000012006e-004	0.00000000000000000000e+000	1.06112846369999999752e+002	0.00000000000000000000e+000	-3.54033043183127636494e-005	0.00000000000000000000e+000	1.22554501606500970473e-004	0.00000000000000000000e+000	2.28800001048948615789e+001	1	1
3.20958937500000000000e+005	0.00000000000000000000e+000	3.20954000000000000000e+005	1.27810722919999996848e-004	0.00000000000000000000e+000	1.05517402649999993969e+002	0.00000000000000000000e+000	-3.41933331166339028566e-005	0.00000000000000000000e+000	1.23151925943965328408e-004	0.00000000000000000000e+000	2.30570001049200072885e+001	1	1
3.20961062500000000000e+005	0.00000000000000000000e+000	3.20956000000000000000e+005	1.27944644189999988350e-004	0.00000000000000000000e+000	1.04870513919999993391e+002	0.00000000000000000000e+000	-3.28351254029022143039e-005	0.00000000000000000000e+000	1.23659558937760173701e-004	0.00000000000000000000e+000	2.32320001048501580954e+001	1	1
3.20963125000000000000e+005	0.00000000000000000000e+000	3.20958000000000000000e+005	1.28013460199999997173e-004	0.00000000000000000000e+000	1.04163780209999998760e+002	0.00000000000000000000e+000	-3.13241854775270074066e-005	0.00000000000000000000e+000	1.24121881215789154436e-004	0.00000000000000000000e+000	2.34080001049442216754e+001	1	1
3.20964125000000000000e+005	0.00000000000000000000e+000	3.20960000000000000000e+005	1.27943480040000010520e-004	0.00000000000000000000e+000	1.03402587890000006610e+002	0.00000000000000000000e+000	-2.96562509280999422705e-005	0.00000000000000000000e+000	1.24458992706977391402e-004	0.00000000000000000000e+000	2.35830001048743724823e+001	1	1
3.20966812500000000000e+005	0.00000000000000000000e+000	3.20962000000000000000e+005	1.27692415839999990441e-004	0.00000000000000000000e+000	1.02602905269999993720e+002	0.00000000000000000000e+000	-2.78615525545006352548e-005	0.00000000000000000000e+000	1.24615757239236334044e-004	0.00000000000000000000e+000	2.37630001049255952239e+001	1	1
3.20969062500000000000e+005	0.00000000000000000000e+000	3.20964000000000000000e+005	1.27247360070000003519e-004	0.00000000000000000000e+000	1.01743537900000006857e+002	0.00000000000000000000e+000	-2.58988204411667986176e-005	0.00000000000000000000e+000	1.24583874335888408497e-004	0.00000000000000000000e+000	2.39390001049032434821e+001	1	1
3.20971656250000000000e+005	0.00000000000000000000e+000	3.20966000000000000000e+005	1.26550206909999997384e-004	0.00000000000000000000e+000	1.00799789430000004131e+002	0.00000000000000000000e+000	-2.37126835495126695775e-005	0.00000000000000000000e+000	1.24308742684673962774e-004	0.00000000000000000000e+000	2.41130001049023121595e+001	1	1
3.20972343750000000000e+005	0.00000000000000000000e+000	3.20968000000000000000e+005	1.25612496050000002103e-004	0.00000000000000000000e+000	9.98715286249999962820e+001	0.00000000000000000000e+000	-2.15349472855363122082e-005	0.00000000000000000000e+000	1.23752758390754415401e-004	0.00000000000000000000e+000	2.42920001049060374498e+001	1	1
3.20975968750000000000e+005	0.00000000000000000000e+000	3.20970000000000000000e+005	1.24448502900000002817e-004	0.00000000000000000000e+000	9.89844970700000033048e+001	0.00000000000000000000e+000	-1.94347722870781402648e-005	0.00000000000000000000e+000	1.22921598997900797775e-004	0.00000000000000000000e+000	2.44770001049619168043e+001	1	1
3.20976906250000000000e+005	0.00000000000000000000e+000	3.20972000000000000000e+005	1.23040634209999988173e-004	0.00000000000000000000e+000	9.81070327759999969430e+001	0.00000000000000000000e+000	-1.73515252155119648221e-005	0.00000000000000000000e+000	1.21811010337713191884e-004	0.00000000000000000000e+000	2.46510001049609854817e+001	1	1
3.20978687500000000000e+005	0.00000000000000000000e+000	3.20974000000000000000e+005	1.21336583110000001320e-004	0.00000000000000000000e+000	9.72639923100000061140e+001	0.00000000000000000000e+000	-1.53419426916251606940e-005	0.00000000000000000000e+000	1.20362748370319406306e-004	0.00000000000000000000e+000	2.48290001049172133207e+001	1	1
3.20981531250000000000e+005	0.00000000000000000000e+000	3.20976000000000000000e+005	1.19448981419999995042e-004	0.00000000000000000000e+000	9.65221557619999970257e+001	0.00000000000000000000e+000	-1.35678970860855841639e-005	0.00000000000000000000e+000	1.18675908806028924361e-004	0.00000000000000000000e+000	2.50030001049162819982e+001	1	1
3.20983937500000000000e+005	0.00000000000000000000e+000	3.20978000000000000000e+005	1.17268406030000002863e-004	0.00000000000000000000e+000	9.58338928219999957037e+001	0.00000000000000000000e+000	-1.19197194729441638053e-005	0.00000000000000000000e+000	1.16661044657174469774e-004	0.00000000000000000000e+000	2.51780001048464328051e+001	1	1
3.20984468750000000000e+005	0.00000000000000000000e+000	3.20980000000000000000e+005	1.15073780760000001487e-004	0.00000000000000000000e+000	9.53188095090000047094e+001	0.00000000000000000000e+000	-1.06670447195625796023e-005	0.00000000000000000000e+000	1.14578310230825959203e-004	0.00000000000000000000e+000	2.53590001049451529980e+001	1	1
3.20987500000000000000e+005	0.00000000000000000000e+000	3.20982000000000000000e+005	1.12750800330000002349e-004	0.00000000000000000000e+000	9.49406051640000043790e+001	0.00000000000000000000e+000	-9.71043460682788892903e-006	0.00000000000000000000e+000	1.12331876307671669059e-004	0.00000000000000000000e+000	2.55340001048753038049e+001	1	1
3.20988406250000000000e+005	0.00000000000000000000e+000	3.20984000000000000000e+005	1.10423032309999995140e-004	0.00000000000000000000e+000	9.46978683469999964473e+001	0.00000000000000000000e+000	-9.04380107260164432185e-006	0.00000000000000000000e+000	1.10052059166080640814e-004	0.00000000000000000000e+000	2.57110001049004495144e+001	1	1
3.20991218750000000000e+005	0.00000000000000000000e+000	3.20986000000000000000e+005	1.08130887380000003002e-004	0.00000000000000000000e+000	9.46180343630000066923e+001	0.00000000000000000000e+000	-8.70590292827181242634e-006	0.00000000000000000000e+000	1.07779849971085742036e-004	0.00000000000000000000e+000	2.58890001048566773534e+001	1	1
3.20993250000000000000e+005	0.00000000000000000000e+000	3.20988000000000000000e+005	1.05929662819999998412e-004	0.00000000000000000000e+000	9.46691436769999938861e+001	0.00000000000000000000e+000	-8.62285835924567543962e-006	0.00000000000000000000e+000	1.05578121686622541085e-004	0.00000000000000000000e+000	2.60680001048604026437e+001	1	1
3.20996593750000000000e+005	0.00000000000000000000e+000	3.20990000000000000000e+005	1.03866521390000006528e-004	0.00000000000000000000e+000	9.48714141850000061140e+001	0.00000000000000000000e+000	-8.82032330756713007949e-006	0.00000000000000000000e+000	1.03491333755099108155e-004	0.00000000000000000000e+000	2.62430001049069687724e+001	1	1
3.20996968750000000000e+005	0.00000000000000000000e+000	3.20992000000000000000e+005	1.01949633970000000686e-004	0.00000000000000000000e+000	9.51859512329999972735e+001	0.00000000000000000000e+000	-9.21506033408266573550e-006	0.00000000000000000000e+000	1.01532312736666224329e-004	0.00000000000000000000e+000	2.64240001048892736435e+001	1	1
3.20998812500000000000e+005	0.00000000000000000000e+000	3.20994000000000000000e+005	1.00218981970000005181e-004	0.00000000000000000000e+000	9.55926284789999982650e+001	0.00000000000000000000e+000	-9.76682358457444273734e-006	0.00000000000000000000e+000	9.97419345319258633577e-005	0.00000000000000000000e+000	2.66010001049144193530e+001	1	1
3.21001406250000000000e+005	0.00000000000000000000e+000	3.20996000000000000000e+005	9.86270461000000002580e-005	0.00000000000000000000e+000	9.61144714360000023134e+001	0.00000000000000000000e+000	-1.05052779240549554906e-005	0.00000000000000000000e+000	9.80659643207055261964e-005	0.00000000000000000000e+000	2.67750001049134880304e+001	1	1
3.21002937500000000000e+005	0.00000000000000000000e+000	3.20998000000000000000e+005	9.72418201849999943535e-005	0.00000000000000000000e+000	9.66775131229999971083e+001	0.00000000000000000000e+000	-1.13073673226364023072e-005	0.00000000000000000000e+000	9.65821672832145881925e-005	0.00000000000000000000e+000	2.69540001049172133207e+001	1	1
3.21005687500000000000e+005	0.00000000000000000000e+000	3.21000000000000000000e+005	9.60329489319999992335e-005	0.00000000000000000000e+000	9.72928619380000014871e+001	0.00000000000000000000e+000	-1.21905191477054985100e-005	0.00000000000000000000e+000	9.52560681714584794140e-005	0.00000000000000000000e+000	2.71330001049209386110e+001	1	1
3.21006375000000000000e+005	0.00000000000000000000e+000	3.21002000000000000000e+005	9.49663299249999974310e-005	0.00000000000000000000e+000	9.79659042360000000826e+001	0.00000000000000000000e+000	-1.31607906408752893166e-005	0.00000000000000000000e+000	9.40499729353017890551e-005	0.00000000000000000000e+000	2.73100001049460843205e+001	1	1
3.21008687500000000000e+005	0.00000000000000000000e+000	3.21004000000000000000e+005	9.40934987740000021352e-005	0.00000000000000000000e+000	9.86343536379999932251e+001	0.00000000000000000000e+000	-1.41260810249880291371e-005	0.00000000000000000000e+000	9.30270946897096887278e-005	0.00000000000000000000e+000	2.74870001048548147082e+001	1	1
3.21011281250000000000e+005	0.00000000000000000000e+000	3.21006000000000000000e+005	9.33537376110000013561e-005	0.00000000000000000000e+000	9.93252029420000042137e+001	0.00000000000000000000e+000	-1.51268406833538065505e-005	0.00000000000000000000e+000	9.21200250590709942113e-005	0.00000000000000000000e+000	2.76650001049274578691e+001	1	1
3.21012500000000000000e+005	0.00000000000000000000e+000	3.21008000000000000000e+005	9.27495566429999932379e-005	0.00000000000000000000e+000	1.00007362369999995622e+002	0.00000000000000000000e+000	-1.61175256704658101002e-005	0.00000000000000000000e+000	9.13384126407665254601e-005	0.00000000000000000000e+000	2.78420001049526035786e+001	1	1
3.21014843750000000000e+005	0.00000000000000000000e+000	3.21010000000000000000e+005	9.22520557649999958750e-005	0.00000000000000000000e+000	1.00697914119999992977e+002	0.00000000000000000000e+000	-1.71248241420342434680e-005	0.00000000000000000000e+000	9.06486745130510483074e-005	0.00000000000000000000e+000	2.80170001048827543855e+001	1	1
3.21017125000000000000e+005	0.00000000000000000000e+000	3.21012000000000000000e+005	9.18632067620000022532e-005	0.00000000000000000000e+000	1.01342376709999996365e+002	0.00000000000000000000e+000	-1.80668596456416814756e-005	0.00000000000000000000e+000	9.00690698250106766120e-005	0.00000000000000000000e+000	2.81930001048604026437e+001	1	1
3.21019437500000000000e+005	0.00000000000000000000e+000	3.21014000000000000000e+005	9.15769851420000048159e-005	0.00000000000000000000e+000	1.01990951539999997522e+002	0.00000000000000000000e+000	-1.90257765663661045086e-005	0.00000000000000000000e+000	8.95788146480226937611e-005	0.00000000000000000000e+000	2.83670001048594713211e+001	1	1
3.21021500000000000000e+005	0.00000000000000000000e+000	3.21016000000000000000e+005	9.13622352530000066606e-005	0.00000000000000000000e+000	1.02614578249999993886e+002	0.00000000000000000000e+000	-1.99527369962017254914e-005	0.00000000000000000000e+000	8.91568635427745441024e-005	0.00000000000000000000e+000	2.85470001049106940627e+001	1	1
3.21022687500000000000e+005	0.00000000000000000000e+000	3.21018000000000000000e+005	9.12224641069999981225e-005	0.00000000000000000000e+000	1.03198699950000005288e+002	0.00000000000000000000e+000	-2.08287111544784225912e-005	0.00000000000000000000e+000	8.88127397921954016453e-005	0.00000000000000000000e+000	2.87230001048883423209e+001	1	1
3.21024281250000000000e+005	0.00000000000000000000e+000	3.21020000000000000000e+005	9.11490933500000026545e-005	0.00000000000000000000e+000	1.03769149780000006444e+002	0.00000000000000000000e+000	-2.16944410552987041916e-005	0.00000000000000000000e+000	8.85297037486581904096e-005	0.00000000000000000000e+000	2.89010001049609854817e+001	1	1
3.21026968750000000000e+005	0.00000000000000000000e+000	3.21022000000000000000e+005	9.11129900489999946384e-005	0.00000000000000000000e+000	1.04318756100000001652e+002	0.00000000000000000000e+000	-2.25337168488827871101e-005	0.00000000000000000000e+000	8.82825495816899776360e-005	0.00000000000000000000e+000	2.90770001049386337399e+001	1	1
3.21029812500000000000e+005	0.00000000000000000000e+000	3.21024000000000000000e+005	9.11137394719999972603e-005	0.00000000000000000000e+000	1.04821716309999999339e+002	0.00000000000000000000e+000	-2.33080021250092557961e-005	0.00000000000000000000e+000	8.80820671732450628279e-005	0.00000000000000000000e+000	2.92510001049377024174e+001	1	1
3.21030875000000000000e+005	0.00000000000000000000e+000	3.21026000000000000000e+005	9.12030445759999964378e-005	0.00000000000000000000e+000	1.05314567569999994134e+002	0.00000000000000000000e+000	-2.40883887017317958467e-005	0.00000000000000000000e+000	8.79644523070889183640e-005	0.00000000000000000000e+000	2.94270001049153506756e+001	1	1
3.21033125000000000000e+005	0.00000000000000000000e+000	3.21028000000000000000e+005	9.12968025660000008070e-005	0.00000000000000000000e+000	1.05766853330000003552e+002	0.00000000000000000000e+000	-2.48074876693566772365e-005	0.00000000000000000000e+000	8.78617932568525434548e-005	0.00000000000000000000e+000	2.96060001049190759659e+001	1	1
3.21035156250000000000e+005	0.00000000000000000000e+000	3.21030000000000000000e+005	9.14205302250000031777e-005	0.00000000000000000000e+000	1.06199172970000006444e+002	0.00000000000000000000e+000	-2.55042448600355323987e-005	0.00000000000000000000e+000	8.77909268702608652475e-005	0.00000000000000000000e+000	2.97790001048706471920e+001	1	1
3.21036750000000000000e+005	0.00000000000000000000e+000	3.21032000000000000000e+005	9.15791824809999950108e-005	0.00000000000000000000e+000	1.06612678529999996613e+002	0.00000000000000000000e+000	-2.61825239521863668357e-005	0.00000000000000000000e+000	8.77566071779298196784e-005	0.00000000000000000000e+000	2.99540001049172133207e+001	1	1
3.21039437500000000000e+005	0.00000000000000000000e+000	3.21034000000000000000e+005	9.17714860409999950552e-005	0.00000000000000000000e+000	1.06993957519999995043e+002	0.00000000000000000000e+000	-2.68221274424160545803e-005	0.00000000000000000000e+000	8.77643385985233060115e-005	0.00000000000000000000e+000	3.01290001048473641276e+001	1	1
3.21040750000000000000e+005	0.00000000000000000000e+000	3.21036000000000000000e+005	9.19563899519999967697e-005	0.00000000000000000000e+000	1.07352081299999994712e+002	0.00000000000000000000e+000	-2.74253117934442795041e-005	0.00000000000000000000e+000	8.77714641898871952624e-005	0.00000000000000000000e+000	3.03050001049414277077e+001	1	1
3.21043468750000000000e+005	0.00000000000000000000e+000	3.21038000000000000000e+005	9.21423779800000007732e-005	0.00000000000000000000e+000	1.07679542539999999917e+002	0.00000000000000000000e+000	-2.79829825903143713541e-005	0.00000000000000000000e+000	8.77904921113861308165e-005	0.00000000000000000000e+000	3.04790001049404963851e+001	1	1
3.21045062500000000000e+005	0.00000000000000000000e+000	3.21040000000000000000e+005	9.23896514000000065783e-005	0.00000000000000000000e+000	1.08012405400000005784e+002	0.00000000000000000000e+000	-2.85689935911988542407e-005	0.00000000000000000000e+000	8.78615973619849554037e-005	0.00000000000000000000e+000	3.06550001049181446433e+001	1	1
3.21047531250000000000e+005	0.00000000000000000000e+000	3.21042000000000000000e+005	9.25921267480000050000e-005	0.00000000000000000000e+000	1.08295509339999995291e+002	0.00000000000000000000e+000	-2.90663363053807461257e-005	0.00000000000000000000e+000	8.79116034974917456629e-005	0.00000000000000000000e+000	3.08310001048957929015e+001	1	1
3.21049937500000000000e+005	0.00000000000000000000e+000	3.21044000000000000000e+005	9.28188965190000065102e-005	0.00000000000000000000e+000	1.08566612239999997769e+002	0.00000000000000000000e+000	-2.95541803429011980947e-005	0.00000000000000000000e+000	8.79880558670556361858e-005	0.00000000000000000000e+000	3.10080001049209386110e+001	1	1
3.21050281250000000000e+005	0.00000000000000000000e+000	3.21046000000000000000e+005	9.30774695009999980229e-005	0.00000000000000000000e+000	1.08835960389999996778e+002	0.00000000000000000000e+000	-3.00509679642054886885e-005	0.00000000000000000000e+000	8.80928751552807461165e-005	0.00000000000000000000e+000	3.11840001048985868692e+001	1	1
3.21053500000000000000e+005	0.00000000000000000000e+000	3.21048000000000000000e+005	9.33160481510000047820e-005	0.00000000000000000000e+000	1.09076202390000005948e+002	0.00000000000000000000e+000	-3.04980509104459758443e-005	0.00000000000000000000e+000	8.81915740486788140261e-005	0.00000000000000000000e+000	3.13590001049451529980e+001	1	1
3.21055562500000000000e+005	0.00000000000000000000e+000	3.21050000000000000000e+005	9.35311618380000014527e-005	0.00000000000000000000e+000	1.09299896239999995373e+002	0.00000000000000000000e+000	-3.09132324204875125542e-005	0.00000000000000000000e+000	8.82748565339138254382e-005	0.00000000000000000000e+000	3.15350001049228012562e+001	1	1
3.21057250000000000000e+005	0.00000000000000000000e+000	3.21052000000000000000e+005	9.37833683570000060372e-005	0.00000000000000000000e+000	1.09521965030000004049e+002	0.00000000000000000000e+000	-3.13394172347994709915e-005	0.00000000000000000000e+000	8.83920873594910773592e-005	0.00000000000000000000e+000	3.17130001048790290952e+001	1	1
3.21059218750000000000e+005	0.00000000000000000000e+000	3.21054000000000000000e+005	9.39823949009999982680e-005	0.00000000000000000000e+000	1.09710609439999998926e+002	0.00000000000000000000e+000	-3.16974003814815479354e-005	0.00000000000000000000e+000	8.84757896849955452001e-005	0.00000000000000000000e+000	3.18880001049255952239e+001	1	1
3.21061437500000000000e+005	0.00000000000000000000e+000	3.21056000000000000000e+005	9.42325059439999947533e-005	0.00000000000000000000e+000	1.09889930730000003223e+002	0.00000000000000000000e+000	-3.20592428578481293934e-005	0.00000000000000000000e+000	8.86113430880466158629e-005	0.00000000000000000000e+000	3.20650001049507409334e+001	1	1
3.21063562500000000000e+005	0.00000000000000000000e+000	3.21058000000000000000e+005	9.44529601840000005439e-005	0.00000000000000000000e+000	1.10067062379999995869e+002	0.00000000000000000000e+000	-3.24086760865443187260e-005	0.00000000000000000000e+000	8.87188784974074148848e-005	0.00000000000000000000e+000	3.22410001049283891916e+001	1	1
3.21065500000000000000e+005	0.00000000000000000000e+000	3.21060000000000000000e+005	9.46733416639999956609e-005	0.00000000000000000000e+000	1.10233718870000004131e+002	0.00000000000000000000e+000	-3.27428146456908161581e-005	0.00000000000000000000e+000	8.88310177297683137764e-005	0.00000000000000000000e+000	3.24200001049321144819e+001	1	1
3.21067187500000000000e+005	0.00000000000000000000e+000	3.21062000000000000000e+005	9.48977103690000018061e-005	0.00000000000000000000e+000	1.10383964539999993804e+002	0.00000000000000000000e+000	-3.30537915377398022949e-005	0.00000000000000000000e+000	8.89551701603580308566e-005	0.00000000000000000000e+000	3.26020001049619168043e+001	1	1
3.21069468750000000000e+005	0.00000000000000000000e+000	3.21064000000000000000e+005	9.51270412770000055791e-005	0.00000000000000000000e+000	1.10534683229999998844e+002	0.00000000000000000000e+000	-3.33681201890281394699e-005	0.00000000000000000000e+000	8.90826724855436495642e-005	0.00000000000000000000e+000	3.27770001048920676112e+001	1	1
3.21071031250000000000e+005	0.00000000000000000000e+000	3.21066000000000000000e+005	9.53301641859999977432e-005	0.00000000000000000000e+000	1.10677192689999998265e+002	0.00000000000000000000e+000	-3.36613116371637963544e-005	0.00000000000000000000e+000	8.91894405330331509684e-005	0.00000000000000000000e+000	3.29560001048957929015e+001	1	1
3.21074156250000000000e+005	0.00000000000000000000e+000	3.21068000000000000000e+005	9.55311625149999965123e-005	0.00000000000000000000e+000	1.10809883119999994960e+002	0.00000000000000000000e+000	-3.39391819683875845459e-005	0.00000000000000000000e+000	8.92991317918825829600e-005	0.00000000000000000000e+000	3.31320001048734411597e+001	1	1
3.21075125000000000000e+005	0.00000000000000000000e+000	3.21070000000000000000e+005	9.57324300540000043156e-005	0.00000000000000000000e+000	1.10926872250000002396e+002	0.00000000000000000000e+000	-3.41933340717627824897e-005	0.00000000000000000000e+000	8.94176384674792723312e-005	0.00000000000000000000e+000	3.33060001048725098372e+001	1	1
3.21076812500000000000e+005	0.00000000000000000000e+000	3.21072000000000000000e+005	9.59643366509999962231e-005	0.00000000000000000000e+000	1.11037963869999998678e+002	0.00000000000000000000e+000	-3.44498941668078319267e-005	0.00000000000000000000e+000	8.95676208278538656723e-005	0.00000000000000000000e+000	3.34810001049190759659e+001	1	1
3.21079093750000000000e+005	0.00000000000000000000e+000	3.21074000000000000000e+005	9.61789337449999939692e-005	0.00000000000000000000e+000	1.11142112729999993803e+002	0.00000000000000000000e+000	-3.46900492498695921218e-005	0.00000000000000000000e+000	8.97050042047082190960e-005	0.00000000000000000000e+000	3.36590001048753038049e+001	1	1
3.21081937500000000000e+005	0.00000000000000000000e+000	3.21076000000000000000e+005	9.63479615170000032237e-005	0.00000000000000000000e+000	1.11241584779999996613e+002	0.00000000000000000000e+000	-3.49069740241501208240e-005	0.00000000000000000000e+000	8.98021873506354040718e-005	0.00000000000000000000e+000	3.38350001048529520631e+001	1	1
3.21083000000000000000e+005	0.00000000000000000000e+000	3.21078000000000000000e+005	9.65216531770000019021e-005	0.00000000000000000000e+000	1.11344375610000000165e+002	0.00000000000000000000e+000	-3.51312453543654997987e-005	0.00000000000000000000e+000	8.99011964985586137233e-005	0.00000000000000000000e+000	3.40120001048780977726e+001	1	1
3.21084812500000000000e+005	0.00000000000000000000e+000	3.21080000000000000000e+005	9.67130108620000003214e-005	0.00000000000000000000e+000	1.11430625919999997109e+002	0.00000000000000000000e+000	-3.53364556258862173789e-005	0.00000000000000000000e+000	9.00263371119424413245e-005	0.00000000000000000000e+000	3.41830001048510894179e+001	1	1
3.21087562500000000000e+005	0.00000000000000000000e+000	3.21082000000000000000e+005	9.69124084799999975558e-005	0.00000000000000000000e+000	1.11516029360000004544e+002	0.00000000000000000000e+000	-3.55437383512487276005e-005	0.00000000000000000000e+000	9.01590682150849633816e-005	0.00000000000000000000e+000	3.43600001048762351274e+001	1	1
3.21088906250000000000e+005	0.00000000000000000000e+000	3.21084000000000000000e+005	9.70782130029999981496e-005	0.00000000000000000000e+000	1.11588897709999997687e+002	0.00000000000000000000e+000	-3.57193800490206571190e-005	0.00000000000000000000e+000	9.02679640225116880579e-005	0.00000000000000000000e+000	3.45380001049488782883e+001	1	1
3.21091312500000000000e+005	0.00000000000000000000e+000	3.21086000000000000000e+005	9.72578636720000005208e-005	0.00000000000000000000e+000	1.11674804690000001983e+002	0.00000000000000000000e+000	-3.59210358281431159626e-005	0.00000000000000000000e+000	9.03812548655671011300e-005	0.00000000000000000000e+000	3.47130001048790290952e+001	1	1
3.21092937500000000000e+005	0.00000000000000000000e+000	3.21088000000000000000e+005	9.74191862039999967532e-005	0.00000000000000000000e+000	1.11749160770000003140e+002	0.00000000000000000000e+000	-3.60980756429374761290e-005	0.00000000000000000000e+000	9.04844007303269289109e-005	0.00000000000000000000e+000	3.48900001049041748047e+001	1	1
3.21095000000000000000e+005	0.00000000000000000000e+000	3.21090000000000000000e+005	9.75662114799999961477e-005	0.00000000000000000000e+000	1.11800254820000006362e+002	0.00000000000000000000e+000	-3.62333526537104297295e-005	0.00000000000000000000e+000	9.05886846026143516958e-005	0.00000000000000000000e+000	3.50660001048818230629e+001	1	1
3.21098093750000000000e+005	0.00000000000000000000e+000	3.21092000000000000000e+005	9.77585077640000032562e-005	0.00000000000000000000e+000	1.11865707400000005123e+002	0.00000000000000000000e+000	-3.64084315094495247181e-005	0.00000000000000000000e+000	9.07256962236486347567e-005	0.00000000000000000000e+000	3.52380001049023121595e+001	1	1
3.21098625000000000000e+005	0.00000000000000000000e+000	3.21094000000000000000e+005	9.79138349070000040117e-005	0.00000000000000000000e+000	1.11936424259999995456e+002	0.00000000000000000000e+000	-3.65784079457700815109e-005	0.00000000000000000000e+000	9.08247716118685123436e-005	0.00000000000000000000e+000	3.54150001049274578691e+001	1	1
3.21101468750000000000e+005	0.00000000000000000000e+000	3.21096000000000000000e+005	9.80449549389999982238e-005	0.00000000000000000000e+000	1.12007888789999995538e+002	0.00000000000000000000e+000	-3.67407995757489038314e-005	0.00000000000000000000e+000	9.09006426573827412642e-005	0.00000000000000000000e+000	3.55890001049265265465e+001	1	1
3.21103187500000000000e+005	0.00000000000000000000e+000	3.21098000000000000000e+005	9.81950870479999973327e-005	0.00000000000000000000e+000	1.12060859679999992977e+002	0.00000000000000000000e+000	-3.68812112990618806273e-005	0.00000000000000000000e+000	9.10057765940066449011e-005	0.00000000000000000000e+000	3.57670001048827543855e+001	1	1
3.21105875000000000000e+005	0.00000000000000000000e+000	3.21100000000000000000e+005	9.83368372540000050238e-005	0.00000000000000000000e+000	1.12104438779999995290e+002	0.00000000000000000000e+000	-3.70037595427831925783e-005	0.00000000000000000000e+000	9.11090299631137751600e-005	0.00000000000000000000e+000	3.59410001048818230629e+001	1	1
3.21106656250000000000e+005	0.00000000000000000000e+000	3.21102000000000000000e+005	9.84794460240000045633e-005	0.00000000000000000000e+000	1.12174530029999999670e+002	0.00000000000000000000e+000	-3.71690123096339057802e-005	0.00000000000000000000e+000	9.11957554556143488566e-005	0.00000000000000000000e+000	3.61200001048855483532e+001	1	1
3.21109156250000000000e+005	0.00000000000000000000e+000	3.21104000000000000000e+005	9.86018567350000006266e-005	0.00000000000000000000e+000	1.12205596920000004957e+002	0.00000000000000000000e+000	-3.72647177877206736739e-005	0.00000000000000000000e+000	9.12889202466049494216e-005	0.00000000000000000000e+000	3.62950001049321144819e+001	1	1
3.21111312500000000000e+005	0.00000000000000000000e+000	3.21106000000000000000e+005	9.87341045399999954002e-005	0.00000000000000000000e+000	1.12247261050000005866e+002	0.00000000000000000000e+000	-3.73811606559314903576e-005	0.00000000000000000000e+000	9.13842011910761598589e-005	0.00000000000000000000e+000	3.64700001048622652888e+001	1	1
3.21112906250000000000e+005	0.00000000000000000000e+000	3.21108000000000000000e+005	9.88824831440000064390e-005	0.00000000000000000000e+000	1.12295753480000001900e+002	0.00000000000000000000e+000	-3.75147835060077135456e-005	0.00000000000000000000e+000	9.14898163252108426961e-005	0.00000000000000000000e+000	3.66430001049302518368e+001	1	1
3.21114875000000000000e+005	0.00000000000000000000e+000	3.21110000000000000000e+005	9.90173793980000000207e-005	0.00000000000000000000e+000	1.12342079159999997273e+002	0.00000000000000000000e+000	-3.76400228694758701847e-005	0.00000000000000000000e+000	9.15842240848979856609e-005	0.00000000000000000000e+000	3.68220001049339771271e+001	1	1
3.21117593750000000000e+005	0.00000000000000000000e+000	3.21112000000000000000e+005	9.91207489280000058913e-005	0.00000000000000000000e+000	1.12383605959999997026e+002	0.00000000000000000000e+000	-3.77457550496297785606e-005	0.00000000000000000000e+000	9.16525004775154105959e-005	0.00000000000000000000e+000	3.69960001049330458045e+001	1	1
3.21118687500000000000e+005	0.00000000000000000000e+000	3.21114000000000000000e+005	9.92450222840000060350e-005	0.00000000000000000000e+000	1.12422721859999995786e+002	0.00000000000000000000e+000	-3.78557199751830582963e-005	0.00000000000000000000e+000	9.17415876977948632157e-005	0.00000000000000000000e+000	3.71710001048631966114e+001	1	1
3.21121250000000000000e+005	0.00000000000000000000e+000	3.21116000000000000000e+005	9.93564099190000048082e-005	0.00000000000000000000e+000	1.12447311400000003800e+002	0.00000000000000000000e+000	-3.79376206278520273899e-005	0.00000000000000000000e+000	9.18282806824212503426e-005	0.00000000000000000000e+000	3.73500001048669219017e+001	1	1
3.21123687500000000000e+005	0.00000000000000000000e+000	3.21118000000000000000e+005	9.94939182420000054136e-005	0.00000000000000000000e+000	1.12481674190000006774e+002	0.00000000000000000000e+000	-3.80452687615489784255e-005	0.00000000000000000000e+000	9.19325692668669354566e-005	0.00000000000000000000e+000	3.75250001049134880304e+001	1	1
3.21124718750000000000e+005	0.00000000000000000000e+000	3.21120000000000000000e+005	9.96055023280000028686e-005	0.00000000000000000000e+000	1.12523452759999997852e+002	0.00000000000000000000e+000	-3.81550370147444627492e-005	0.00000000000000000000e+000	9.20078759912253059698e-005	0.00000000000000000000e+000	3.76980001048650592566e+001	1	1
3.21127500000000000000e+005	0.00000000000000000000e+000	3.21122000000000000000e+005	9.97036549960000011801e-005	0.00000000000000000000e+000	1.12548934939999995208e+002	0.00000000000000000000e+000	-3.82335923844024072040e-005	0.00000000000000000000e+000	9.20815466472233113077e-005	0.00000000000000000000e+000	3.78750001048902049661e+001	1	1
3.21129531250000000000e+005	0.00000000000000000000e+000	3.21124000000000000000e+005	9.98074392559999967744e-005	0.00000000000000000000e+000	1.12586563110000000165e+002	0.00000000000000000000e+000	-3.83339186817415741382e-005	0.00000000000000000000e+000	9.21522414775774846921e-005	0.00000000000000000000e+000	3.80470001049106940627e+001	1	1
3.21130906250000000000e+005	0.00000000000000000000e+000	3.21126000000000000000e+005	9.99101830530000012626e-005	0.00000000000000000000e+000	1.12621131899999994630e+002	0.00000000000000000000e+000	-3.84290296992797456195e-005	0.00000000000000000000e+000	9.22239359063353151148e-005	0.00000000000000000000e+000	3.82280001048929989338e+001	1	1
3.21133125000000000000e+005	0.00000000000000000000e+000	3.21128000000000000000e+005	1.00015728090000003683e-004	0.00000000000000000000e+000	1.12644889829999996778e+002	0.00000000000000000000e+000	-3.85079042175116593181e-005	0.00000000000000000000e+000	9.23054016737252645180e-005	0.00000000000000000000e+000	3.84040001048706471920e+001	1	1
3.21135750000000000000e+005	0.00000000000000000000e+000	3.21130000000000000000e+005	1.00117249530000005861e-004	0.00000000000000000000e+000	1.12660255430000006527e+002	0.00000000000000000000e+000	-3.85717700803088947483e-005	0.00000000000000000000e+000	9.23887558435769468265e-005	0.00000000000000000000e+000	3.85800001048482954502e+001	1	1
3.21136625000000000000e+005	0.00000000000000000000e+000	3.21132000000000000000e+005	1.00214827399999994962e-004	0.00000000000000000000e+000	1.12679153439999993225e+002	0.00000000000000000000e+000	-3.86398639265260826232e-005	0.00000000000000000000e+000	9.24660615931669193366e-005	0.00000000000000000000e+000	3.87550001048948615789e+001	1	1
3.21140000000000000000e+005	0.00000000000000000000e+000	3.21134000000000000000e+005	1.00308905529999998932e-004	0.00000000000000000000e+000	1.12716751099999996200e+002	0.00000000000000000000e+000	-3.87368627936964424435e-005	0.00000000000000000000e+000	9.25274661358928550729e-005	0.00000000000000000000e+000	3.89330001048510894179e+001	1	1
3.21141250000000000000e+005	0.00000000000000000000e+000	3.21136000000000000000e+005	1.00410070440000006513e-004	0.00000000000000000000e+000	1.12737968440000003056e+002	0.00000000000000000000e+000	-3.88102261929207942716e-005	0.00000000000000000000e+000	9.26064176427319086116e-005	0.00000000000000000000e+000	3.91050001048715785146e+001	1	1
3.21143218750000000000e+005	0.00000000000000000000e+000	3.21138000000000000000e+005	1.00485020079999997603e-004	0.00000000000000000000e+000	1.12755462649999998348e+002	0.00000000000000000000e+000	-3.88674904800584701710e-005	0.00000000000000000000e+000	9.26636792074465691360e-005	0.00000000000000000000e+000	3.92820001048967242241e+001	1	1
3.21145343750000000000e+005	0.00000000000000000000e+000	3.21140000000000000000e+005	1.00600780569999999564e-004	0.00000000000000000000e+000	1.12777877810000006775e+002	0.00000000000000000000e+000	-3.89485570192236270001e-005	0.00000000000000000000e+000	9.27551990856230977860e-005	0.00000000000000000000e+000	3.94610001049004495144e+001	1	1
3.21146656250000000000e+005	0.00000000000000000000e+000	3.21142000000000000000e+005	1.00670600660000006746e-004	0.00000000000000000000e+000	1.12803657529999995290e+002	0.00000000000000000000e+000	-3.90173479207727406807e-005	0.00000000000000000000e+000	9.28020279868633390279e-005	0.00000000000000000000e+000	3.96400001049041748047e+001	1	1
3.21148781250000000000e+005	0.00000000000000000000e+000	3.21144000000000000000e+005	1.00751945869999998129e-004	0.00000000000000000000e+000	1.12819892879999997604e+002	0.00000000000000000000e+000	-3.90751913335237260568e-005	0.00000000000000000000e+000	9.28659464973028965593e-005	0.00000000000000000000e+000	3.98160001048818230629e+001	1	1
3.21151437500000000000e+005	0.00000000000000000000e+000	3.21146000000000000000e+005	1.00842094980000001356e-004	0.00000000000000000000e+000	1.12848045350000006692e+002	0.00000000000000000000e+000	-3.91558204606320920749e-005	0.00000000000000000000e+000	9.29298113847762386180e-005	0.00000000000000000000e+000	3.99940001049544662237e+001	1	1
3.21153406250000000000e+005	0.00000000000000000000e+000	3.21148000000000000000e+005	1.00915909569999998627e-004	0.00000000000000000000e+000	1.12860092159999993555e+002	0.00000000000000000000e+000	-3.92040343455952623318e-005	0.00000000000000000000e+000	9.29895934788931320192e-005	0.00000000000000000000e+000	4.01720001049106940627e+001	1	1
3.21154656250000000000e+005	0.00000000000000000000e+000	3.21150000000000000000e+005	1.00992707299999993410e-004	0.00000000000000000000e+000	1.12885208129999995208e+002	0.00000000000000000000e+000	-3.92746587263990404163e-005	0.00000000000000000000e+000	9.30431518689492706572e-005	0.00000000000000000000e+000	4.03470001049572601914e+001	1	1
3.21157156250000000000e+005	0.00000000000000000000e+000	3.21152000000000000000e+005	1.01077166620000004869e-004	0.00000000000000000000e+000	1.12901420590000000743e+002	0.00000000000000000000e+000	-3.93338517892618567962e-005	0.00000000000000000000e+000	9.31098368345022122002e-005	0.00000000000000000000e+000	4.05260001049609854817e+001	1	1
3.21158437500000000000e+005	0.00000000000000000000e+000	3.21154000000000000000e+005	1.01137426100000001115e-004	0.00000000000000000000e+000	1.12919067380000001322e+002	0.00000000000000000000e+000	-3.93859941253981140556e-005	0.00000000000000000000e+000	9.31532201530739739723e-005	0.00000000000000000000e+000	4.07030001048697158694e+001	1	1
3.21161125000000000000e+005	0.00000000000000000000e+000	3.21156000000000000000e+005	1.01199140770000004332e-004	0.00000000000000000000e+000	1.12938873290000003635e+002	0.00000000000000000000e+000	-3.94422460416273316063e-005	0.00000000000000000000e+000	9.31964340507618923919e-005	0.00000000000000000000e+000	4.08870001048780977726e+001	1	1
3.21163375000000000000e+005	0.00000000000000000000e+000	3.21158000000000000000e+005	1.01287849250000002582e-004	0.00000000000000000000e+000	1.12950729370000004792e+002	0.00000000000000000000e+000	-3.94961210437748459724e-005	0.00000000000000000000e+000	9.32699567287677603310e-005	0.00000000000000000000e+000	4.10630001048557460308e+001	1	1
3.21165187500000000000e+005	0.00000000000000000000e+000	3.21160000000000000000e+005	1.01356505180000001616e-004	0.00000000000000000000e+000	1.12962432860000006940e+002	0.00000000000000000000e+000	-3.95419565183046457964e-005	0.00000000000000000000e+000	9.33251028234519065460e-005	0.00000000000000000000e+000	4.12390001049498096108e+001	1	1
3.21166875000000000000e+005	0.00000000000000000000e+000	3.21162000000000000000e+005	1.01418198030000001491e-004	0.00000000000000000000e+000	1.12972465520000000083e+002	0.00000000000000000000e+000	-3.95823754340088001364e-005	0.00000000000000000000e+000	9.33749776259864622740e-005	0.00000000000000000000e+000	4.14190001048846170306e+001	1	1
3.21168562500000000000e+005	0.00000000000000000000e+000	3.21164000000000000000e+005	1.01495505080000003226e-004	0.00000000000000000000e+000	1.12986381530000002726e+002	0.00000000000000000000e+000	-3.96352425519735037415e-005	0.00000000000000000000e+000	9.34365297904975417118e-005	0.00000000000000000000e+000	4.15950001048622652888e+001	1	1
3.21171250000000000000e+005	0.00000000000000000000e+000	3.21166000000000000000e+005	1.01545170760000002955e-004	0.00000000000000000000e+000	1.13002143860000003883e+002	0.00000000000000000000e+000	-3.96803535027049250725e-005	0.00000000000000000000e+000	9.34713391932411215290e-005	0.00000000000000000000e+000	4.17730001049349084496e+001	1	1
3.21173062500000000000e+005	0.00000000000000000000e+000	3.21168000000000000000e+005	1.01613790319999999865e-004	0.00000000000000000000e+000	1.13008277890000002230e+002	0.00000000000000000000e+000	-3.97171811465906401278e-005	0.00000000000000000000e+000	9.35302512824905774936e-005	0.00000000000000000000e+000	4.19470001049339771271e+001	1	1
3.21175218750000000000e+005	0.00000000000000000000e+000	3.21170000000000000000e+005	1.01688994620000001208e-004	0.00000000000000000000e+000	1.13021659850000006031e+002	0.00000000000000000000e+000	-3.97684357456806839579e-005	0.00000000000000000000e+000	9.35901872269099367263e-005	0.00000000000000000000e+000	4.21250001048902049661e+001	1	1
3.21177343750000000000e+005	0.00000000000000000000e+000	3.21172000000000000000e+005	1.01760575490000002626e-004	0.00000000000000000000e+000	1.13037300110000003883e+002	0.00000000000000000000e+000	-3.98219937154511359175e-005	0.00000000000000000000e+000	9.36452003072371077716e-005	0.00000000000000000000e+000	4.23040001048939302564e+001	1	1
3.21179093750000000000e+005	0.00000000000000000000e+000	3.21174000000000000000e+005	1.01833284130000003643e-004	0.00000000000000000000e+000	1.13053009029999998347e+002	0.00000000000000000000e+000	-3.98761385807687297029e-005	0.00000000000000000000e+000	9.37011810415889904221e-005	0.00000000000000000000e+000	4.24820001048501580954e+001	1	1
3.21181000000000000000e+005	0.00000000000000000000e+000	3.21176000000000000000e+005	1.01885161709999995882e-004	0.00000000000000000000e+000	1.13064231870000000413e+002	0.00000000000000000000e+000	-3.99148152874584459093e-005	0.00000000000000000000e+000	9.37410992960980866268e-005	0.00000000000000000000e+000	4.26570001048967242241e+001	1	1
3.21182906250000000000e+005	0.00000000000000000000e+000	3.21178000000000000000e+005	1.01938974690000001269e-004	0.00000000000000000000e+000	1.13075126650000001405e+002	0.00000000000000000000e+000	-3.99537307525143825298e-005	0.00000000000000000000e+000	9.37830153055661201039e-005	0.00000000000000000000e+000	4.28310001048957929015e+001	1	1
3.21184406250000000000e+005	0.00000000000000000000e+000	3.21180000000000000000e+005	1.02002362840000006033e-004	0.00000000000000000000e+000	1.13088722230000001900e+002	0.00000000000000000000e+000	-4.00008412219784046586e-005	0.00000000000000000000e+000	9.38318428172285547324e-005	0.00000000000000000000e+000	4.30110001049470156431e+001	1	1
3.21187187500000000000e+005	0.00000000000000000000e+000	3.21182000000000000000e+005	1.02059188069999996155e-004	0.00000000000000000000e+000	1.13105339049999997769e+002	0.00000000000000000000e+000	-4.00503519986116458883e-005	0.00000000000000000000e+000	9.38725048898501277786e-005	0.00000000000000000000e+000	4.31900001049507409334e+001	1	1
3.21189125000000000000e+005	0.00000000000000000000e+000	3.21184000000000000000e+005	1.02126774439999993931e-004	0.00000000000000000000e+000	1.13108230590000005122e+002	0.00000000000000000000e+000	-4.00816149707916411947e-005	0.00000000000000000000e+000	9.39326471406605657431e-005	0.00000000000000000000e+000	4.33650001048808917403e+001	1	1
3.21191125000000000000e+005	0.00000000000000000000e+000	3.21186000000000000000e+005	1.02142788820000000286e-004	0.00000000000000000000e+000	1.13111854550000003883e+002	0.00000000000000000000e+000	-4.00938422164037183292e-005	0.00000000000000000000e+000	9.39448408602262764397e-005	0.00000000000000000000e+000	4.35390001048799604177e+001	1	1
3.21193125000000000000e+005	0.00000000000000000000e+000	3.21188000000000000000e+005	1.02206642619999995680e-004	0.00000000000000000000e+000	1.13129211429999998018e+002	0.00000000000000000000e+000	-4.01473816836119830982e-005	0.00000000000000000000e+000	9.39914120523932658177e-005	0.00000000000000000000e+000	4.37140001049265265465e+001	1	1
3.21196218750000000000e+005	0.00000000000000000000e+000	3.21190000000000000000e+005	1.02283913290000005630e-004	0.00000000000000000000e+000	1.13134109499999993886e+002	0.00000000000000000000e+000	-4.01857750795799064888e-005	0.00000000000000000000e+000	9.40590367756849433066e-005	0.00000000000000000000e+000	4.38880001049255952239e+001	1	1
3.21197468750000000000e+005	0.00000000000000000000e+000	3.21192000000000000000e+005	1.02315490949999999388e-004	0.00000000000000000000e+000	1.13149795530000005783e+002	0.00000000000000000000e+000	-4.02239387112886771975e-005	0.00000000000000000000e+000	9.40770665087407219557e-005	0.00000000000000000000e+000	4.40680001048604026437e+001	1	1
3.21198875000000000000e+005	0.00000000000000000000e+000	3.21194000000000000000e+005	1.02389152739999994644e-004	0.00000000000000000000e+000	1.13146362300000006940e+002	0.00000000000000000000e+000	-4.02472565002627981172e-005	0.00000000000000000000e+000	9.41472088965844159996e-005	0.00000000000000000000e+000	4.42420001048594713211e+001	1	1
3.21201187500000000000e+005	0.00000000000000000000e+000	3.21196000000000000000e+005	1.02421152409999999451e-004	0.00000000000000000000e+000	1.13174179080000001818e+002	0.00000000000000000000e+000	-4.03055524509957448969e-005	0.00000000000000000000e+000	9.41570756906377173863e-005	0.00000000000000000000e+000	4.44170001049060374498e+001	1	1
3.21203125000000000000e+005	0.00000000000000000000e+000	3.21198000000000000000e+005	1.02470170530000005758e-004	0.00000000000000000000e+000	1.13175827029999993556e+002	0.00000000000000000000e+000	-4.03275518747844393861e-005	0.00000000000000000000e+000	9.42009788071963317935e-005	0.00000000000000000000e+000	4.45960001049097627401e+001	1	1
3.21204875000000000000e+005	0.00000000000000000000e+000	3.21200000000000000000e+005	1.02525467810000005340e-004	0.00000000000000000000e+000	1.13187248229999994464e+002	0.00000000000000000000e+000	-4.03681014669734922477e-005	0.00000000000000000000e+000	9.42437686725837534549e-005	0.00000000000000000000e+000	4.47720001048874109983e+001	1	1
3.21206781250000000000e+005	0.00000000000000000000e+000	3.21202000000000000000e+005	1.02548532599999999630e-004	0.00000000000000000000e+000	1.13179893489999997769e+002	0.00000000000000000000e+000	-4.03650823337698785886e-005	0.00000000000000000000e+000	9.42701525754638906948e-005	0.00000000000000000000e+000	4.49500001049600541592e+001	1	1
3.21209781250000000000e+005	0.00000000000000000000e+000	3.21204000000000000000e+005	1.02605466960000002549e-004	0.00000000000000000000e+000	1.13195709230000005618e+002	0.00000000000000000000e+000	-4.04135277301926693289e-005	0.00000000000000000000e+000	9.43113388012311009822e-005	0.00000000000000000000e+000	4.51260001049377024174e+001	1	1
