TimeAll	TimeExperiment	R	Theta
1.738510e+002	8.100009e-002	2.458784e-004	9.765702e+001
1.739470e+002	1.770000e-001	2.456959e-004	9.754480e+001
1.740440e+002	2.739999e-001	2.455134e-004	9.743452e+001
1.741390e+002	3.690000e-001	2.453575e-004	9.732569e+001
1.742360e+002	4.660001e-001	2.451733e-004	9.721953e+001
1.743300e+002	5.599999e-001	2.449928e-004	9.711096e+001
1.744240e+002	6.540000e-001	2.447940e-004	9.701454e+001
1.745190e+002	7.490001e-001	2.445930e-004	9.690678e+001
1.746210e+002	8.510001e-001	2.443850e-004	9.679050e+001
1.747180e+002	9.480000e-001	2.441819e-004	9.668549e+001
1.748120e+002	1.042000e+000	2.439767e-004	9.657860e+001
1.749070e+002	1.137000e+000	2.437402e-004	9.646918e+001
1.750070e+002	1.237000e+000	2.435128e-004	9.636382e+001
1.751020e+002	1.332000e+000	2.433035e-004	9.625780e+001
1.751970e+002	1.427000e+000	2.430734e-004	9.614703e+001
1.752910e+002	1.521000e+000	2.428447e-004	9.604465e+001
1.753830e+002	1.613000e+000	2.425983e-004	9.593754e+001
1.754760e+002	1.706000e+000	2.424088e-004	9.583585e+001
1.755680e+002	1.798000e+000	2.421408e-004	9.573283e+001
1.756610e+002	1.891000e+000	2.418936e-004	9.562502e+001
1.757570e+002	1.987000e+000	2.416668e-004	9.552094e+001
1.758530e+002	2.083000e+000	2.413950e-004	9.541290e+001
1.759500e+002	2.180000e+000	2.411447e-004	9.530949e+001
1.760430e+002	2.273000e+000	2.408489e-004	9.520432e+001
1.761390e+002	2.369000e+000	2.406020e-004	9.509760e+001
1.762310e+002	2.461000e+000	2.403280e-004	9.500219e+001
1.763270e+002	2.557000e+000	2.400286e-004	9.489249e+001
1.764210e+002	2.651000e+000	2.397524e-004	9.478790e+001
1.765170e+002	2.747000e+000	2.394812e-004	9.468232e+001
1.766110e+002	2.841000e+000	2.391976e-004	9.458006e+001
1.767060e+002	2.936000e+000	2.388737e-004	9.447529e+001
1.768060e+002	3.036000e+000	2.385430e-004	9.437034e+001
1.768990e+002	3.129000e+000	2.382703e-004	9.427113e+001
1.769940e+002	3.224000e+000	2.379671e-004	9.416178e+001
1.770880e+002	3.318000e+000	2.376354e-004	9.405775e+001
1.771850e+002	3.415000e+000	2.372990e-004	9.395518e+001
1.772790e+002	3.509000e+000	2.369881e-004	9.385662e+001
1.773730e+002	3.603000e+000	2.366550e-004	9.375426e+001
1.774680e+002	3.698000e+000	2.362907e-004	9.365569e+001
1.775610e+002	3.791000e+000	2.359605e-004	9.355102e+001
1.776570e+002	3.887000e+000	2.356302e-004	9.345021e+001
1.777500e+002	3.980000e+000	2.352484e-004	9.334666e+001
1.778440e+002	4.074000e+000	2.349205e-004	9.324936e+001
1.779390e+002	4.169000e+000	2.345601e-004	9.315328e+001
1.780350e+002	4.265000e+000	2.342009e-004	9.306054e+001
1.781270e+002	4.357000e+000	2.338318e-004	9.296203e+001
1.782230e+002	4.453000e+000	2.334707e-004	9.285851e+001
1.783190e+002	4.549000e+000	2.330891e-004	9.276633e+001
1.784150e+002	4.645000e+000	2.327397e-004	9.267271e+001
1.785080e+002	4.738000e+000	2.323318e-004	9.257503e+001
1.786020e+002	4.832000e+000	2.319727e-004	9.248328e+001
1.786970e+002	4.927000e+000	2.315881e-004	9.239298e+001
1.787920e+002	5.022000e+000	2.312000e-004	9.230470e+001
1.788870e+002	5.117000e+000	2.308059e-004	9.220540e+001
1.789820e+002	5.212000e+000	2.304011e-004	9.211608e+001
1.790730e+002	5.303000e+000	2.300528e-004	9.202538e+001
1.791670e+002	5.397000e+000	2.296153e-004	9.193961e+001
1.792620e+002	5.492000e+000	2.292196e-004	9.185391e+001
1.793560e+002	5.586000e+000	2.288209e-004	9.177121e+001
1.794510e+002	5.681000e+000	2.283918e-004	9.167924e+001
1.795460e+002	5.776000e+000	2.279916e-004	9.158890e+001
1.796420e+002	5.872000e+000	2.275525e-004	9.150552e+001
1.797360e+002	5.966000e+000	2.271594e-004	9.143446e+001
1.798310e+002	6.061000e+000	2.267062e-004	9.135023e+001
1.799320e+002	6.162000e+000	2.262842e-004	9.125020e+001
1.800250e+002	6.255000e+000	2.258456e-004	9.116722e+001
1.801190e+002	6.349000e+000	2.254127e-004	9.109419e+001
1.802110e+002	6.441000e+000	2.249862e-004	9.101196e+001
1.803070e+002	6.537000e+000	2.245427e-004	9.093756e+001
1.804000e+002	6.630000e+000	2.241001e-004	9.086042e+001
1.804950e+002	6.725000e+000	2.236637e-004	9.078413e+001
1.805900e+002	6.820000e+000	2.232272e-004	9.071236e+001
1.806840e+002	6.914000e+000	2.227599e-004	9.062925e+001
1.807800e+002	7.010000e+000	2.222964e-004	9.056199e+001
1.808740e+002	7.104000e+000	2.218638e-004	9.048511e+001
1.809690e+002	7.199000e+000	2.214029e-004	9.041409e+001
1.810620e+002	7.292000e+000	2.209323e-004	9.034180e+001
1.811560e+002	7.386000e+000	2.204741e-004	9.027626e+001
1.812500e+002	7.480000e+000	2.200184e-004	9.021474e+001
1.813420e+002	7.572000e+000	2.195336e-004	9.014423e+001
1.814380e+002	7.668000e+000	2.190857e-004	9.008213e+001
1.815320e+002	7.762000e+000	2.186206e-004	9.001751e+001
1.816250e+002	7.855000e+000	2.181655e-004	8.995727e+001
1.817180e+002	7.948000e+000	2.176948e-004	8.989436e+001
1.818110e+002	8.041000e+000	2.172318e-004	8.983462e+001
1.819100e+002	8.140000e+000	2.167199e-004	8.976987e+001
1.820040e+002	8.234000e+000	2.162587e-004	8.971077e+001
1.820960e+002	8.326000e+000	2.157869e-004	8.965905e+001
1.821900e+002	8.420000e+000	2.153343e-004	8.959991e+001
1.822840e+002	8.514000e+000	2.148505e-004	8.954200e+001
1.823780e+002	8.608000e+000	2.144140e-004	8.948909e+001
1.824720e+002	8.702000e+000	2.139034e-004	8.943985e+001
1.825680e+002	8.798000e+000	2.134275e-004	8.938664e+001
1.826590e+002	8.889000e+000	2.129755e-004	8.933709e+001
1.827520e+002	8.982000e+000	2.125127e-004	8.929538e+001
1.828460e+002	9.076000e+000	2.120423e-004	8.925018e+001
1.829390e+002	9.169000e+000	2.115929e-004	8.920115e+001
1.830310e+002	9.261000e+000	2.111463e-004	8.916284e+001
1.831240e+002	9.354000e+000	2.106688e-004	8.912045e+001
1.832180e+002	9.448000e+000	2.102297e-004	8.907911e+001
1.833140e+002	9.544000e+000	2.097563e-004	8.904691e+001
1.834070e+002	9.637000e+000	2.092983e-004	8.900466e+001
1.835050e+002	9.735000e+000	2.087894e-004	8.896357e+001
1.835970e+002	9.827000e+000	2.083385e-004	8.892713e+001
1.836900e+002	9.920000e+000	2.078793e-004	8.889798e+001
1.837830e+002	1.001300e+001	2.073954e-004	8.885692e+001
1.838780e+002	1.010800e+001	2.069070e-004	8.882266e+001
1.839740e+002	1.020400e+001	2.064549e-004	8.879532e+001
1.840690e+002	1.029900e+001	2.059195e-004	8.875738e+001
1.841690e+002	1.039900e+001	2.053932e-004	8.873069e+001
1.842620e+002	1.049200e+001	2.049196e-004	8.869703e+001
1.843580e+002	1.058800e+001	2.044346e-004	8.866541e+001
1.844500e+002	1.068000e+001	2.039469e-004	8.864079e+001
1.845450e+002	1.077500e+001	2.034485e-004	8.861969e+001
1.846390e+002	1.086900e+001	2.029549e-004	8.858984e+001
1.847320e+002	1.096200e+001	2.024774e-004	8.857144e+001
1.848290e+002	1.105900e+001	2.019764e-004	8.854941e+001
1.849240e+002	1.115400e+001	2.014555e-004	8.852734e+001
1.850180e+002	1.124800e+001	2.009604e-004	8.850948e+001
1.851140e+002	1.134400e+001	2.005072e-004	8.848830e+001
1.852060e+002	1.143600e+001	2.000038e-004	8.847360e+001
1.853010e+002	1.153100e+001	1.995255e-004	8.846611e+001
1.854020e+002	1.163200e+001	1.990132e-004	8.844781e+001
1.854960e+002	1.172600e+001	1.985404e-004	8.843820e+001
1.855900e+002	1.182000e+001	1.980573e-004	8.842533e+001
1.856840e+002	1.191400e+001	1.975881e-004	8.842237e+001
1.857790e+002	1.200900e+001	1.971335e-004	8.841801e+001
1.858740e+002	1.210400e+001	1.966625e-004	8.840735e+001
1.859670e+002	1.219700e+001	1.962017e-004	8.840279e+001
1.860600e+002	1.229000e+001	1.957435e-004	8.839684e+001
1.861550e+002	1.238500e+001	1.952599e-004	8.839176e+001
1.862480e+002	1.247800e+001	1.948068e-004	8.839927e+001
1.863430e+002	1.257300e+001	1.943384e-004	8.839749e+001
1.864390e+002	1.266900e+001	1.938906e-004	8.839706e+001
1.865310e+002	1.276100e+001	1.934358e-004	8.840354e+001
1.866240e+002	1.285400e+001	1.929760e-004	8.840733e+001
1.867150e+002	1.294500e+001	1.925610e-004	8.840776e+001
1.868070e+002	1.303700e+001	1.920813e-004	8.842142e+001
1.869010e+002	1.313100e+001	1.916415e-004	8.842571e+001
1.869920e+002	1.322200e+001	1.912004e-004	8.843473e+001
1.870880e+002	1.331800e+001	1.907403e-004	8.844241e+001
1.871810e+002	1.341100e+001	1.903200e-004	8.845333e+001
1.872770e+002	1.350700e+001	1.898436e-004	8.847448e+001
1.873700e+002	1.360000e+001	1.894034e-004	8.848839e+001
1.874660e+002	1.369600e+001	1.889596e-004	8.850922e+001
1.875600e+002	1.379000e+001	1.885492e-004	8.851826e+001
1.876560e+002	1.388600e+001	1.880876e-004	8.853706e+001
1.877520e+002	1.398200e+001	1.876517e-004	8.855893e+001
1.878460e+002	1.407600e+001	1.872182e-004	8.857818e+001
1.879400e+002	1.417000e+001	1.868032e-004	8.859985e+001
1.880340e+002	1.426400e+001	1.863951e-004	8.862146e+001
1.881270e+002	1.435700e+001	1.859665e-004	8.865160e+001
1.882190e+002	1.444900e+001	1.855662e-004	8.867334e+001
1.883140e+002	1.454400e+001	1.851735e-004	8.869490e+001
1.884090e+002	1.463900e+001	1.847661e-004	8.872226e+001
1.885040e+002	1.473400e+001	1.843436e-004	8.875026e+001
1.885970e+002	1.482700e+001	1.839632e-004	8.877630e+001
1.886900e+002	1.492000e+001	1.835845e-004	8.880862e+001
1.887860e+002	1.501600e+001	1.831822e-004	8.884125e+001
1.888800e+002	1.511000e+001	1.827660e-004	8.886594e+001
1.889730e+002	1.520300e+001	1.824181e-004	8.890430e+001
1.890660e+002	1.529600e+001	1.820138e-004	8.893780e+001
1.891590e+002	1.538900e+001	1.816252e-004	8.896941e+001
1.892550e+002	1.548500e+001	1.812564e-004	8.900774e+001
1.893490e+002	1.557900e+001	1.808609e-004	8.904402e+001
1.894450e+002	1.567500e+001	1.804643e-004	8.908491e+001
1.895400e+002	1.577000e+001	1.800939e-004	8.912158e+001
1.896350e+002	1.586500e+001	1.797232e-004	8.916800e+001
