Fext	FextSD	Fgen	R	RSD	Theta	ThetaSD	X	XSD	Y	YSD	Time	Interval	Round
5.80209812500000000000e+005	0.00000000000000000000e+000	5.80200000000000000000e+005	2.14017898539999994623e-004	0.00000000000000000000e+000	1.15522277829999993060e+002	0.00000000000000000000e+000	-9.22121750428776712060e-005	0.00000000000000000000e+000	1.93133569503956047195e-004	0.00000000000000000000e+000	6.27000032458454370499e-001	1	1
5.80211312500000000000e+005	0.00000000000000000000e+000	5.80202000000000000000e+005	2.14199360930000012437e-004	0.00000000000000000000e+000	1.15505744930000005866e+002	0.00000000000000000000e+000	-9.22345798194466041280e-005	0.00000000000000000000e+000	1.93323947063861055658e-004	0.00000000000000000000e+000	8.05000032414682209492e-001	1	1
5.80213562500000000000e+005	0.00000000000000000000e+000	5.80204000000000000000e+005	2.14395433429999989882e-004	0.00000000000000000000e+000	1.15483993530000006444e+002	0.00000000000000000000e+000	-9.22455428579525144039e-005	0.00000000000000000000e+000	1.93535944202825568091e-004	0.00000000000000000000e+000	9.84000032418407499790e-001	1	1
5.80214875000000000000e+005	0.00000000000000000000e+000	5.80206000000000000000e+005	2.14617961320000012054e-004	0.00000000000000000000e+000	1.15465194699999997852e+002	0.00000000000000000000e+000	-9.22777171569086714824e-005	0.00000000000000000000e+000	1.93767108244569168053e-004	0.00000000000000000000e+000	1.15800003241747617722e+000	1	1
5.80216750000000000000e+005	0.00000000000000000000e+000	5.80208000000000000000e+005	2.14822619450000013193e-004	0.00000000000000000000e+000	1.15444206239999999752e+002	0.00000000000000000000e+000	-9.22946583097903277366e-005	0.00000000000000000000e+000	1.93985705336343212642e-004	0.00000000000000000000e+000	1.33700003242120146751e+000	1	1
5.80218375000000000000e+005	0.00000000000000000000e+000	5.80210000000000000000e+005	2.15046820810000006595e-004	0.00000000000000000000e+000	1.15422447199999993472e+002	0.00000000000000000000e+000	-9.23172294815180342117e-005	0.00000000000000000000e+000	1.94223233114231192981e-004	0.00000000000000000000e+000	1.51400003244634717703e+000	1	1
5.80221312500000000000e+005	0.00000000000000000000e+000	5.80212000000000000000e+005	2.15251333429999989599e-004	0.00000000000000000000e+000	1.15400924680000002809e+002	0.00000000000000000000e+000	-9.23319908049249833985e-005	0.00000000000000000000e+000	1.94442639401424188176e-004	0.00000000000000000000e+000	1.69800003245472908020e+000	1	1
5.80224312500000000000e+005	0.00000000000000000000e+000	5.80214000000000000000e+005	2.15492065760000000869e-004	0.00000000000000000000e+000	1.15374633790000004296e+002	0.00000000000000000000e+000	-9.23459208961156682817e-005	0.00000000000000000000e+000	1.94702494332662606703e-004	0.00000000000000000000e+000	1.87500003247987478971e+000	1	1
5.80225687500000000000e+005	0.00000000000000000000e+000	5.80216000000000000000e+005	2.15707899770000002598e-004	0.00000000000000000000e+000	1.15352462770000002479e+002	0.00000000000000000000e+000	-9.23629894224919836127e-005	0.00000000000000000000e+000	1.94933260907739910276e-004	0.00000000000000000000e+000	2.05400003236718475819e+000	1	1
5.80227312500000000000e+005	0.00000000000000000000e+000	5.80218000000000000000e+005	2.15964086239999998812e-004	0.00000000000000000000e+000	1.15327156070000000909e+002	0.00000000000000000000e+000	-9.23864743321919115694e-005	0.00000000000000000000e+000	1.95205599064026357175e-004	0.00000000000000000000e+000	2.23000003246124833822e+000	1	1
5.80229125000000000000e+005	0.00000000000000000000e+000	5.80220000000000000000e+005	2.16185493629999998843e-004	0.00000000000000000000e+000	1.15303276060000001735e+002	0.00000000000000000000e+000	-9.23997392126425890228e-005	0.00000000000000000000e+000	1.95444252536324040688e-004	0.00000000000000000000e+000	2.40600003243889659643e+000	1	1
5.80229812500000000000e+005	0.00000000000000000000e+000	5.80222000000000000000e+005	2.16470347369999998764e-004	0.00000000000000000000e+000	1.15274475100000003636e+002	0.00000000000000000000e+000	-9.24231030098178176152e-005	0.00000000000000000000e+000	1.95748260070236840746e-004	0.00000000000000000000e+000	2.58300003246404230595e+000	1	1
5.80233687500000000000e+005	0.00000000000000000000e+000	5.80224000000000000000e+005	2.16703410839999988796e-004	0.00000000000000000000e+000	1.15253044130000006362e+002	0.00000000000000000000e+000	-9.24493074577204519172e-005	0.00000000000000000000e+000	1.95993606580106827491e-004	0.00000000000000000000e+000	2.75800003239419311285e+000	1	1
5.80235687500000000000e+005	0.00000000000000000000e+000	5.80226000000000000000e+005	2.16956148510000007210e-004	0.00000000000000000000e+000	1.15217445369999992977e+002	0.00000000000000000000e+000	-9.24351958264070701094e-005	0.00000000000000000000e+000	1.96279660048683999001e-004	0.00000000000000000000e+000	2.94400003238115459681e+000	1	1
5.80237687500000000000e+005	0.00000000000000000000e+000	5.80228000000000000000e+005	2.17207722019999990371e-004	0.00000000000000000000e+000	1.15188484189999996943e+002	0.00000000000000000000e+000	-9.24430399768795633140e-005	0.00000000000000000000e+000	1.96554010045459597164e-004	0.00000000000000000000e+000	3.11900003242772072554e+000	1	1
5.80239062500000000000e+005	0.00000000000000000000e+000	5.80230000000000000000e+005	2.17464781600000003035e-004	0.00000000000000000000e+000	1.15158752440000000661e+002	0.00000000000000000000e+000	-9.24503154969109425471e-005	0.00000000000000000000e+000	1.96834627037158584658e-004	0.00000000000000000000e+000	3.29500003240536898375e+000	1	1
5.80240937500000000000e+005	0.00000000000000000000e+000	5.80232000000000000000e+005	2.17745706320000002214e-004	0.00000000000000000000e+000	1.15130279540000003635e+002	0.00000000000000000000e+000	-9.24717904571599892249e-005	0.00000000000000000000e+000	1.97134879182865032851e-004	0.00000000000000000000e+000	3.47300003247801214457e+000	1	1
5.80243625000000000000e+005	0.00000000000000000000e+000	5.80234000000000000000e+005	2.18023065830000003021e-004	0.00000000000000000000e+000	1.15098899840000001404e+002	0.00000000000000000000e+000	-9.24814608585414036929e-005	0.00000000000000000000e+000	1.97436664860867693537e-004	0.00000000000000000000e+000	3.65000003238674253225e+000	1	1
5.80244875000000000000e+005	0.00000000000000000000e+000	5.80236000000000000000e+005	2.18334724200000004175e-004	0.00000000000000000000e+000	1.15063995360000006940e+002	0.00000000000000000000e+000	-9.24931935789099921247e-005	0.00000000000000000000e+000	1.97775278872422139841e-004	0.00000000000000000000e+000	3.82500003243330866098e+000	1	1
5.80247812500000000000e+005	0.00000000000000000000e+000	5.80238000000000000000e+005	2.18600835069999993717e-004	0.00000000000000000000e+000	1.15032615660000004709e+002	0.00000000000000000000e+000	-9.24974629087257205597e-005	0.00000000000000000000e+000	1.98067020093579048909e-004	0.00000000000000000000e+000	4.00100003241095691919e+000	1	1
5.80249562500000000000e+005	0.00000000000000000000e+000	5.80240000000000000000e+005	2.18904780919999987629e-004	0.00000000000000000000e+000	1.14986824040000001901e+002	0.00000000000000000000e+000	-9.24675250512252563072e-005	0.00000000000000000000e+000	1.98416380171935957059e-004	0.00000000000000000000e+000	4.17800003243610262871e+000	1	1
5.80250625000000000000e+005	0.00000000000000000000e+000	5.80242000000000000000e+005	2.19190245839999989187e-004	0.00000000000000000000e+000	1.14952911380000003305e+002	0.00000000000000000000e+000	-9.24704986828968572652e-005	0.00000000000000000000e+000	1.98729893938320205729e-004	0.00000000000000000000e+000	4.35500003246124833822e+000	1	1
5.80253125000000000000e+005	0.00000000000000000000e+000	5.80244000000000000000e+005	2.19536697839999998859e-004	0.00000000000000000000e+000	1.14912101750000005040e+002	0.00000000000000000000e+000	-9.24748624675736326023e-005	0.00000000000000000000e+000	1.99109923183388344298e-004	0.00000000000000000000e+000	4.52800003241281956434e+000	1	1
5.80255625000000000000e+005	0.00000000000000000000e+000	5.80246000000000000000e+005	2.19845896940000008236e-004	0.00000000000000000000e+000	1.14873687739999994051e+002	0.00000000000000000000e+000	-9.24714033334171370835e-005	0.00000000000000000000e+000	1.99452395239820554681e-004	0.00000000000000000000e+000	4.70400003239046782255e+000	1	1
5.80256375000000000000e+005	0.00000000000000000000e+000	5.80248000000000000000e+005	2.20189103860000002372e-004	0.00000000000000000000e+000	1.14832588200000003553e+002	0.00000000000000000000e+000	-9.24724439350031566934e-005	0.00000000000000000000e+000	1.99830149305247625020e-004	0.00000000000000000000e+000	4.87700003245845437050e+000	1	1
5.80259875000000000000e+005	0.00000000000000000000e+000	5.80250000000000000000e+005	2.20512316450000012396e-004	0.00000000000000000000e+000	1.14792419429999995373e+002	0.00000000000000000000e+000	-9.24678582067096980742e-005	0.00000000000000000000e+000	2.00188353569354202544e-004	0.00000000000000000000e+000	5.05500003241468220949e+000	1	1
5.80260750000000000000e+005	0.00000000000000000000e+000	5.80252000000000000000e+005	2.20871268540000003852e-004	0.00000000000000000000e+000	1.14744270319999998264e+002	0.00000000000000000000e+000	-9.24498413708650369726e-005	0.00000000000000000000e+000	2.00591984129403042188e-004	0.00000000000000000000e+000	5.23000003246124833822e+000	1	1
5.80263187500000000000e+005	0.00000000000000000000e+000	5.80254000000000000000e+005	2.21248628800000004093e-004	0.00000000000000000000e+000	1.14696861269999999422e+002	0.00000000000000000000e+000	-9.24414987416176305718e-005	0.00000000000000000000e+000	2.01011256043744221053e-004	0.00000000000000000000e+000	5.40500003239139914513e+000	1	1
5.80264875000000000000e+005	0.00000000000000000000e+000	5.80256000000000000000e+005	2.21612834140000011015e-004	0.00000000000000000000e+000	1.14644493100000005370e+002	0.00000000000000000000e+000	-9.24096052593171147886e-005	0.00000000000000000000e+000	2.01426694138042068107e-004	0.00000000000000000000e+000	5.58300003246404230595e+000	1	1
5.80267125000000000000e+005	0.00000000000000000000e+000	5.80258000000000000000e+005	2.21976486500000011427e-004	0.00000000000000000000e+000	1.14593467709999998760e+002	0.00000000000000000000e+000	-9.23815296546856654786e-005	0.00000000000000000000e+000	2.01839573764772716499e-004	0.00000000000000000000e+000	5.76000003237277269363e+000	1	1
5.80268500000000000000e+005	0.00000000000000000000e+000	5.80260000000000000000e+005	2.22336151639999988865e-004	0.00000000000000000000e+000	1.14537139890000005948e+002	0.00000000000000000000e+000	-9.23324181758541429662e-005	0.00000000000000000000e+000	2.02257481641308553815e-004	0.00000000000000000000e+000	5.93700003239791840315e+000	1	1
5.80271062500000000000e+005	0.00000000000000000000e+000	5.80262000000000000000e+005	2.22747257790000013260e-004	0.00000000000000000000e+000	1.14482154850000000579e+002	0.00000000000000000000e+000	-9.23086416649675635220e-005	0.00000000000000000000e+000	2.02720140901029705332e-004	0.00000000000000000000e+000	6.11400003242306411266e+000	1	1
5.80273250000000000000e+005	0.00000000000000000000e+000	5.80264000000000000000e+005	2.23168579399999998788e-004	0.00000000000000000000e+000	1.14425811769999995704e+002	0.00000000000000000000e+000	-9.22834703514074098296e-005	0.00000000000000000000e+000	2.03194428888478652697e-004	0.00000000000000000000e+000	6.28900003246963024139e+000	1	1
5.80275187500000000000e+005	0.00000000000000000000e+000	5.80266000000000000000e+005	2.23584429479999991040e-004	0.00000000000000000000e+000	1.14363525390000006610e+002	0.00000000000000000000e+000	-9.22340710916955575528e-005	0.00000000000000000000e+000	2.03673447547168351510e-004	0.00000000000000000000e+000	6.46200003242120146751e+000	1	1
5.80276875000000000000e+005	0.00000000000000000000e+000	5.80268000000000000000e+005	2.23992494279999992480e-004	0.00000000000000000000e+000	1.14295875550000005205e+002	0.00000000000000000000e+000	-9.21614248254363588406e-005	0.00000000000000000000e+000	2.04154131155657173535e-004	0.00000000000000000000e+000	6.63900003244634717703e+000	1	1
5.80279500000000000000e+005	0.00000000000000000000e+000	5.80270000000000000000e+005	2.24446470380000004689e-004	0.00000000000000000000e+000	1.14230751040000001240e+002	0.00000000000000000000e+000	-9.21156336406315362497e-005	0.00000000000000000000e+000	2.04672734151437892653e-004	0.00000000000000000000e+000	6.81400003237649798393e+000	1	1
5.80281187500000000000e+005	0.00000000000000000000e+000	5.80272000000000000000e+005	2.24905874349999997065e-004	0.00000000000000000000e+000	1.14163429260000000909e+002	0.00000000000000000000e+000	-9.20631351256468669769e-005	0.00000000000000000000e+000	2.05199979210464027732e-004	0.00000000000000000000e+000	6.98900003242306411266e+000	1	1
5.80283062500000000000e+005	0.00000000000000000000e+000	5.80274000000000000000e+005	2.25365889489999987865e-004	0.00000000000000000000e+000	1.14092147830000001818e+002	0.00000000000000000000e+000	-9.19955561778471476303e-005	0.00000000000000000000e+000	2.05734299010027626986e-004	0.00000000000000000000e+000	7.16500003240071237087e+000	1	1
5.80285125000000000000e+005	0.00000000000000000000e+000	5.80276000000000000000e+005	2.25854892049999998738e-004	0.00000000000000000000e+000	1.14011535640000005287e+002	0.00000000000000000000e+000	-9.19049929197882797425e-005	0.00000000000000000000e+000	2.06310214335914083672e-004	0.00000000000000000000e+000	7.34200003242585808039e+000	1	1
5.80287375000000000000e+005	0.00000000000000000000e+000	5.80278000000000000000e+005	2.26323332750000006655e-004	0.00000000000000000000e+000	1.13931869509999998513e+002	0.00000000000000000000e+000	-9.18080659539406316802e-005	0.00000000000000000000e+000	2.06865971036475978107e-004	0.00000000000000000000e+000	7.51800003240350633860e+000	1	1
5.80289375000000000000e+005	0.00000000000000000000e+000	5.80280000000000000000e+005	2.26811782339999987125e-004	0.00000000000000000000e+000	1.13844818119999999340e+002	0.00000000000000000000e+000	-9.16911227868441011711e-005	0.00000000000000000000e+000	2.07451976636366142463e-004	0.00000000000000000000e+000	7.69400003238115459681e+000	1	1
5.80292062500000000000e+005	0.00000000000000000000e+000	5.80282000000000000000e+005	2.27366908799999994581e-004	0.00000000000000000000e+000	1.13759338380000002644e+002	0.00000000000000000000e+000	-9.16051807973136585908e-005	0.00000000000000000000e+000	2.08096617147802271080e-004	0.00000000000000000000e+000	7.86900003242772072554e+000	1	1
5.80293625000000000000e+005	0.00000000000000000000e+000	5.80284000000000000000e+005	2.27882890609999998492e-004	0.00000000000000000000e+000	1.13665756229999999505e+002	0.00000000000000000000e+000	-9.14722864100485719011e-005	0.00000000000000000000e+000	2.08718548892251708335e-004	0.00000000000000000000e+000	8.04300003242678940296e+000	1	1
5.80295812500000000000e+005	0.00000000000000000000e+000	5.80286000000000000000e+005	2.28453209269999999971e-004	0.00000000000000000000e+000	1.13561233520000001818e+002	0.00000000000000000000e+000	-9.13193492351475259814e-005	0.00000000000000000000e+000	2.09407844363652180953e-004	0.00000000000000000000e+000	8.22200003243051469326e+000	1	1
5.80297437500000000000e+005	0.00000000000000000000e+000	5.80288000000000000000e+005	2.29010795010000002417e-004	0.00000000000000000000e+000	1.13464706419999998843e+002	0.00000000000000000000e+000	-9.11884488835979981200e-005	0.00000000000000000000e+000	2.10072870740882856671e-004	0.00000000000000000000e+000	8.40000003238674253225e+000	1	1
5.80298937500000000000e+005	0.00000000000000000000e+000	5.80290000000000000000e+005	2.29579338339999997325e-004	0.00000000000000000000e+000	1.13347000120000004131e+002	0.00000000000000000000e+000	-9.09820039525334272289e-005	0.00000000000000000000e+000	2.10781753359756874764e-004	0.00000000000000000000e+000	8.57800003245938569307e+000	1	1
5.80301437500000000000e+005	0.00000000000000000000e+000	5.80292000000000000000e+005	2.30154531889999999566e-004	0.00000000000000000000e+000	1.13244674680000002809e+002	0.00000000000000000000e+000	-9.08324255761819478053e-005	0.00000000000000000000e+000	2.11472407215344273494e-004	0.00000000000000000000e+000	8.75300003238953649998e+000	1	1
5.80303687500000000000e+005	0.00000000000000000000e+000	5.80294000000000000000e+005	2.30817298870000006238e-004	0.00000000000000000000e+000	1.13121383670000000166e+002	0.00000000000000000000e+000	-9.06374176808956682604e-005	0.00000000000000000000e+000	2.12276904004608487405e-004	0.00000000000000000000e+000	8.93000003241468220949e+000	1	1
5.80305875000000000000e+005	0.00000000000000000000e+000	5.80296000000000000000e+005	2.31458616330000008275e-004	0.00000000000000000000e+000	1.12994438169999995125e+002	0.00000000000000000000e+000	-9.04173966690882403548e-005	0.00000000000000000000e+000	2.13067560771185670037e-004	0.00000000000000000000e+000	9.10500003246124833822e+000	1	1
5.80307625000000000000e+005	0.00000000000000000000e+000	5.80298000000000000000e+005	2.32104590400000006158e-004	0.00000000000000000000e+000	1.12854591369999994299e+002	0.00000000000000000000e+000	-9.01479675891941542587e-005	0.00000000000000000000e+000	2.13882876416718721796e-004	0.00000000000000000000e+000	9.27900003246031701565e+000	1	1
5.80310000000000000000e+005	0.00000000000000000000e+000	5.80300000000000000000e+005	2.32748046980000010712e-004	0.00000000000000000000e+000	1.12710937500000000000e+002	0.00000000000000000000e+000	-8.98598576822106617822e-005	0.00000000000000000000e+000	2.14701791679382914630e-004	0.00000000000000000000e+000	9.45300003245938569307e+000	1	1
5.80311500000000000000e+005	0.00000000000000000000e+000	5.80302000000000000000e+005	2.33451006350000005293e-004	0.00000000000000000000e+000	1.12563407900000001405e+002	0.00000000000000000000e+000	-8.95764591043902714792e-005	0.00000000000000000000e+000	2.15581609466455284985e-004	0.00000000000000000000e+000	9.62800003238953649998e+000	1	1
5.80314062500000000000e+005	0.00000000000000000000e+000	5.80304000000000000000e+005	2.34189006730000010871e-004	0.00000000000000000000e+000	1.12408042910000006032e+002	0.00000000000000000000e+000	-8.92728786500478834224e-005	0.00000000000000000000e+000	2.16505990703993723935e-004	0.00000000000000000000e+000	9.80500003241468220949e+000	1	1
5.80315562500000000000e+005	0.00000000000000000000e+000	5.80306000000000000000e+005	2.34920851649999986969e-004	0.00000000000000000000e+000	1.12233840939999993225e+002	0.00000000000000000000e+000	-8.88911236881441993397e-005	0.00000000000000000000e+000	2.17453844917537268038e-004	0.00000000000000000000e+000	9.98100003239233046770e+000	1	1
5.80317312500000000000e+005	0.00000000000000000000e+000	5.80308000000000000000e+005	2.35653744310000001641e-004	0.00000000000000000000e+000	1.12054374690000003056e+002	0.00000000000000000000e+000	-8.84847542419348064881e-005	0.00000000000000000000e+000	2.18410474735227058988e-004	0.00000000000000000000e+000	1.01600000323960557580e+001	1	1
5.80319812500000000000e+005	0.00000000000000000000e+000	5.80310000000000000000e+005	2.36425941689999999330e-004	0.00000000000000000000e+000	1.11867538449999997852e+002	0.00000000000000000000e+000	-8.80596828915082118893e-005	0.00000000000000000000e+000	2.19414489387210467561e-004	0.00000000000000000000e+000	1.03370000324212014675e+001	1	1
5.80320937500000000000e+005	0.00000000000000000000e+000	5.80312000000000000000e+005	2.37222251599999989224e-004	0.00000000000000000000e+000	1.11662788390000002892e+002	0.00000000000000000000e+000	-8.75689832605239173047e-005	0.00000000000000000000e+000	2.20467843063091114729e-004	0.00000000000000000000e+000	1.05120000324677675962e+001	1	1
5.80323812500000000000e+005	0.00000000000000000000e+000	5.80314000000000000000e+005	2.38041218840000001799e-004	0.00000000000000000000e+000	1.11449119569999993473e+002	0.00000000000000000000e+000	-8.70456778926323860961e-005	0.00000000000000000000e+000	2.21555121419128700543e-004	0.00000000000000000000e+000	1.06870000323979184031e+001	1	1
5.80325000000000000000e+005	0.00000000000000000000e+000	5.80316000000000000000e+005	2.38878725210000001852e-004	0.00000000000000000000e+000	1.11224319460000003801e+002	0.00000000000000000000e+000	-8.64789324279168273007e-005	0.00000000000000000000e+000	2.22675637652803150128e-004	0.00000000000000000000e+000	1.08650000324705615640e+001	1	1
5.80326625000000000000e+005	0.00000000000000000000e+000	5.80318000000000000000e+005	2.39711996980000003558e-004	0.00000000000000000000e+000	1.10984169010000002231e+002	0.00000000000000000000e+000	-8.58432522212318943394e-005	0.00000000000000000000e+000	2.23814158498119816255e-004	0.00000000000000000000e+000	1.10370000323746353388e+001	1	1
5.80329625000000000000e+005	0.00000000000000000000e+000	5.80320000000000000000e+005	2.40612789640000000139e-004	0.00000000000000000000e+000	1.10722358700000000908e+002	0.00000000000000000000e+000	-8.51383878820286579521e-005	0.00000000000000000000e+000	2.25046593947102722705e-004	0.00000000000000000000e+000	1.12110000323737040162e+001	1	1
5.80331250000000000000e+005	0.00000000000000000000e+000	5.80322000000000000000e+005	2.41498259129999993684e-004	0.00000000000000000000e+000	1.10452926640000001157e+002	0.00000000000000000000e+000	-8.43885905261672103657e-005	0.00000000000000000000e+000	2.26274114630523981266e-004	0.00000000000000000000e+000	1.13850000323727726936e+001	1	1
5.80332937500000000000e+005	0.00000000000000000000e+000	5.80324000000000000000e+005	2.42413749220000003222e-004	0.00000000000000000000e+000	1.10153778079999995043e+002	0.00000000000000000000e+000	-8.35214635558136910768e-005	0.00000000000000000000e+000	2.27571067880765414522e-004	0.00000000000000000000e+000	1.15610000324668362737e+001	1	1
5.80334937500000000000e+005	0.00000000000000000000e+000	5.80326000000000000000e+005	2.43334259720000007764e-004	0.00000000000000000000e+000	1.09839767460000004462e+002	0.00000000000000000000e+000	-8.25854207256782643209e-005	0.00000000000000000000e+000	2.28891262911110526714e-004	0.00000000000000000000e+000	1.17380000323755666614e+001	1	1
5.80336812500000000000e+005	0.00000000000000000000e+000	5.80328000000000000000e+005	2.44297640170000000120e-004	0.00000000000000000000e+000	1.09505599979999999505e+002	0.00000000000000000000e+000	-8.15707277111143291967e-005	0.00000000000000000000e+000	2.30277122991646819453e-004	0.00000000000000000000e+000	1.19170000323792919517e+001	1	1
5.80339187500000000000e+005	0.00000000000000000000e+000	5.80330000000000000000e+005	2.45227012779999974188e-004	0.00000000000000000000e+000	1.09152557369999996695e+002	0.00000000000000000000e+000	-8.04551895571400867580e-005	0.00000000000000000000e+000	2.31653297559795013499e-004	0.00000000000000000000e+000	1.20940000324044376612e+001	1	1
5.80341500000000000000e+005	0.00000000000000000000e+000	5.80332000000000000000e+005	2.46191717450000005160e-004	0.00000000000000000000e+000	1.08765304569999997852e+002	0.00000000000000000000e+000	-7.91979952251665406679e-005	0.00000000000000000000e+000	2.33105210781087271226e-004	0.00000000000000000000e+000	1.22720000324770808220e+001	1	1
5.80343812500000000000e+005	0.00000000000000000000e+000	5.80334000000000000000e+005	2.47163261519999996607e-004	0.00000000000000000000e+000	1.08356803889999994794e+002	0.00000000000000000000e+000	-7.78400022568522843847e-005	0.00000000000000000000e+000	2.34586043689425700507e-004	0.00000000000000000000e+000	1.24500000324333086610e+001	1	1
5.80345250000000000000e+005	0.00000000000000000000e+000	5.80336000000000000000e+005	2.48108262890000001635e-004	0.00000000000000000000e+000	1.07914680480000001239e+002	0.00000000000000000000e+000	-7.63182002225155524172e-005	0.00000000000000000000e+000	2.36078890265710488123e-004	0.00000000000000000000e+000	1.26300000323681160808e+001	1	1
5.80347312500000000000e+005	0.00000000000000000000e+000	5.80338000000000000000e+005	2.49045464440000006729e-004	0.00000000000000000000e+000	1.07449478150000004462e+002	0.00000000000000000000e+000	-7.46799411624930135206e-005	0.00000000000000000000e+000	2.37584826422273625831e-004	0.00000000000000000000e+000	1.28040000323671847582e+001	1	1
5.80349062500000000000e+005	0.00000000000000000000e+000	5.80340000000000000000e+005	2.49946402620000024657e-004	0.00000000000000000000e+000	1.06941436769999995704e+002	0.00000000000000000000e+000	-7.28328976320611796123e-005	0.00000000000000000000e+000	2.39099504820057822026e-004	0.00000000000000000000e+000	1.29790000324137508869e+001	1	1
5.80351125000000000000e+005	0.00000000000000000000e+000	5.80342000000000000000e+005	2.50836717900000021400e-004	0.00000000000000000000e+000	1.06405570979999993142e+002	0.00000000000000000000e+000	-7.08449934402041655310e-005	0.00000000000000000000e+000	2.40624283793846569001e-004	0.00000000000000000000e+000	1.31560000324388965964e+001	1	1
5.80352375000000000000e+005	0.00000000000000000000e+000	5.80344000000000000000e+005	2.51679302890000014797e-004	0.00000000000000000000e+000	1.05816940310000006775e+002	0.00000000000000000000e+000	-6.85988932414242772503e-005	0.00000000000000000000e+000	2.42150084346976943953e-004	0.00000000000000000000e+000	1.33300000324379652739e+001	1	1
5.80355437500000000000e+005	0.00000000000000000000e+000	5.80346000000000000000e+005	2.52440018809999987184e-004	0.00000000000000000000e+000	1.05200485229999998182e+002	0.00000000000000000000e+000	-6.61890966445422625512e-005	0.00000000000000000000e+000	2.43608223552023385374e-004	0.00000000000000000000e+000	1.35090000324416905642e+001	1	1
5.80356500000000000000e+005	0.00000000000000000000e+000	5.80348000000000000000e+005	2.53125122979999976278e-004	0.00000000000000000000e+000	1.04537597660000002975e+002	0.00000000000000000000e+000	-6.35382587666291642498e-005	0.00000000000000000000e+000	2.45020851268917480310e-004	0.00000000000000000000e+000	1.36830000324407592416e+001	1	1
5.80359875000000000000e+005	0.00000000000000000000e+000	5.80350000000000000000e+005	2.53707083170000009635e-004	0.00000000000000000000e+000	1.03811431880000000660e+002	0.00000000000000000000e+000	-6.05667783783325893669e-005	0.00000000000000000000e+000	2.46371567774163516794e-004	0.00000000000000000000e+000	1.38560000323923304677e+001	1	1
5.80361250000000000000e+005	0.00000000000000000000e+000	5.80352000000000000000e+005	2.54136160949999985199e-004	0.00000000000000000000e+000	1.03053314209999996365e+002	0.00000000000000000000e+000	-5.73985799718616958569e-005	0.00000000000000000000e+000	2.47569366682588753222e-004	0.00000000000000000000e+000	1.40350000323960557580e+001	1	1
5.80363250000000000000e+005	0.00000000000000000000e+000	5.80354000000000000000e+005	2.54436105019999994799e-004	0.00000000000000000000e+000	1.02241142269999997438e+002	0.00000000000000000000e+000	-5.39472129303759039519e-005	0.00000000000000000000e+000	2.48651221100547065862e-004	0.00000000000000000000e+000	1.42110000323737040162e+001	1	1
5.80364312500000000000e+005	0.00000000000000000000e+000	5.80356000000000000000e+005	2.54496728300000003755e-004	0.00000000000000000000e+000	1.01380508419999998182e+002	0.00000000000000000000e+000	-5.02182662759334579516e-005	0.00000000000000000000e+000	2.49492906607870241088e-004	0.00000000000000000000e+000	1.43880000323988497257e+001	1	1
5.80366875000000000000e+005	0.00000000000000000000e+000	5.80358000000000000000e+005	2.54304351980000006590e-004	0.00000000000000000000e+000	1.00469390869999998017e+002	0.00000000000000000000e+000	-4.62096910304377845127e-005	0.00000000000000000000e+000	2.50070725777407217808e-004	0.00000000000000000000e+000	1.45640000323764979839e+001	1	1
5.80368750000000000000e+005	0.00000000000000000000e+000	5.80360000000000000000e+005	2.53855861959999999991e-004	0.00000000000000000000e+000	9.95114974979999971083e+001	0.00000000000000000000e+000	-4.19485364145648313293e-005	0.00000000000000000000e+000	2.50365970020149713679e-004	0.00000000000000000000e+000	1.47390000324230641127e+001	1	1
5.80371812500000000000e+005	0.00000000000000000000e+000	5.80362000000000000000e+005	2.53060919930000007613e-004	0.00000000000000000000e+000	9.84897613530000057835e+001	0.00000000000000000000e+000	-3.73600528320678981287e-005	0.00000000000000000000e+000	2.50287945471217184151e-004	0.00000000000000000000e+000	1.49140000324696302414e+001	1	1
5.80373125000000000000e+005	0.00000000000000000000e+000	5.80364000000000000000e+005	2.51919613219999977572e-004	0.00000000000000000000e+000	9.74432907099999994216e+001	0.00000000000000000000e+000	-3.26348767721632062049e-005	0.00000000000000000000e+000	2.49796830129968066778e-004	0.00000000000000000000e+000	1.50920000324258580804e+001	1	1
5.80374875000000000000e+005	0.00000000000000000000e+000	5.80366000000000000000e+005	2.50377692280000013411e-004	0.00000000000000000000e+000	9.63657913210000032223e+001	0.00000000000000000000e+000	-2.77607645066465385814e-005	0.00000000000000000000e+000	2.48833938090174721161e-004	0.00000000000000000000e+000	1.52680000324035063386e+001	1	1
5.80377187500000000000e+005	0.00000000000000000000e+000	5.80368000000000000000e+005	2.48373282370000024021e-004	0.00000000000000000000e+000	9.52686767579999980171e+001	0.00000000000000000000e+000	-2.28071719698869902445e-005	0.00000000000000000000e+000	2.47323917771783189333e-004	0.00000000000000000000e+000	1.54440000323811545968e+001	1	1
5.80379187500000000000e+005	0.00000000000000000000e+000	5.80370000000000000000e+005	2.45875591649999988408e-004	0.00000000000000000000e+000	9.41580886840000061966e+001	0.00000000000000000000e+000	-1.78281007312594299262e-005	0.00000000000000000000e+000	2.45228394346074082735e-004	0.00000000000000000000e+000	1.56180000323802232742e+001	1	1
5.80380250000000000000e+005	0.00000000000000000000e+000	5.80372000000000000000e+005	2.42845955649999994432e-004	0.00000000000000000000e+000	9.30359802250000029744e+001	0.00000000000000000000e+000	-1.28618578769813170248e-005	0.00000000000000000000e+000	2.42505114971858053152e-004	0.00000000000000000000e+000	1.57940000324742868543e+001	1	1
5.80383250000000000000e+005	0.00000000000000000000e+000	5.80374000000000000000e+005	2.39377011890000006853e-004	0.00000000000000000000e+000	9.19660339360000023134e+001	0.00000000000000000000e+000	-8.21230827667644398078e-006	0.00000000000000000000e+000	2.39236100566269136542e-004	0.00000000000000000000e+000	1.59700000324519351125e+001	1	1
5.80386000000000000000e+005	0.00000000000000000000e+000	5.80376000000000000000e+005	2.35366562259999988638e-004	0.00000000000000000000e+000	9.09174728389999984302e+001	0.00000000000000000000e+000	-3.76873893024039048472e-006	0.00000000000000000000e+000	2.35336387405275988295e-004	0.00000000000000000000e+000	1.61440000324510037899e+001	1	1
5.80387687500000000000e+005	0.00000000000000000000e+000	5.80378000000000000000e+005	2.30972698770000003151e-004	0.00000000000000000000e+000	8.99586486820000033049e+001	0.00000000000000000000e+000	1.66703013771987470659e-007	0.00000000000000000000e+000	2.30972638611594754737e-004	0.00000000000000000000e+000	1.63190000323811545968e+001	1	1
5.80389125000000000000e+005	0.00000000000000000000e+000	5.80380000000000000000e+005	2.26100892180000010703e-004	0.00000000000000000000e+000	8.90569076539999997522e+001	0.00000000000000000000e+000	3.72147368441824634788e-006	0.00000000000000000000e+000	2.26070263586806497521e-004	0.00000000000000000000e+000	1.64950000324752181768e+001	1	1
5.80391125000000000000e+005	0.00000000000000000000e+000	5.80382000000000000000e+005	2.20894478840000002724e-004	0.00000000000000000000e+000	8.82746276860000023134e+001	0.00000000000000000000e+000	6.65089042381964817954e-006	0.00000000000000000000e+000	2.20794330630488686235e-004	0.00000000000000000000e+000	1.66700000324053689837e+001	1	1
5.80393625000000000000e+005	0.00000000000000000000e+000	5.80384000000000000000e+005	2.15519219639999988925e-004	0.00000000000000000000e+000	8.76252899170000034701e+001	0.00000000000000000000e+000	8.92996787086539552960e-006	0.00000000000000000000e+000	2.15334135027542419383e-004	0.00000000000000000000e+000	1.68500000324565917253e+001	1	1
5.80394875000000000000e+005	0.00000000000000000000e+000	5.80386000000000000000e+005	2.09952922890000001806e-004	0.00000000000000000000e+000	8.71153717039999975214e+001	0.00000000000000000000e+000	1.05658852315192416021e-005	0.00000000000000000000e+000	2.09686890146543631090e-004	0.00000000000000000000e+000	1.70270000324817374349e+001	1	1
5.80396000000000000000e+005	0.00000000000000000000e+000	5.80388000000000000000e+005	2.04311523699999994476e-004	0.00000000000000000000e+000	8.67680969240000052878e+001	0.00000000000000000000e+000	1.15185663110480356698e-005	0.00000000000000000000e+000	2.03986571486344759815e-004	0.00000000000000000000e+000	1.72030000324593856931e+001	1	1
5.80400437500000000000e+005	0.00000000000000000000e+000	5.80390000000000000000e+005	1.98681940669999986936e-004	0.00000000000000000000e+000	8.65748367310000048747e+001	0.00000000000000000000e+000	1.18702132918092988077e-005	0.00000000000000000000e+000	1.98327031906405428776e-004	0.00000000000000000000e+000	1.73760000324109569192e+001	1	1
5.80401375000000000000e+005	0.00000000000000000000e+000	5.80392000000000000000e+005	1.93212239540000010668e-004	0.00000000000000000000e+000	8.65565795899999983476e+001	0.00000000000000000000e+000	1.16048830564797264276e-005	0.00000000000000000000e+000	1.92863413319654204616e-004	0.00000000000000000000e+000	1.75510000324575230479e+001	1	1
5.80404000000000000000e+005	0.00000000000000000000e+000	5.80394000000000000000e+005	1.87921701580000006376e-004	0.00000000000000000000e+000	8.67048721310000019002e+001	0.00000000000000000000e+000	1.08015813267773097198e-005	0.00000000000000000000e+000	1.87611011845156870972e-004	0.00000000000000000000e+000	1.77260000323876738548e+001	1	1
5.80405500000000000000e+005	0.00000000000000000000e+000	5.80396000000000000000e+005	1.82889169079999990876e-004	0.00000000000000000000e+000	8.70167770390000043790e+001	0.00000000000000000000e+000	9.51820465106697470462e-006	0.00000000000000000000e+000	1.82641320480862783199e-004	0.00000000000000000000e+000	1.78990000324556604028e+001	1	1
5.80407312500000000000e+005	0.00000000000000000000e+000	5.80398000000000000000e+005	1.78151123690000010458e-004	0.00000000000000000000e+000	8.74837799069999988433e+001	0.00000000000000000000e+000	7.82123271498579944482e-006	0.00000000000000000000e+000	1.77979356080495233544e-004	0.00000000000000000000e+000	1.80730000324547290802e+001	1	1
5.80408812500000000000e+005	0.00000000000000000000e+000	5.80400000000000000000e+005	1.73873311719999998652e-004	0.00000000000000000000e+000	8.80669250490000052878e+001	0.00000000000000000000e+000	5.86512036408055255793e-006	0.00000000000000000000e+000	1.73774362008885345510e-004	0.00000000000000000000e+000	1.82570000324631109834e+001	1	1
5.80410500000000000000e+005	0.00000000000000000000e+000	5.80402000000000000000e+005	1.69949853440000007900e-004	0.00000000000000000000e+000	8.87901535029999990911e+001	0.00000000000000000000e+000	3.58836575008984508129e-006	0.00000000000000000000e+000	1.69911966369414550596e-004	0.00000000000000000000e+000	1.84350000324193388224e+001	1	1
5.80414312500000000000e+005	0.00000000000000000000e+000	5.80404000000000000000e+005	1.66468002129999999164e-004	0.00000000000000000000e+000	8.95995330810000041311e+001	0.00000000000000000000e+000	1.16351745493349146092e-006	0.00000000000000000000e+000	1.66463935914917473971e-004	0.00000000000000000000e+000	1.86110000323969870806e+001	1	1
5.80415250000000000000e+005	0.00000000000000000000e+000	5.80406000000000000000e+005	1.63313423400000010208e-004	0.00000000000000000000e+000	9.05024185179999989259e+001	0.00000000000000000000e+000	-1.43204936226755349191e-006	0.00000000000000000000e+000	1.63307144660763985848e-004	0.00000000000000000000e+000	1.87850000323960557580e+001	1	1
5.80417500000000000000e+005	0.00000000000000000000e+000	5.80408000000000000000e+005	1.60608266009999988430e-004	0.00000000000000000000e+000	9.14553680420000034701e+001	0.00000000000000000000e+000	-4.07916175179386014172e-006	0.00000000000000000000e+000	1.60556455959085062502e-004	0.00000000000000000000e+000	1.89610000323737040162e+001	1	1
5.80419187500000000000e+005	0.00000000000000000000e+000	5.80410000000000000000e+005	1.58257316799999996678e-004	0.00000000000000000000e+000	9.24580764770000058661e+001	0.00000000000000000000e+000	-6.78739379425483553001e-006	0.00000000000000000000e+000	1.58111699776510125810e-004	0.00000000000000000000e+000	1.91320000324631109834e+001	1	1
5.80420750000000000000e+005	0.00000000000000000000e+000	5.80412000000000000000e+005	1.56263748070000006284e-004	0.00000000000000000000e+000	9.34947128299999974388e+001	0.00000000000000000000e+000	-9.52527632744218283919e-006	0.00000000000000000000e+000	1.55973164588560857897e-004	0.00000000000000000000e+000	1.93060000324621796608e+001	1	1
5.80422312500000000000e+005	0.00000000000000000000e+000	5.80414000000000000000e+005	1.54654175279999987237e-004	0.00000000000000000000e+000	9.45353775020000028917e+001	0.00000000000000000000e+000	-1.22292175376434732837e-005	0.00000000000000000000e+000	1.54169906823458752144e-004	0.00000000000000000000e+000	1.94830000323709100485e+001	1	1
5.80424687500000000000e+005	0.00000000000000000000e+000	5.80416000000000000000e+005	1.53274042530000012509e-004	0.00000000000000000000e+000	9.55685958859999971082e+001	0.00000000000000000000e+000	-1.48733095945612891760e-005	0.00000000000000000000e+000	1.52550702309732364370e-004	0.00000000000000000000e+000	1.96620000323746353388e+001	1	1
5.80427250000000000000e+005	0.00000000000000000000e+000	5.80418000000000000000e+005	1.52198699649999999580e-004	0.00000000000000000000e+000	9.65983428960000054531e+001	0.00000000000000000000e+000	-1.74889077845689230547e-005	0.00000000000000000000e+000	1.51190549571240587636e-004	0.00000000000000000000e+000	1.98370000324212014675e+001	1	1
5.80429937500000000000e+005	0.00000000000000000000e+000	5.80420000000000000000e+005	1.51340587760000010566e-004	0.00000000000000000000e+000	9.75930252080000002479e+001	0.00000000000000000000e+000	-1.99974940103860806303e-005	0.00000000000000000000e+000	1.50013578508236515444e-004	0.00000000000000000000e+000	2.00130000323988497257e+001	1	1
5.80431437500000000000e+005	0.00000000000000000000e+000	5.80422000000000000000e+005	1.50759820830000010024e-004	0.00000000000000000000e+000	9.85488128660000057835e+001	0.00000000000000000000e+000	-2.24107361798351715782e-005	0.00000000000000000000e+000	1.49084816398490190492e-004	0.00000000000000000000e+000	2.01900000324239954352e+001	1	1
5.80432812500000000000e+005	0.00000000000000000000e+000	5.80424000000000000000e+005	1.50331150509999992518e-004	0.00000000000000000000e+000	9.94864807130000059487e+001	0.00000000000000000000e+000	-2.47768063191441991464e-005	0.00000000000000000000e+000	1.48275300310887525644e-004	0.00000000000000000000e+000	2.03650000324705615640e+001	1	1
5.80435437500000000000e+005	0.00000000000000000000e+000	5.80426000000000000000e+005	1.50084073539999998627e-004	0.00000000000000000000e+000	1.00371406559999996944e+002	0.00000000000000000000e+000	-2.70193719681763869700e-005	0.00000000000000000000e+000	1.47631916159092962731e-004	0.00000000000000000000e+000	2.05430000324267894030e+001	1	1
5.80437500000000000000e+005	0.00000000000000000000e+000	5.80428000000000000000e+005	1.49988991320000006639e-004	0.00000000000000000000e+000	1.01210937500000000000e+002	0.00000000000000000000e+000	-2.91610963654770578900e-005	0.00000000000000000000e+000	1.47126911120822479601e-004	0.00000000000000000000e+000	2.07180000324733555317e+001	1	1
5.80439687500000000000e+005	0.00000000000000000000e+000	5.80430000000000000000e+005	1.49999847049999990864e-004	0.00000000000000000000e+000	1.02032608030000005783e+002	0.00000000000000000000e+000	-3.12702143613730095396e-005	0.00000000000000000000e+000	1.46704218783295974255e-004	0.00000000000000000000e+000	2.08930000324035063386e+001	1	1
5.80441000000000000000e+005	0.00000000000000000000e+000	5.80432000000000000000e+005	1.50093837870000012483e-004	0.00000000000000000000e+000	1.02787353519999996365e+002	0.00000000000000000000e+000	-3.32207531536735659527e-005	0.00000000000000000000e+000	1.46371246242042149554e-004	0.00000000000000000000e+000	2.10710000324761494994e+001	1	1
5.80443812500000000000e+005	0.00000000000000000000e+000	5.80434000000000000000e+005	1.50318694069999993527e-004	0.00000000000000000000e+000	1.03505470279999997274e+002	0.00000000000000000000e+000	-3.51051526186589387302e-005	0.00000000000000000000e+000	1.46162026691377380707e-004	0.00000000000000000000e+000	2.12430000323802232742e+001	1	1
5.80444562500000000000e+005	0.00000000000000000000e+000	5.80436000000000000000e+005	1.50615873280000010532e-004	0.00000000000000000000e+000	1.04185119630000002644e+002	0.00000000000000000000e+000	-3.69092589003462657679e-005	0.00000000000000000000e+000	1.46023449799421702272e-004	0.00000000000000000000e+000	2.14180000324267894030e+001	1	1
5.80447062500000000000e+005	0.00000000000000000000e+000	5.80438000000000000000e+005	1.50930805829999997681e-004	0.00000000000000000000e+000	1.04822624210000000744e+002	0.00000000000000000000e+000	-3.86122468721298238957e-005	0.00000000000000000000e+000	1.45908199015610021664e-004	0.00000000000000000000e+000	2.15950000324519351125e+001	1	1
5.80449187500000000000e+005	0.00000000000000000000e+000	5.80440000000000000000e+005	1.51348984220000003014e-004	0.00000000000000000000e+000	1.05431610109999994052e+002	0.00000000000000000000e+000	-4.02721392356249861398e-005	0.00000000000000000000e+000	1.45892665428431491607e-004	0.00000000000000000000e+000	2.17710000324295833707e+001	1	1
5.80450687500000000000e+005	0.00000000000000000000e+000	5.80442000000000000000e+005	1.51796557470000007158e-004	0.00000000000000000000e+000	1.05988037109999993390e+002	0.00000000000000000000e+000	-4.18103300945759487860e-005	0.00000000000000000000e+000	1.45924950427010985485e-004	0.00000000000000000000e+000	2.19480000324547290802e+001	1	1
5.80452500000000000000e+005	0.00000000000000000000e+000	5.80444000000000000000e+005	1.52253938719999987270e-004	0.00000000000000000000e+000	1.06511207580000004214e+002	0.00000000000000000000e+000	-4.32710052569041712478e-005	0.00000000000000000000e+000	1.45975621114659010868e-004	0.00000000000000000000e+000	2.21250000324798747897e+001	1	1
5.80454125000000000000e+005	0.00000000000000000000e+000	5.80446000000000000000e+005	1.52758322659999999519e-004	0.00000000000000000000e+000	1.07006088259999998513e+002	0.00000000000000000000e+000	-4.46777291612575973463e-005	0.00000000000000000000e+000	1.46078765256590198916e-004	0.00000000000000000000e+000	2.22990000324789434671e+001	1	1
5.80458062500000000000e+005	0.00000000000000000000e+000	5.80448000000000000000e+005	1.53275279440000001012e-004	0.00000000000000000000e+000	1.07482070919999998182e+002	0.00000000000000000000e+000	-4.60450152669851964400e-005	0.00000000000000000000e+000	1.46195649239206807790e-004	0.00000000000000000000e+000	2.24750000324565917253e+001	1	1
5.80460187500000000000e+005	0.00000000000000000000e+000	5.80450000000000000000e+005	1.53805027370000006303e-004	0.00000000000000000000e+000	1.07910995479999996860e+002	0.00000000000000000000e+000	-4.73010749977995220163e-005	0.00000000000000000000e+000	1.46350930124611750558e-004	0.00000000000000000000e+000	2.26530000324128195643e+001	1	1
5.80461375000000000000e+005	0.00000000000000000000e+000	5.80452000000000000000e+005	1.54366018250000000545e-004	0.00000000000000000000e+000	1.08313293459999997026e+002	0.00000000000000000000e+000	-4.85037629991925337957e-005	0.00000000000000000000e+000	1.46547782532788586386e-004	0.00000000000000000000e+000	2.28310000323690474033e+001	1	1
5.80464125000000000000e+005	0.00000000000000000000e+000	5.80454000000000000000e+005	1.54934357850000002871e-004	0.00000000000000000000e+000	1.08695983889999993721e+002	0.00000000000000000000e+000	-4.96636762190416067081e-005	0.00000000000000000000e+000	1.46758899242267624096e-004	0.00000000000000000000e+000	2.30080000323941931129e+001	1	1
5.80465062500000000000e+005	0.00000000000000000000e+000	5.80456000000000000000e+005	1.55476431249999998141e-004	0.00000000000000000000e+000	1.09055503849999993804e+002	0.00000000000000000000e+000	-5.07605544746615399928e-005	0.00000000000000000000e+000	1.46956751405510086059e-004	0.00000000000000000000e+000	2.31820000323932617903e+001	1	1
5.80467625000000000000e+005	0.00000000000000000000e+000	5.80458000000000000000e+005	1.56034089740000008048e-004	0.00000000000000000000e+000	1.09399368289999998183e+002	0.00000000000000000000e+000	-5.18268323988762893441e-005	0.00000000000000000000e+000	1.47175461964585521961e-004	0.00000000000000000000e+000	2.33560000323923304677e+001	1	1
5.80468687500000000000e+005	0.00000000000000000000e+000	5.80460000000000000000e+005	1.56598514879999998074e-004	0.00000000000000000000e+000	1.09715492249999996943e+002	0.00000000000000000000e+000	-5.28284745891342708219e-005	0.00000000000000000000e+000	1.47418611902319765311e-004	0.00000000000000000000e+000	2.35310000324388965964e+001	1	1
5.80471375000000000000e+005	0.00000000000000000000e+000	5.80462000000000000000e+005	1.57154543559999995651e-004	0.00000000000000000000e+000	1.10012237549999994712e+002	0.00000000000000000000e+000	-5.37815551142213328986e-005	0.00000000000000000000e+000	1.47665483072544425919e-004	0.00000000000000000000e+000	2.37050000324379652739e+001	1	1
5.80472812500000000000e+005	0.00000000000000000000e+000	5.80464000000000000000e+005	1.57727627079999989726e-004	0.00000000000000000000e+000	1.10291275020000000495e+002	0.00000000000000000000e+000	-5.46988047028960642820e-005	0.00000000000000000000e+000	1.47939329146653842121e-004	0.00000000000000000000e+000	2.38790000324370339513e+001	1	1
5.80475437500000000000e+005	0.00000000000000000000e+000	5.80466000000000000000e+005	1.58270879180000002264e-004	0.00000000000000000000e+000	1.10557502749999997604e+002	0.00000000000000000000e+000	-5.55763807594321466044e-005	0.00000000000000000000e+000	1.48192230221738598279e-004	0.00000000000000000000e+000	2.40550000324146822095e+001	1	1
5.80476312500000000000e+005	0.00000000000000000000e+000	5.80468000000000000000e+005	1.58813665620000007408e-004	0.00000000000000000000e+000	1.10805130000000005452e+002	0.00000000000000000000e+000	-5.64091259646356624289e-005	0.00000000000000000000e+000	1.48458044226532369413e-004	0.00000000000000000000e+000	2.42330000323709100485e+001	1	1
5.80479375000000000000e+005	0.00000000000000000000e+000	5.80470000000000000000e+005	1.59334726050000004662e-004	0.00000000000000000000e+000	1.11047775270000002479e+002	0.00000000000000000000e+000	-5.72244688398756881078e-005	0.00000000000000000000e+000	1.48704119281957484978e-004	0.00000000000000000000e+000	2.44070000323699787259e+001	1	1
5.80481750000000000000e+005	0.00000000000000000000e+000	5.80472000000000000000e+005	1.59888339109999993255e-004	0.00000000000000000000e+000	1.11265419010000002231e+002	0.00000000000000000000e+000	-5.79897113241536625626e-005	0.00000000000000000000e+000	1.49001591816650324693e-004	0.00000000000000000000e+000	2.45820000324165448546e+001	1	1
5.80483500000000000000e+005	0.00000000000000000000e+000	5.80474000000000000000e+005	1.60404582859999988087e-004	0.00000000000000000000e+000	1.11470451350000004709e+002	0.00000000000000000000e+000	-5.87114957133349373887e-005	0.00000000000000000000e+000	1.49273542443373590394e-004	0.00000000000000000000e+000	2.47570000324631109834e+001	1	1
5.80485812500000000000e+005	0.00000000000000000000e+000	5.80476000000000000000e+005	1.60875089929999991059e-004	0.00000000000000000000e+000	1.11669158940000002644e+002	0.00000000000000000000e+000	-5.94025705177390336365e-005	0.00000000000000000000e+000	1.49506284737032469701e-004	0.00000000000000000000e+000	2.49300000324146822095e+001	1	1
5.80487687500000000000e+005	0.00000000000000000000e+000	5.80478000000000000000e+005	1.61404444949999996417e-004	0.00000000000000000000e+000	1.11866409300000000826e+002	0.00000000000000000000e+000	-6.01140729674416396063e-005	0.00000000000000000000e+000	1.49792166286767767115e-004	0.00000000000000000000e+000	2.51080000323709100485e+001	1	1
5.80489500000000000000e+005	0.00000000000000000000e+000	5.80480000000000000000e+005	1.61881558600000000038e-004	0.00000000000000000000e+000	1.12026985170000003222e+002	0.00000000000000000000e+000	-6.07125787370997854059e-005	0.00000000000000000000e+000	1.50065391739257088504e-004	0.00000000000000000000e+000	2.52860000324435532093e+001	1	1
5.80491562500000000000e+005	0.00000000000000000000e+000	5.80482000000000000000e+005	1.62365322470000010991e-004	0.00000000000000000000e+000	1.12197990419999996448e+002	0.00000000000000000000e+000	-6.13429635176425261996e-005	0.00000000000000000000e+000	1.50331429739959107151e-004	0.00000000000000000000e+000	2.54600000324426218867e+001	1	1
5.80493375000000000000e+005	0.00000000000000000000e+000	5.80484000000000000000e+005	1.62833399369999992645e-004	0.00000000000000000000e+000	1.12356101989999999091e+002	0.00000000000000000000e+000	-6.19356177485709882835e-005	0.00000000000000000000e+000	1.50594472689049294675e-004	0.00000000000000000000e+000	2.56340000324416905642e+001	1	1
5.80494312500000000000e+005	0.00000000000000000000e+000	5.80486000000000000000e+005	1.63302727740000005454e-004	0.00000000000000000000e+000	1.12507888789999995538e+002	0.00000000000000000000e+000	-6.25140155925261358297e-005	0.00000000000000000000e+000	1.50863444020816285301e-004	0.00000000000000000000e+000	2.58090000323718413711e+001	1	1
5.80497187500000000000e+005	0.00000000000000000000e+000	5.80488000000000000000e+005	1.63745367899999986604e-004	0.00000000000000000000e+000	1.12646308899999993969e+002	0.00000000000000000000e+000	-6.30487365457063533413e-005	0.00000000000000000000e+000	1.51120489440368283062e-004	0.00000000000000000000e+000	2.59870000324444845319e+001	1	1
5.80498187500000000000e+005	0.00000000000000000000e+000	5.80490000000000000000e+005	1.64195502289999993974e-004	0.00000000000000000000e+000	1.12782737729999993803e+002	0.00000000000000000000e+000	-6.35827043873409241802e-005	0.00000000000000000000e+000	1.51384948641063420962e-004	0.00000000000000000000e+000	2.61620000323746353388e+001	1	1
5.80501437500000000000e+005	0.00000000000000000000e+000	5.80492000000000000000e+005	1.64621204019999999198e-004	0.00000000000000000000e+000	1.12912010190000003718e+002	0.00000000000000000000e+000	-6.40898344506253265888e-005	0.00000000000000000000e+000	1.51633221732857420040e-004	0.00000000000000000000e+000	2.63390000323997810483e+001	1	1
5.80503875000000000000e+005	0.00000000000000000000e+000	5.80494000000000000000e+005	1.65039760759999988918e-004	0.00000000000000000000e+000	1.13032157900000001405e+002	0.00000000000000000000e+000	-6.45714234458706414855e-005	0.00000000000000000000e+000	1.51883685450057806824e-004	0.00000000000000000000e+000	2.65140000324463471770e+001	1	1
5.80504937500000000000e+005	0.00000000000000000000e+000	5.80496000000000000000e+005	1.65437828400000013461e-004	0.00000000000000000000e+000	1.13147666929999999752e+002	0.00000000000000000000e+000	-6.50339727430145276210e-005	0.00000000000000000000e+000	1.52119221188410942008e-004	0.00000000000000000000e+000	2.66930000324500724673e+001	1	1
5.80507562500000000000e+005	0.00000000000000000000e+000	5.80498000000000000000e+005	1.65860110430000011342e-004	0.00000000000000000000e+000	1.13256706239999999752e+002	0.00000000000000000000e+000	-6.54900907548682046635e-005	0.00000000000000000000e+000	1.52383149477791412845e-004	0.00000000000000000000e+000	2.68690000324277207255e+001	1	1
5.80509250000000000000e+005	0.00000000000000000000e+000	5.80500000000000000000e+005	1.66275538500000006096e-004	0.00000000000000000000e+000	1.13368438720000000330e+002	0.00000000000000000000e+000	-6.59519046901732049334e-005	0.00000000000000000000e+000	1.52636499472450209297e-004	0.00000000000000000000e+000	2.70470000323839485645e+001	1	1
5.80510875000000000000e+005	0.00000000000000000000e+000	5.80502000000000000000e+005	1.66642072139999995782e-004	0.00000000000000000000e+000	1.13462524410000000330e+002	0.00000000000000000000e+000	-6.63483958724024814246e-005	0.00000000000000000000e+000	1.52864222669243075576e-004	0.00000000000000000000e+000	2.72220000324305146933e+001	1	1
5.80513187500000000000e+005	0.00000000000000000000e+000	5.80504000000000000000e+005	1.67029036670000006516e-004	0.00000000000000000000e+000	1.13553367609999995125e+002	0.00000000000000000000e+000	-6.67453127824157299705e-005	0.00000000000000000000e+000	1.53113560184869651384e-004	0.00000000000000000000e+000	2.73980000324081629515e+001	1	1
5.80515125000000000000e+005	0.00000000000000000000e+000	5.80506000000000000000e+005	1.67400110509999998582e-004	0.00000000000000000000e+000	1.13654090879999998265e+002	0.00000000000000000000e+000	-6.71632558931266148133e-005	0.00000000000000000000e+000	1.53335886395176924837e-004	0.00000000000000000000e+000	2.75740000323858112097e+001	1	1
5.80517687500000000000e+005	0.00000000000000000000e+000	5.80508000000000000000e+005	1.67754478750000004866e-004	0.00000000000000000000e+000	1.13735771180000000413e+002	0.00000000000000000000e+000	-6.75244217688325185350e-005	0.00000000000000000000e+000	1.53564376095072967557e-004	0.00000000000000000000e+000	2.77510000324109569192e+001	1	1
5.80520500000000000000e+005	0.00000000000000000000e+000	5.80510000000000000000e+005	1.68107624630000007876e-004	0.00000000000000000000e+000	1.13824752810000006775e+002	0.00000000000000000000e+000	-6.79054790828604947590e-005	0.00000000000000000000e+000	1.53782376653725121919e-004	0.00000000000000000000e+000	2.79270000323886051774e+001	1	1
5.80521125000000000000e+005	0.00000000000000000000e+000	5.80512000000000000000e+005	1.68481506990000005648e-004	0.00000000000000000000e+000	1.13903694150000006857e+002	0.00000000000000000000e+000	-6.82687911312625695000e-005	0.00000000000000000000e+000	1.54030485148549305206e-004	0.00000000000000000000e+000	2.81010000323876738548e+001	1	1
5.80522625000000000000e+005	0.00000000000000000000e+000	5.80514000000000000000e+005	1.68813203350000004023e-004	0.00000000000000000000e+000	1.13977920530000005783e+002	0.00000000000000000000e+000	-6.86030757369198080677e-005	0.00000000000000000000e+000	1.54244985736077963806e-004	0.00000000000000000000e+000	2.82760000324342399836e+001	1	1
5.80524562500000000000e+005	0.00000000000000000000e+000	5.80516000000000000000e+005	1.69148479470000013105e-004	0.00000000000000000000e+000	1.14049888609999996447e+002	0.00000000000000000000e+000	-6.89334013126000798776e-005	0.00000000000000000000e+000	1.54464864258798469532e-004	0.00000000000000000000e+000	2.84500000324333086610e+001	1	1
5.80527687500000000000e+005	0.00000000000000000000e+000	5.80518000000000000000e+005	1.69465041839999988691e-004	0.00000000000000000000e+000	1.14121147160000006693e+002	0.00000000000000000000e+000	-6.92548240247836677241e-005	0.00000000000000000000e+000	1.54667933829637709942e-004	0.00000000000000000000e+000	2.86260000324109569192e+001	1	1
5.80528875000000000000e+005	0.00000000000000000000e+000	5.80520000000000000000e+005	1.69789185750000013505e-004	0.00000000000000000000e+000	1.14189491270000004874e+002	0.00000000000000000000e+000	-6.95720870358822488996e-005	0.00000000000000000000e+000	1.54880897153650395805e-004	0.00000000000000000000e+000	2.88010000324575230479e+001	1	1
5.80531562500000000000e+005	0.00000000000000000000e+000	5.80522000000000000000e+005	1.70092447659999995106e-004	0.00000000000000000000e+000	1.14251678470000001653e+002	0.00000000000000000000e+000	-6.98647127903624128161e-005	0.00000000000000000000e+000	1.55081793443621272213e-004	0.00000000000000000000e+000	2.89770000324351713061e+001	1	1
5.80533000000000000000e+005	0.00000000000000000000e+000	5.80524000000000000000e+005	1.70403596710000002860e-004	0.00000000000000000000e+000	1.14306777949999997190e+002	0.00000000000000000000e+000	-7.01418933936444414503e-005	0.00000000000000000000e+000	1.55298102251311939724e-004	0.00000000000000000000e+000	2.91540000324603170156e+001	1	1
5.80534375000000000000e+005	0.00000000000000000000e+000	5.80526000000000000000e+005	1.70682134919999993830e-004	0.00000000000000000000e+000	1.14368812559999994960e+002	0.00000000000000000000e+000	-7.04249220432322405299e-005	0.00000000000000000000e+000	1.55475790835916770479e-004	0.00000000000000000000e+000	2.93250000324333086610e+001	1	1
5.80536812500000000000e+005	0.00000000000000000000e+000	5.80528000000000000000e+005	1.71000036059999993262e-004	0.00000000000000000000e+000	1.14430587770000002479e+002	0.00000000000000000000e+000	-7.07239929847509641051e-005	0.00000000000000000000e+000	1.55689206911764421249e-004	0.00000000000000000000e+000	2.95050000323681160808e+001	1	1
5.80538562500000000000e+005	0.00000000000000000000e+000	5.80530000000000000000e+005	1.71280873469999996538e-004	0.00000000000000000000e+000	1.14483978269999994382e+002	0.00000000000000000000e+000	-7.09854295910220016918e-005	0.00000000000000000000e+000	1.55878819608130876661e-004	0.00000000000000000000e+000	2.96840000323718413711e+001	1	1
5.80541500000000000000e+005	0.00000000000000000000e+000	5.80532000000000000000e+005	1.71538660650000007518e-004	0.00000000000000000000e+000	1.14534919740000006527e+002	0.00000000000000000000e+000	-7.12310383471662046315e-005	0.00000000000000000000e+000	1.56050156275411636402e-004	0.00000000000000000000e+000	2.98620000324444845319e+001	1	1
5.80543500000000000000e+005	0.00000000000000000000e+000	5.80534000000000000000e+005	1.71802967089999992925e-004	0.00000000000000000000e+000	1.14581802370000005453e+002	0.00000000000000000000e+000	-7.14686528549244323803e-005	0.00000000000000000000e+000	1.56232170694866543932e-004	0.00000000000000000000e+000	3.00370000323746353388e+001	1	1
