0.	66.7986145472538
0.09299999999999997	66.7986145472538
0.18700000000000028	30.67788223651661
0.28000000000000025	39.831766452251316
0.3740000000000001	36.86293913904012
0.46799999999999997	35.625927758535454
0.5609999999999999	34.63631865413163
0.6550000000000002	34.63631865413163
0.7480000000000002	36.36813458683821
0.8420000000000001	35.1311232063336
0.9359999999999999	34.63631865413163
1.029	34.38891637803073
1.1230000000000002	34.14151410192977
1.2160000000000002	34.14151410192977
1.31	33.89411182582887
1.404	33.89411182582887
1.4970000000000003	33.64670954972786
1.5910000000000002	33.39930727362702
1.6840000000000002	33.151904997526
1.7780000000000005	33.151904997526
1.8719999999999999	33.151904997526
1.9649999999999999	32.904502721425104
2.059	32.65710044532409
2.152	32.65710044532409
2.2460000000000004	32.40969816922319
2.34	32.40969816922319
2.433	32.40969816922319
2.527	32.162295893122234
2.62	32.162295893122234
2.7140000000000004	32.162295893122234
2.808	32.162295893122234
2.901	31.914893617021335
2.995	31.667491340920378
3.088	31.667491340920378
3.1820000000000004	31.667491340920378
3.276	31.420089064819365
3.3689999999999998	31.420089064819365
3.463	31.420089064819365
3.556	31.420089064819365
3.6500000000000004	31.420089064819365
3.7439999999999998	31.420089064819365
3.8369999999999997	31.172686788718522
3.931	31.172686788718522
4.024	31.172686788718522
4.118	31.172686788718522
4.212	31.172686788718522
4.305	31.172686788718522
4.399	31.172686788718522
4.492	31.172686788718522
4.586	31.172686788718522
4.68	31.172686788718522
4.773	31.172686788718522
4.867	31.172686788718522
4.96	31.420089064819365
5.054	31.420089064819365
5.148	31.667491340920378
5.2410000000000005	32.162295893122234
5.335	32.40969816922319
5.428	32.65710044532409
5.522	33.151904997526
5.6160000000000005	33.151904997526
5.709	33.64670954972786
5.803000000000001	33.89411182582887
5.896000000000001	34.14151410192977
5.99	34.63631865413163
6.084	34.63631865413163
6.177	35.1311232063336
6.271000000000001	35.37852548243444
6.364000000000001	35.625927758535454
6.458	35.8733300346363
6.552	36.12073231073731
6.645	36.12073231073731
6.739000000000001	36.12073231073731
6.832000000000001	36.12073231073731
6.926	36.36813458683821
7.02	36.36813458683821
7.1129999999999995	36.36813458683821
7.207000000000001	36.36813458683821
7.300000000000001	36.36813458683821
7.394	36.36813458683821
7.4879999999999995	36.615536862939166
7.5809999999999995	36.615536862939166
7.675000000000001	36.36813458683821
7.768000000000001	36.36813458683821
7.862	36.36813458683821
7.9559999999999995	36.36813458683821
8.049	36.12073231073731
8.143	36.12073231073731
8.236	36.12073231073731
8.33	36.12073231073731
8.424	36.12073231073731
8.517	36.12073231073731
8.611	36.12073231073731
8.704	35.8733300346363
8.798	35.8733300346363
8.892	35.8733300346363
8.985	35.8733300346363
9.079	35.625927758535454
9.172	35.625927758535454
9.266	35.37852548243444
9.36	35.37852548243444
9.453	35.37852548243444
9.547	35.37852548243444
9.64	35.37852548243444
9.734	35.1311232063336
9.828	35.1311232063336
9.921	35.1311232063336
10.015	34.883720930232585
10.108	34.883720930232585
10.202	34.883720930232585
10.296	34.63631865413163
10.389	34.63631865413163
10.483	34.63631865413163
10.576	34.38891637803073
10.67	34.38891637803073
10.764	34.38891637803073
10.857	34.14151410192977
10.951	34.14151410192977
11.044	34.14151410192977
11.138	34.14151410192977
11.232	33.89411182582887
11.325	33.89411182582887
11.419	33.64670954972786
11.512	33.64670954972786
11.606	33.64670954972786
11.7	33.64670954972786
11.793	33.39930727362702
11.887	33.39930727362702
11.98	33.39930727362702
12.074	33.151904997526
12.168	33.151904997526
12.261000000000001	33.151904997526
12.355	33.151904997526
12.448	33.151904997526
12.542	32.904502721425104
12.636000000000001	32.904502721425104
12.729000000000001	32.904502721425104
12.823	32.904502721425104
12.916	32.65710044532409
13.01	32.65710044532409
13.104000000000001	32.40969816922319
13.197000000000001	32.40969816922319
13.291	32.40969816922319
13.384	32.40969816922319
13.478	32.40969816922319
13.572000000000001	32.162295893122234
13.665000000000001	32.162295893122234
13.758999999999999	32.162295893122234
13.851999999999999	32.162295893122234
13.946	32.162295893122234
14.040000000000001	31.914893617021335
14.133000000000001	31.914893617021335
14.226999999999999	31.914893617021335
14.319999999999999	31.914893617021335
14.414	31.667491340920378
14.508000000000001	31.667491340920378
14.601	31.667491340920378
14.694999999999999	31.667491340920378
14.787999999999998	31.420089064819365
14.882	31.420089064819365
14.976	31.420089064819365
15.069	31.420089064819365
15.162999999999998	31.172686788718522
15.255999999999998	31.172686788718522
15.35	31.172686788718522
15.444	31.172686788718522
15.537	30.92528451261751
15.630999999999998	30.92528451261751
15.723999999999998	30.92528451261751
15.818	30.67788223651661
15.912	30.67788223651661
16.005000000000003	30.67788223651661
16.098999999999997	30.67788223651661
16.192	30.430479960415653
16.286	30.430479960415653
16.380000000000003	30.430479960415653
16.473	30.430479960415653
16.567	30.430479960415653
16.659999999999997	30.183077684314753
16.753999999999998	30.183077684314753
16.848	30.183077684314753
16.941000000000003	29.935675408213797
17.034999999999997	29.935675408213797
17.128	29.935675408213797
17.222	29.935675408213797
17.316000000000003	29.688273132112784
17.409	29.688273132112784
17.503	29.688273132112784
17.596000000000004	29.688273132112784
17.689999999999998	29.44087085601194
17.784	29.44087085601194
17.877000000000002	29.44087085601194
17.971000000000004	29.44087085601194
18.064	29.193468579910927
18.158	29.193468579910927
18.252000000000002	29.193468579910927
18.345	28.946066303810085
18.439	28.946066303810085
18.532000000000004	28.946066303810085
18.625999999999998	28.69866402770907
18.72	28.69866402770907
18.813000000000002	28.69866402770907
18.907000000000004	28.69866402770907
19.	28.69866402770907
19.094	28.451261751608115
19.188000000000002	28.451261751608115
19.281	28.451261751608115
19.375	28.203859475507215
19.468000000000004	28.203859475507215
19.561999999999998	28.203859475507215
19.656	27.95645719940626
19.749000000000002	27.95645719940626
19.843000000000004	27.95645719940626
19.936	27.95645719940626
20.03	27.95645719940626
20.124000000000002	27.70905492330536
20.217	27.70905492330536
20.311	27.70905492330536
20.404000000000003	27.70905492330536
20.497999999999998	27.70905492330536
20.592	27.70905492330536
20.685000000000002	27.461652647204346
20.779000000000003	27.461652647204346
20.872	27.461652647204346
20.966	27.461652647204346
21.060000000000002	27.214250371103503
21.153	27.214250371103503
21.247	27.214250371103503
21.340000000000003	26.96684809500249
21.433999999999997	26.96684809500249
21.528	26.96684809500249
21.621000000000002	26.96684809500249
21.715000000000003	26.719445818901647
21.808	26.719445818901647
21.902	26.719445818901647
21.996000000000002	26.719445818901647
22.089	26.719445818901647
22.183	26.472043542800634
22.276000000000003	26.472043542800634
22.369999999999997	26.472043542800634
22.464	26.224641266699678
22.557000000000002	26.224641266699678
22.651000000000003	26.224641266699678
22.744	26.224641266699678
22.838	26.224641266699678
22.932000000000002	25.97723899059872
23.025	25.97723899059872
23.119	25.97723899059872
23.212000000000003	25.97723899059872
23.305999999999997	25.72983671449782
23.4	25.72983671449782
23.493000000000002	25.72983671449782
23.587000000000003	25.72983671449782
23.68	25.72983671449782
23.774	25.482434438396865
23.868000000000002	25.482434438396865
23.961	25.482434438396865
24.055	25.235032162295852
24.148000000000003	25.235032162295852
24.241999999999997	25.235032162295852
24.336	25.235032162295852
24.429000000000002	24.98762988619501
24.523000000000003	24.98762988619501
24.616	24.98762988619501
24.71	24.98762988619501
24.804000000000002	24.98762988619501
24.897	24.740227610093996
24.991	24.740227610093996
25.084000000000003	24.740227610093996
25.177999999999997	24.740227610093996
25.272	24.740227610093996
25.365000000000002	24.740227610093996
25.459000000000003	24.492825333993153
25.552	24.492825333993153
25.646	24.492825333993153
25.740000000000002	24.24542305789214
25.833	24.24542305789214
25.927	24.492825333993153
26.020000000000003	24.24542305789214
26.113999999999997	24.24542305789214
26.208	24.24542305789214
26.301000000000002	24.24542305789214
26.395000000000003	24.24542305789214
26.488	23.99802078179124
26.582	23.99802078179124
26.676000000000002	23.99802078179124
26.769	23.99802078179124
26.863	23.99802078179124
26.956000000000003	23.99802078179124
27.049999999999997	23.750618505690284
27.144	23.750618505690284
27.237000000000002	23.750618505690284
27.331000000000003	23.750618505690284
27.424	23.750618505690284
27.518	23.750618505690284
27.612000000000002	23.503216229589384
27.705	23.503216229589384
27.799	23.503216229589384
27.892000000000003	23.503216229589384
27.985999999999997	23.503216229589384
28.08	23.255813953488428
28.173000000000002	23.255813953488428
28.267000000000003	23.255813953488428
28.36	23.255813953488428
28.454	23.255813953488428
28.548000000000002	23.255813953488428
28.641	23.008411677387414
28.735	23.008411677387414
28.828000000000003	23.008411677387414
28.921999999999997	23.008411677387414
29.016	23.008411677387414
29.109	23.008411677387414
29.203000000000003	22.761009401286515
29.296	22.761009401286515
29.39	22.761009401286515
29.484	22.761009401286515
29.576999999999998	22.513607125185615
29.671	22.513607125185615
29.763999999999996	22.513607125185615
29.857999999999997	22.513607125185615
29.951999999999998	22.513607125185615
30.045	22.513607125185615
30.138999999999996	22.513607125185615
30.232	22.513607125185615
30.326	22.266204849084602
30.42	22.513607125185615
30.512999999999998	22.266204849084602
30.607	22.266204849084602
30.699999999999996	22.266204849084602
30.793999999999997	22.266204849084602
30.887999999999998	22.266204849084602
30.981	22.018802572983702
31.074999999999996	22.018802572983702
31.168	22.018802572983702
31.262	22.018802572983702
31.356	22.018802572983702
31.448999999999998	22.018802572983702
31.543	22.018802572983702
31.635999999999996	21.771400296882746
31.729999999999997	21.771400296882746
31.823999999999998	21.771400296882746
31.917	21.771400296882746
32.010999999999996	21.771400296882746
32.104	21.771400296882746
32.198	21.771400296882746
32.292	21.523998020781846
32.385	21.523998020781846
32.479	21.523998020781846
32.571999999999996	21.523998020781846
32.666	21.523998020781846
32.76	21.523998020781846
32.853	21.27659574468089
32.946999999999996	21.27659574468089
33.04	21.523998020781846
33.134	21.523998020781846
33.228	21.27659574468089
33.321	21.27659574468089
33.415	21.27659574468089
33.507999999999996	21.27659574468089
33.602	21.27659574468089
33.696	21.029193468579933
33.789	21.029193468579933
33.882999999999996	21.27659574468089
33.976	21.029193468579933
34.07	21.029193468579933
34.164	21.029193468579933
34.257	21.029193468579933
34.351	21.029193468579933
34.443999999999996	21.029193468579933
34.538	21.029193468579933
34.632	21.029193468579933
34.725	21.029193468579933
34.818999999999996	20.781791192478977
34.912	20.781791192478977
35.006	20.781791192478977
35.1	20.781791192478977
35.193	20.781791192478977
35.287	20.781791192478977
35.379999999999995	20.781791192478977
35.474	20.534388916378077
35.568	20.534388916378077
35.661	20.534388916378077
35.754999999999995	20.534388916378077
35.848	20.534388916378077
35.942	20.534388916378077
36.036	20.534388916378077
36.129	20.534388916378077
36.223	20.534388916378077
36.315999999999995	20.28698664027712
36.41	20.28698664027712
36.504	20.28698664027712
36.597	20.28698664027712
36.690999999999995	20.28698664027712
36.784	20.28698664027712
36.878	20.28698664027712
36.972	20.28698664027712
37.065	20.28698664027712
37.159	20.28698664027712
37.251999999999995	20.039584364176164
37.346	20.039584364176164
37.44	20.28698664027712
37.533	20.039584364176164
37.626999999999995	20.039584364176164
37.72	20.039584364176164
37.814	20.039584364176164
37.908	20.039584364176164
38.001	20.039584364176164
38.095	20.039584364176164
38.187999999999995	20.039584364176164
38.282	20.039584364176164
38.376	20.039584364176164
38.469	19.792182088075265
38.562999999999995	19.792182088075265
38.656	19.792182088075265
38.75	19.792182088075265
38.844	19.792182088075265
38.937	19.792182088075265
39.031	19.792182088075265
39.123999999999995	19.792182088075265
39.217999999999996	19.792182088075265
39.312	19.792182088075265
39.405	19.792182088075265
39.498999999999995	19.792182088075265
39.592	19.54477981197431
39.686	19.792182088075265
39.78	19.792182088075265
39.873	19.54477981197431
39.967	19.54477981197431
40.059999999999995	19.54477981197431
40.153999999999996	19.54477981197431
40.248	19.54477981197431
40.341	19.54477981197431
40.434999999999995	19.54477981197431
40.528	19.297377535873352
40.622	19.297377535873352
40.716	19.297377535873352
40.809	19.297377535873352
40.903	19.297377535873352
40.995999999999995	19.297377535873352
41.089999999999996	19.297377535873352
41.184	19.297377535873352
41.277	19.049975259772395
41.370999999999995	19.049975259772395
41.464	19.049975259772395
41.558	19.049975259772395
41.652	19.049975259772395
41.745	19.049975259772395
41.839	19.049975259772395
41.931999999999995	19.049975259772395
42.025999999999996	19.049975259772395
42.12	19.049975259772395
42.213	19.049975259772395
42.306999999999995	18.802572983671496
42.4	18.802572983671496
42.494	18.802572983671496
42.588	18.802572983671496
42.681	18.802572983671496
42.775	18.802572983671496
42.867999999999995	18.802572983671496
42.961999999999996	18.802572983671496
43.056	18.55517070757054
43.149	18.802572983671496
43.242999999999995	18.55517070757054
43.336	18.55517070757054
43.43	18.55517070757054
43.524	18.55517070757054
43.617	18.55517070757054
43.711	18.55517070757054
43.803999999999995	18.55517070757054
43.897999999999996	18.55517070757054
43.992	18.55517070757054
44.085	18.55517070757054
44.178999999999995	18.30776843146964
44.272	18.30776843146964
44.366	18.30776843146964
44.46	18.30776843146964
44.553	18.30776843146964
44.647	18.30776843146964
44.739999999999995	18.30776843146964
44.833999999999996	18.30776843146964
44.928	18.30776843146964
45.021	18.30776843146964
45.114999999999995	18.30776843146964
45.208	18.060366155368627
45.302	18.30776843146964
45.396	18.060366155368627
45.489	18.060366155368627
45.583	18.060366155368627
45.675999999999995	18.060366155368627
45.769999999999996	18.060366155368627
45.864	18.060366155368627
45.957	18.060366155368627
46.050999999999995	18.060366155368627
46.144	18.060366155368627
46.238	17.812963879267727
46.332	17.812963879267727
46.425	18.060366155368627
46.519	17.812963879267727
46.612	17.812963879267727
46.705999999999996	17.812963879267727
46.8	17.812963879267727
46.893	17.56556160316677
46.987	17.812963879267727
47.08	17.56556160316677
47.174	17.56556160316677
47.268	17.56556160316677
47.361	17.56556160316677
47.455	17.56556160316677
47.548	17.56556160316677
47.641999999999996	17.56556160316677
47.736	17.56556160316677
47.829	17.56556160316677
47.923	17.56556160316677
48.016	17.56556160316677
48.11	17.31815932706587
48.204	17.31815932706587
48.297	17.31815932706587
48.391	17.31815932706587
48.484	17.31815932706587
48.577999999999996	17.31815932706587
48.672	17.31815932706587
48.765	17.31815932706587
48.859	17.31815932706587
48.952	17.31815932706587
49.046	17.31815932706587
49.14	17.070757050964914
49.233	17.070757050964914
49.327	17.070757050964914
49.42	17.070757050964914
49.513999999999996	17.070757050964914
49.608	17.070757050964914
49.701	17.070757050964914
49.795	17.070757050964914
49.888	17.070757050964914
49.982	17.070757050964914
50.076	17.070757050964914
50.169	16.823354774863958
50.263	16.823354774863958
50.356	16.823354774863958
50.449999999999996	16.823354774863958
50.544	16.823354774863958
50.637	16.823354774863958
50.731	16.823354774863958
50.824	16.823354774863958
50.918	16.823354774863958
51.012	16.823354774863958
51.105	16.575952498763
51.199	16.575952498763
51.292	16.575952498763
51.385999999999996	16.575952498763
51.48	16.575952498763
51.573	16.575952498763
51.667	16.575952498763
51.76	16.575952498763
51.854	16.328550222662102
51.948	16.328550222662102
52.041	16.328550222662102
52.135	16.328550222662102
52.228	16.328550222662102
52.321999999999996	16.328550222662102
52.416	16.328550222662102
52.509	16.081147946561146
52.603	16.081147946561146
52.696	16.081147946561146
52.79	16.081147946561146
52.884	16.328550222662102
52.977	16.081147946561146
53.071	16.081147946561146
53.164	16.081147946561146
53.257999999999996	16.081147946561146
53.352	16.081147946561146
53.445	15.833745670460189
53.539	15.833745670460189
53.632	15.833745670460189
53.726	15.833745670460189
53.82	15.833745670460189
53.913	15.833745670460189
54.007	15.833745670460189
54.1	15.833745670460189
54.193999999999996	15.833745670460189
54.288	15.833745670460189
54.381	15.833745670460189
54.475	15.586343394359233
54.568	15.586343394359233
54.662	15.586343394359233
54.756	15.586343394359233
54.849	15.586343394359233
54.943	15.586343394359233
55.036	15.586343394359233
55.129999999999995	15.586343394359233
55.224	15.586343394359233
55.317	15.338941118258333
55.411	15.338941118258333
55.504	15.338941118258333
55.598	15.338941118258333
55.692	15.338941118258333
55.785	15.338941118258333
55.879	15.338941118258333
55.972	15.338941118258333
56.065999999999995	15.338941118258333
56.16	15.338941118258333
56.253	15.091538842157377
56.347	15.091538842157377
56.44	15.091538842157377
56.534	15.091538842157377
56.628	15.091538842157377
56.721	15.091538842157377
56.815	15.091538842157377
56.908	15.091538842157377
57.001999999999995	15.091538842157377
57.096	15.091538842157377
57.189	15.091538842157377
57.283	15.091538842157377
57.376	15.091538842157377
57.47	14.84413656605642
57.564	14.84413656605642
57.657	14.84413656605642
57.751	14.84413656605642
57.844	14.84413656605642
57.937999999999995	14.84413656605642
58.032	14.84413656605642
58.125	14.84413656605642
58.219	14.84413656605642
58.312	14.59673428995552
58.406	14.59673428995552
58.5	14.59673428995552
58.592999999999996	14.59673428995552
58.687	14.59673428995552
58.78	14.59673428995552
58.873999999999995	14.59673428995552
58.967999999999996	14.59673428995552
59.061	14.59673428995552
59.155	14.59673428995552
59.248	14.59673428995552
59.342	14.349332013854564
59.436	14.349332013854564
59.528999999999996	14.349332013854564
59.623	14.349332013854564
59.716	14.349332013854564
59.809999999999995	14.349332013854564
59.903999999999996	14.349332013854564
59.997	14.349332013854564
60.091	14.349332013854564
60.184	14.349332013854564
60.278	14.349332013854564
60.372	14.349332013854564
60.464999999999996	14.349332013854564
60.559	14.349332013854564
60.652	14.101929737753608
60.745999999999995	14.101929737753608
60.839999999999996	14.101929737753608
60.933	14.101929737753608
61.027	14.101929737753608
61.12	14.101929737753608
61.214	14.101929737753608
61.308	14.101929737753608
61.400999999999996	14.101929737753608
61.495	14.101929737753608
61.588	13.854527461652651
61.681999999999995	14.101929737753608
61.776	13.854527461652651
61.86899999999999	13.854527461652651
61.963	13.854527461652651
62.056000000000004	13.854527461652651
62.15	13.854527461652651
62.24399999999999	13.854527461652651
62.336999999999996	13.854527461652651
62.431000000000004	13.854527461652651
62.523999999999994	13.854527461652651
62.618	13.854527461652651
62.711999999999996	13.854527461652651
62.805	13.854527461652651
62.898999999999994	13.854527461652651
62.992	13.854527461652651
63.08599999999999	13.854527461652651
63.18	13.854527461652651
63.273	13.607125185551752
63.367	13.607125185551752
63.46	13.607125185551752
63.553999999999995	13.607125185551752
63.648	13.607125185551752
63.74099999999999	13.607125185551752
63.835	13.607125185551752
63.928000000000004	13.607125185551752
64.022	13.607125185551752
64.116	13.607125185551752
64.209	13.607125185551752
64.30300000000001	13.607125185551752
64.396	13.607125185551752
64.49000000000001	13.607125185551752
64.584	13.607125185551752
64.677	13.607125185551752
64.771	13.359722909450795
64.864	13.359722909450795
64.958	13.607125185551752
65.052	13.359722909450795
65.14500000000001	13.359722909450795
65.239	13.359722909450795
65.33200000000001	13.359722909450795
65.426	13.359722909450795
65.52000000000001	13.359722909450795
65.613	13.359722909450795
65.70700000000001	13.359722909450795
65.80000000000001	13.359722909450795
65.894	13.359722909450795
65.988	13.359722909450795
66.081	13.359722909450795
66.17500000000001	13.359722909450795
66.268	13.112320633349896
66.36200000000001	13.112320633349896
66.456	13.112320633349896
66.549	13.112320633349896
66.643	13.112320633349896
66.736	13.112320633349896
66.83000000000001	13.112320633349896
66.924	13.112320633349896
67.01700000000001	13.112320633349896
67.111	13.112320633349896
67.20400000000001	13.112320633349896
67.298	13.112320633349896
67.39200000000001	13.112320633349896
67.485	12.86491835724894
67.57900000000001	12.86491835724894
67.67200000000001	12.86491835724894
67.766	12.86491835724894
67.86	13.112320633349896
67.953	13.112320633349896
68.04700000000001	12.86491835724894
68.14	12.86491835724894
68.23400000000001	12.86491835724894
68.328	12.86491835724894
68.421	12.86491835724894
68.515	12.86491835724894
68.608	12.86491835724894
68.70200000000001	12.86491835724894
68.796	12.86491835724894
68.88900000000001	12.86491835724894
68.983	12.617516081147983
69.07600000000001	12.617516081147983
69.17	12.617516081147983
69.26400000000001	12.617516081147983
69.357	12.617516081147983
69.45100000000001	12.617516081147983
69.54400000000001	12.617516081147983
69.638	12.617516081147983
69.732	12.617516081147983
69.825	12.617516081147983
69.91900000000001	12.617516081147983
70.012	12.617516081147983
70.10600000000001	12.617516081147983
70.2	12.617516081147983
70.293	12.617516081147983
70.387	12.617516081147983
70.48	12.617516081147983
70.57400000000001	12.370113805047026
70.668	12.370113805047026
70.76100000000001	12.370113805047026
70.855	12.370113805047026
70.94800000000001	12.370113805047026
71.042	12.370113805047026
71.13600000000001	12.122711528946127
71.229	12.122711528946127
71.32300000000001	12.122711528946127
71.41600000000001	12.122711528946127
71.51	12.122711528946127
71.604	12.122711528946127
71.697	11.87530925284517
71.79100000000001	11.87530925284517
71.884	11.87530925284517
71.97800000000001	11.87530925284517
72.072	11.87530925284517
72.165	11.87530925284517
72.259	11.87530925284517
72.352	11.87530925284517
72.44600000000001	11.87530925284517
72.54	11.87530925284517
72.63300000000001	11.87530925284517
72.727	11.87530925284517
72.82000000000001	11.87530925284517
72.914	11.87530925284517
73.00800000000001	11.87530925284517
73.101	11.87530925284517
73.19500000000001	11.627906976744214
73.28800000000001	11.87530925284517
73.382	11.627906976744214
73.476	11.627906976744214
73.569	11.627906976744214
73.66300000000001	11.627906976744214
73.756	11.627906976744214
73.85000000000001	11.627906976744214
73.944	11.627906976744214
74.037	11.627906976744214
74.131	11.627906976744214
74.224	11.627906976744214
74.31800000000001	11.627906976744214
74.412	11.627906976744214
74.50500000000001	11.627906976744214
74.599	11.380504700643257
74.69200000000001	11.380504700643257
74.786	11.380504700643257
74.88000000000001	11.380504700643257
74.973	11.380504700643257
75.06700000000001	11.380504700643257
75.16000000000001	11.380504700643257
75.254	11.380504700643257
75.348	11.380504700643257
75.441	11.380504700643257
75.53500000000001	11.380504700643257
75.628	11.380504700643257
75.72200000000001	11.380504700643257
75.816	11.133102424542358
75.909	11.133102424542358
76.003	11.133102424542358
76.096	11.133102424542358
76.19000000000001	11.133102424542358
76.284	11.133102424542358
76.37700000000001	11.133102424542358
76.471	11.133102424542358
76.56400000000001	11.133102424542358
76.658	10.885700148441401
76.75200000000001	10.885700148441401
76.845	10.885700148441401
76.93900000000001	10.885700148441401
77.03200000000001	10.885700148441401
77.126	10.885700148441401
77.22	10.885700148441401
77.313	10.885700148441401
77.40700000000001	10.638297872340445
77.5	10.638297872340445
77.59400000000001	10.638297872340445
77.688	10.638297872340445
77.781	10.638297872340445
77.875	10.638297872340445
77.968	10.390895596239488
78.06200000000001	10.390895596239488
78.156	10.638297872340445
78.24900000000001	10.390895596239488
78.343	10.390895596239488
78.436	10.390895596239488
78.53	10.390895596239488
78.62400000000001	10.390895596239488
78.717	10.390895596239488
78.811	10.390895596239488
78.90400000000001	10.390895596239488
78.998	10.390895596239488
79.092	10.390895596239488
79.185	10.390895596239488
79.27900000000001	10.390895596239488
79.372	10.390895596239488
79.46600000000001	10.390895596239488
79.56	10.390895596239488
79.653	10.390895596239488
79.747	10.143493320138589
79.84	10.143493320138589
79.93400000000001	10.143493320138589
80.028	10.143493320138589
80.12100000000001	10.143493320138589
80.215	10.143493320138589
80.308	9.896091044037632
80.402	9.896091044037632
80.49600000000001	9.896091044037632
80.589	9.896091044037632
80.683	9.648688767936676
80.77600000000001	9.648688767936676
80.87	9.648688767936676
80.964	9.648688767936676
81.057	9.648688767936676
81.15100000000001	9.648688767936676
81.244	9.648688767936676
81.33800000000001	9.401286491835776
81.432	9.648688767936676
81.525	9.401286491835776
81.619	9.401286491835776
81.712	9.401286491835776
81.80600000000001	9.401286491835776
81.9	9.401286491835776
81.99300000000001	9.401286491835776
82.087	9.401286491835776
82.18	9.401286491835776
82.274	9.401286491835776
82.36800000000001	9.401286491835776
82.461	9.401286491835776
82.555	9.401286491835776
82.64800000000001	9.401286491835776
82.742	9.401286491835776
82.836	9.15388421573482
82.929	9.15388421573482
83.02300000000001	9.15388421573482
83.116	9.15388421573482
83.21000000000001	9.15388421573482
83.304	9.15388421573482
83.397	9.15388421573482
83.491	9.15388421573482
83.584	9.15388421573482
83.67800000000001	9.15388421573482
83.772	9.15388421573482
83.86500000000001	9.15388421573482
83.959	8.906481939633863
84.052	9.15388421573482
84.146	9.15388421573482
84.24000000000001	9.15388421573482
84.333	9.15388421573482
84.427	9.15388421573482
84.52000000000001	8.906481939633863
84.614	8.906481939633863
84.708	8.906481939633863
84.801	8.906481939633863
84.89500000000001	8.906481939633863
84.988	8.906481939633863
85.08200000000001	8.906481939633863
85.176	8.906481939633863
85.269	8.906481939633863
85.363	8.411677387432007
85.456	8.411677387432007
85.55000000000001	8.411677387432007
85.644	7.916872835230151
85.73700000000001	7.4220682830282385
85.831	7.4220682830282385
85.924	7.4220682830282385
86.018	7.4220682830282385
86.11200000000001	7.174666006927282
86.20500000000001	7.174666006927282
86.299	7.174666006927282
86.39200000000001	7.174666006927282
86.486	6.9272637308263825
86.58000000000001	6.9272637308263825
86.673	6.9272637308263825
86.76700000000001	6.9272637308263825
86.86	6.679861454725426
86.95400000000001	6.679861454725426
87.048	6.679861454725426
87.141	6.679861454725426
87.235	6.679861454725426
87.328	6.679861454725426
87.42200000000001	6.679861454725426
87.516	6.679861454725426
87.60900000000001	6.679861454725426
87.703	6.679861454725426
87.796	6.679861454725426
87.89	6.679861454725426
87.98400000000001	6.679861454725426
88.07700000000001	6.43245917862447
88.171	6.679861454725426
88.26400000000001	6.679861454725426
88.358	6.43245917862447
88.45200000000001	6.43245917862447
88.545	6.43245917862447
88.63900000000001	6.43245917862447
88.732	6.43245917862447
88.82600000000001	6.43245917862447
88.92	6.43245917862447
89.013	6.43245917862447
89.107	6.43245917862447
89.2	6.43245917862447
89.29400000000001	6.43245917862447
89.388	6.43245917862447
89.48100000000001	6.43245917862447
89.575	6.185056902523513
89.668	6.185056902523513
89.762	6.185056902523513
89.85600000000001	6.185056902523513
89.94900000000001	6.185056902523513
90.043	6.185056902523513
90.13600000000001	6.185056902523513
90.23	6.185056902523513
90.32400000000001	6.185056902523513
90.417	6.185056902523513
90.51100000000001	6.185056902523513
90.604	6.185056902523513
90.69800000000001	6.185056902523513
90.792	6.185056902523513
90.885	5.9376546264226135
90.979	5.9376546264226135
91.072	5.9376546264226135
91.16600000000001	5.9376546264226135
91.26	5.9376546264226135
91.35300000000001	5.9376546264226135
91.447	5.9376546264226135
91.54	5.9376546264226135
91.634	5.9376546264226135
91.72800000000001	5.9376546264226135
91.82100000000001	5.9376546264226135
91.915	5.9376546264226135
92.00800000000001	5.9376546264226135
92.102	5.9376546264226135
92.19600000000001	5.9376546264226135
92.289	5.9376546264226135
92.38300000000001	5.9376546264226135
92.476	5.690252350321657
92.57000000000001	5.690252350321657
92.664	5.690252350321657
92.757	5.690252350321657
92.851	5.690252350321657
92.944	5.690252350321657
93.03800000000001	5.690252350321657
93.132	5.690252350321657
93.22500000000001	5.690252350321657
93.319	5.690252350321657
93.412	5.690252350321657
93.506	5.690252350321657
93.60000000000001	5.690252350321657
93.69300000000001	5.690252350321657
93.787	5.690252350321657
93.88000000000001	5.690252350321657
93.974	5.690252350321657
94.06800000000001	5.442850074220701
94.161	5.442850074220701
94.25500000000001	5.442850074220701
94.348	5.442850074220701
94.44200000000001	5.442850074220701
94.536	5.690252350321657
94.629	5.442850074220701
94.723	5.442850074220701
94.816	5.442850074220701
94.91000000000001	5.442850074220701
95.004	5.442850074220701
95.09700000000001	5.195447798119744
95.191	5.195447798119744
95.284	4.948045522018845
95.378	4.948045522018845
95.47200000000001	4.948045522018845
95.56500000000001	4.700643245917888
95.659	4.453240969816989
95.75200000000001	4.453240969816989
95.846	4.453240969816989
95.94000000000001	4.453240969816989
96.033	4.205838693715975
96.12700000000001	4.205838693715975
96.22	4.205838693715975
96.31400000000001	4.205838693715975
96.408	4.205838693715975
96.501	4.205838693715975
96.595	4.205838693715975
96.688	4.205838693715975
96.78200000000001	4.205838693715975
96.876	4.205838693715975
96.96900000000001	4.205838693715975
97.063	4.205838693715975
97.156	4.205838693715975
97.25	4.205838693715975
97.34400000000001	3.9584364176150757
97.43700000000001	3.9584364176150757
97.531	3.9584364176150757
97.62400000000001	3.9584364176150757
97.718	3.9584364176150757
97.81200000000001	3.9584364176150757
97.905	3.9584364176150757
97.99900000000001	3.9584364176150757
98.092	3.9584364176150757
98.186	3.9584364176150757
98.28	3.9584364176150757
98.373	3.9584364176150757
98.467	3.9584364176150757
98.56	3.9584364176150757
98.65400000000001	3.9584364176150757
98.748	3.9584364176150757
98.84100000000001	3.9584364176150757
98.935	3.9584364176150757
99.028	3.9584364176150757
99.122	3.9584364176150757
99.21600000000001	3.9584364176150757
99.30900000000001	3.9584364176150757
99.403	3.9584364176150757
99.49600000000001	3.9584364176150757
99.59	3.9584364176150757
99.68400000000001	3.9584364176150757
99.777	3.9584364176150757
99.87100000000001	3.9584364176150757
99.964	3.9584364176150757
100.058	3.7110341415141193
100.152	3.9584364176150757
100.245	3.7110341415141193
100.339	3.7110341415141193
100.432	3.9584364176150757
100.52600000000001	3.7110341415141193
100.62	3.9584364176150757
100.71300000000001	3.9584364176150757
100.807	3.9584364176150757
100.9	3.9584364176150757
100.994	3.9584364176150757
101.08800000000001	3.9584364176150757
101.18100000000001	3.9584364176150757
101.275	3.7110341415141193
101.36800000000001	3.7110341415141193
101.462	3.7110341415141193
101.55600000000001	3.7110341415141193
101.649	3.9584364176150757
101.74300000000001	3.7110341415141193
101.836	3.7110341415141193
101.93	3.7110341415141193
102.024	3.7110341415141193
102.117	3.7110341415141193
102.211	3.9584364176150757
102.304	3.7110341415141193
102.39800000000001	3.7110341415141193
102.492	3.7110341415141193
102.58500000000001	3.7110341415141193
102.679	3.7110341415141193
102.772	3.7110341415141193
102.866	3.7110341415141193
102.96000000000001	3.7110341415141193
103.05300000000001	3.7110341415141193
103.147	3.7110341415141193
103.24000000000001	3.7110341415141193
103.334	3.7110341415141193
103.42800000000001	3.7110341415141193
103.521	3.7110341415141193
103.61500000000001	3.7110341415141193
103.708	3.7110341415141193
103.802	3.7110341415141193
103.896	3.7110341415141193
103.989	3.7110341415141193
104.083	3.7110341415141193
104.176	3.7110341415141193
104.27000000000001	3.7110341415141193
104.364	3.7110341415141193
104.45700000000001	3.7110341415141193
104.551	3.7110341415141193
104.644	3.7110341415141193
104.738	3.7110341415141193
104.83200000000001	3.7110341415141193
104.92500000000001	3.7110341415141193
105.019	3.7110341415141193
105.11200000000001	3.7110341415141193
105.206	3.7110341415141193
105.30000000000001	3.7110341415141193
105.393	3.7110341415141193
105.48700000000001	3.7110341415141193
105.58000000000001	3.7110341415141193
105.674	3.7110341415141193
105.768	3.7110341415141193
105.861	3.7110341415141193
105.95500000000001	3.7110341415141193
106.048	3.7110341415141193
106.14200000000001	3.7110341415141193
106.236	3.7110341415141193
106.32900000000001	3.7110341415141193
106.423	3.7110341415141193
106.516	3.7110341415141193
106.61	3.4636318654132197
106.70400000000001	3.7110341415141193
106.79700000000001	3.7110341415141193
106.891	3.4636318654132197
106.98400000000001	3.7110341415141193
107.078	3.7110341415141193
107.17200000000001	3.7110341415141193
107.265	3.7110341415141193
107.35900000000001	3.7110341415141193
107.45200000000001	3.7110341415141193
107.546	3.7110341415141193
107.64	3.4636318654132197
107.733	3.4636318654132197
107.82700000000001	3.4636318654132197
107.92	3.4636318654132197
108.01400000000001	3.7110341415141193
108.108	3.7110341415141193
108.20100000000001	3.4636318654132197
108.295	3.7110341415141193
108.388	3.4636318654132197
108.482	3.4636318654132197
108.57600000000001	3.4636318654132197
108.66900000000001	3.4636318654132197
108.763	3.7110341415141193
108.85600000000001	3.4636318654132197
108.95	3.7110341415141193
109.04400000000001	3.7110341415141193
109.137	3.7110341415141193
109.23100000000001	3.4636318654132197
109.32400000000001	3.4636318654132197
109.418	3.4636318654132197
109.512	3.4636318654132197
109.605	3.4636318654132197
109.69900000000001	3.4636318654132197
109.792	3.4636318654132197
109.88600000000001	3.4636318654132197
109.98	3.7110341415141193
110.07300000000001	3.4636318654132197
110.167	3.4636318654132197
110.26	3.4636318654132197
110.354	3.4636318654132197
110.44800000000001	3.4636318654132197
110.54100000000001	3.4636318654132197
110.635	3.4636318654132197
110.72800000000001	3.4636318654132197
110.822	3.4636318654132197
110.91600000000001	3.4636318654132197
111.009	3.4636318654132197
111.10300000000001	3.4636318654132197
111.19600000000001	3.4636318654132197
111.29	3.4636318654132197
111.384	3.4636318654132197
111.477	3.4636318654132197
111.57100000000001	3.4636318654132197
111.664	3.4636318654132197
111.75800000000001	3.4636318654132197
111.852	3.4636318654132197
111.94500000000001	3.4636318654132197
112.039	3.4636318654132197
112.132	3.4636318654132197
112.226	3.4636318654132197
112.32000000000001	3.4636318654132197
112.41300000000001	3.4636318654132197
112.507	3.4636318654132197
112.60000000000001	3.4636318654132197
112.694	3.4636318654132197
112.78800000000001	3.4636318654132197
112.881	3.4636318654132197
112.97500000000001	3.4636318654132197
113.06800000000001	3.4636318654132197
113.162	3.4636318654132197
113.256	3.4636318654132197
113.349	3.4636318654132197
113.44300000000001	3.4636318654132197
113.536	3.4636318654132197
113.63000000000001	3.4636318654132197
113.724	3.4636318654132197
113.81700000000001	3.216229589312263
113.911	3.216229589312263
114.004	3.216229589312263
114.098	3.216229589312263
114.19200000000001	3.216229589312263
114.28500000000001	3.4636318654132197
114.379	3.216229589312263
114.47200000000001	3.216229589312263
114.566	3.216229589312263
114.66000000000001	3.216229589312263
114.753	3.216229589312263
114.84700000000001	3.216229589312263
114.94000000000001	3.216229589312263
115.034	3.216229589312263
115.128	3.216229589312263
115.221	3.216229589312263
115.31500000000001	3.216229589312263
115.408	3.216229589312263
115.50200000000001	3.216229589312263
115.596	3.216229589312263
115.68900000000001	3.216229589312263
115.783	3.216229589312263
115.876	2.9688273132113068
115.97	2.9688273132113068
116.06400000000001	2.9688273132113068
116.15700000000001	2.9688273132113068
116.251	2.9688273132113068
116.34400000000001	2.9688273132113068
116.438	2.9688273132113068
116.53200000000001	2.9688273132113068
116.625	2.9688273132113068
116.71900000000001	2.9688273132113068
116.81200000000001	2.9688273132113068
116.906	2.721425037110407
117.	2.721425037110407
117.093	2.9688273132113068
117.18700000000001	2.721425037110407
117.28	2.721425037110407
117.37400000000001	2.721425037110407
117.468	2.721425037110407
117.561	2.721425037110407
117.655	2.721425037110407
117.748	2.721425037110407
117.842	2.721425037110407
117.936	2.721425037110407
118.02900000000001	2.721425037110407
118.123	2.721425037110407
118.21600000000001	2.721425037110407
118.31	2.721425037110407
118.40400000000001	2.721425037110407
118.497	2.721425037110407
118.59100000000001	2.721425037110407
118.68400000000001	2.721425037110407
118.778	2.721425037110407
118.872	2.721425037110407
118.965	2.4740227610094507
119.05900000000001	2.4740227610094507
119.152	2.4740227610094507
119.24600000000001	2.4740227610094507
119.34	2.4740227610094507
119.433	2.4740227610094507
119.527	2.4740227610094507
119.62	2.4740227610094507
119.714	2.4740227610094507
119.808	2.4740227610094507
119.90100000000001	2.4740227610094507
119.995	2.4740227610094507
120.08800000000001	2.4740227610094507
120.182	2.4740227610094507
120.27600000000001	2.4740227610094507
120.369	2.4740227610094507
120.46300000000001	2.4740227610094507
120.55600000000001	2.4740227610094507
120.65	2.4740227610094507
120.744	2.4740227610094507
120.837	2.4740227610094507
120.93100000000001	2.4740227610094507
121.024	2.4740227610094507
121.11800000000001	2.4740227610094507
121.212	2.4740227610094507
121.305	2.4740227610094507
121.399	2.4740227610094507
121.492	2.4740227610094507
121.586	2.4740227610094507
121.68	2.4740227610094507
121.77300000000001	2.4740227610094507
121.867	2.4740227610094507
121.96000000000001	2.4740227610094507
122.054	2.4740227610094507
122.14800000000001	2.4740227610094507
122.241	2.4740227610094507
122.33500000000001	2.4740227610094507
122.42800000000001	2.4740227610094507
122.522	2.4740227610094507
122.616	2.4740227610094507
122.709	2.4740227610094507
122.80300000000001	2.4740227610094507
122.896	2.2266204849084943
122.99000000000001	2.2266204849084943
123.084	2.2266204849084943
123.177	2.2266204849084943
123.271	2.2266204849084943
123.364	2.2266204849084943
123.458	2.4740227610094507
123.552	2.2266204849084943
123.64500000000001	2.2266204849084943
123.739	2.2266204849084943
123.83200000000001	2.2266204849084943
123.926	2.2266204849084943
124.02000000000001	2.2266204849084943
124.113	2.2266204849084943
124.20700000000001	2.2266204849084943
124.30000000000001	2.2266204849084943
124.394	2.2266204849084943
124.488	2.2266204849084943
124.581	2.2266204849084943
124.67500000000001	2.2266204849084943
124.768	2.2266204849084943
124.86200000000001	2.2266204849084943
124.956	2.2266204849084943
125.049	2.2266204849084943
125.143	1.9792182088075378
125.236	2.2266204849084943
125.33000000000001	1.9792182088075378
125.424	1.9792182088075378
125.51700000000001	1.9792182088075378
125.611	1.9792182088075378
125.70400000000001	1.9792182088075378
125.798	1.9792182088075378
125.892	1.9792182088075378
125.98500000000001	1.9792182088075378
126.07900000000001	1.9792182088075378
126.172	1.9792182088075378
126.26600000000002	1.9792182088075378
126.36000000000001	1.9792182088075378
126.453	1.9792182088075378
126.547	1.9792182088075378
126.64000000000001	1.7318159327066383
126.73400000000001	1.4844136566056818
126.828	1.2370113805047254
126.92099999999999	0.9896091044037689
127.01500000000001	0.7422068283028693
127.108	0.7422068283028693
127.202	0.7422068283028693
127.29599999999999	0.7422068283028693
127.38900000000001	0.7422068283028693
127.483	0.7422068283028693
127.576	0.7422068283028693
127.67000000000002	0.7422068283028693
127.76400000000001	0.7422068283028693
127.857	0.7422068283028693
127.951	0.4948045522019129
128.044	0.7422068283028693
128.138	0.4948045522019129
128.232	0.4948045522019129
128.32500000000002	0.7422068283028693
128.419	0.4948045522019129
128.512	0.4948045522019129
128.606	0.4948045522019129
128.70000000000002	0.4948045522019129
128.793	0.4948045522019129
128.887	0.4948045522019129
128.98000000000002	0.4948045522019129
129.074	0.4948045522019129
129.168	0.24740227610101329
129.261	0.24740227610101329
129.35500000000002	0.4948045522019129
129.448	0.24740227610101329
129.542	0.24740227610101329
129.636	0.24740227610101329
129.729	0.24740227610101329
129.823	0.24740227610101329
129.916	0.24740227610101329
130.01000000000002	0.24740227610101329
130.104	0.24740227610101329
130.197	0.24740227610101329
130.291	0.24740227610101329
130.38400000000001	0.24740227610101329
130.478	0.24740227610101329
130.572	0.24740227610101329
130.665	0.24740227610101329
130.75900000000001	0.24740227610101329
130.852	0.24740227610101329
130.946	0.24740227610101329
131.04	0.24740227610101329
131.133	0.24740227610101329
131.227	0.24740227610101329
131.32	0.24740227610101329
131.41400000000002	0.24740227610101329
131.508	0.24740227610101329
131.601	0.24740227610101329
131.695	0.24740227610101329
131.788	0.24740227610101329
131.882	0.24740227610101329
131.976	0.24740227610101329
132.06900000000002	0.24740227610101329
132.163	0.24740227610101329
132.256	0.24740227610101329
132.35	0.24740227610101329
132.44400000000002	0.24740227610101329
132.537	0.24740227610101329
132.631	0.24740227610101329
132.72400000000002	0.24740227610101329
132.834	0.24740227610101329
132.912	0.24740227610101329
133.005	0.24740227610101329
133.09900000000002	0.24740227610101329
133.192	0.24740227610101329
133.286	0.24740227610101329
133.38	0.24740227610101329
133.473	0.24740227610101329
133.567	0.24740227610101329
133.66	0.24740227610101329
133.75400000000002	0.24740227610101329
133.848	0.24740227610101329
133.941	0.24740227610101329
134.035	0.24740227610101329
134.12800000000001	0.24740227610101329
134.222	0.24740227610101329
134.316	0.24740227610101329
134.409	0.24740227610101329
134.50300000000001	0.24740227610101329
134.596	0.24740227610101329
134.69	0.24740227610101329
134.784	0.24740227610101329
134.877	0.24740227610101329
134.971	0.24740227610101329
135.064	0.24740227610101329
135.15800000000002	0.24740227610101329
135.252	0.24740227610101329
135.345	0.24740227610101329
135.439	0.24740227610101329
135.532	0.24740227610101329
135.626	0.24740227610101329
135.72	0.24740227610101329
135.81300000000002	0.24740227610101329
135.907	0.24740227610101329
136.	0.24740227610101329
136.094	0.24740227610101329
136.18800000000002	0.24740227610101329
136.281	0.24740227610101329
136.375	0.24740227610101329
136.46800000000002	0.24740227610101329
136.562	0.24740227610101329
136.656	0.24740227610101329
136.749	0.24740227610101329
136.84300000000002	0.24740227610101329
136.936	0.24740227610101329
137.03	0.24740227610101329
137.124	0.24740227610101329
137.217	0.24740227610101329
137.311	0.24740227610101329
137.404	0.24740227610101329
137.49800000000002	0.24740227610101329
137.592	0.24740227610101329
137.685	0.24740227610101329
137.779	0.24740227610101329
137.872	0.24740227610101329
137.966	0.24740227610101329
138.06	0.24740227610101329
138.153	0.24740227610101329
138.247	0.24740227610101329
138.34	0.
138.434	0.24740227610101329
138.528	0.
138.621	0.
138.715	0.
138.808	0.
138.90200000000002	0.
138.996	0.
139.089	0.
139.183	0.
139.276	0.
139.37	0.
139.464	0.
139.55700000000002	0.
139.651	0.
139.744	0.
139.838	0.
139.93200000000002	0.
140.025	0.
140.119	0.
140.21200000000002	0.
140.306	0.
140.4	0.
140.493	0.