0.	102.67194458189016
0.0940000000000003	47.25383473527961
0.18800000000000017	41.316180108857
0.28100000000000014	40.079168728352386
0.375	40.079168728352386
0.4680000000000004	39.584364176150416
0.5620000000000003	39.08955962394856
0.6560000000000001	38.8421573478476
0.7490000000000001	38.34735279564575
0.8430000000000004	38.099950519544734
0.9360000000000004	38.099950519544734
1.0300000000000002	37.85254824344389
1.1240000000000006	37.35774369124198
1.2170000000000005	37.11034141514102
1.311	36.86293913904012
1.404	36.86293913904012
1.4980000000000002	36.86293913904012
1.5920000000000005	36.36813458683815
1.6850000000000005	36.12073231073725
1.779	35.87333003463635
1.8719999999999999	35.87333003463635
1.9660000000000002	35.62592775853534
2.0600000000000005	35.62592775853534
2.1530000000000005	35.37852548243444
2.247	35.131123206333484
2.34	34.883720930232585
2.434	34.63631865413163
2.5280000000000005	34.38891637803067
2.6210000000000004	34.38891637803067
2.715	34.141514101929715
2.808	33.894111825828816
2.902	33.64670954972786
2.9960000000000004	33.3993072736269
3.0890000000000004	33.3993072736269
3.183	33.3993072736269
3.276	33.151904997526
3.37	32.90450272142505
3.4640000000000004	32.65710044532409
3.5570000000000004	32.409698169223134
3.651	32.409698169223134
3.7439999999999998	32.409698169223134
3.838	32.162295893122234
3.9320000000000004	31.914893617021278
4.025	31.667491340920378
4.119	31.667491340920378
4.212000000000001	31.667491340920378
4.306	31.420089064819365
4.4	31.420089064819365
4.493	31.172686788718465
4.587000000000001	30.92528451261751
4.680000000000001	30.92528451261751
4.774	30.92528451261751
4.868	30.67788223651661
4.961	30.67788223651661
5.055	30.430479960415653
5.148	30.183077684314696
5.242000000000001	30.183077684314696
5.336	30.183077684314696
5.429	29.93567540821374
5.523	29.93567540821374
5.616	29.68827313211284
5.710000000000001	29.440870856011884
5.804	29.440870856011884
5.897	29.440870856011884
5.991	29.440870856011884
6.084	29.193468579910927
6.178000000000001	28.94606630380997
6.272	28.94606630380997
6.365	28.69866402770907
6.459	28.69866402770907
6.552	28.69866402770907
6.646000000000001	28.451261751608115
6.74	28.451261751608115
6.833	28.20385947550716
6.927	28.20385947550716
7.02	28.20385947550716
7.114000000000001	27.95645719940626
7.208	27.95645719940626
7.301	27.709054923305303
7.395	27.709054923305303
7.4879999999999995	27.709054923305303
7.582000000000001	27.461652647204346
7.676	27.461652647204346
7.769	27.21425037110339
7.8629999999999995	27.21425037110339
7.9559999999999995	26.96684809500249
8.05	26.96684809500249
8.144	26.96684809500249
8.237	26.96684809500249
8.331	26.719445818901534
8.424	26.472043542800634
8.518	26.472043542800634
8.612	26.472043542800634
8.705	26.224641266699678
8.799	26.224641266699678
8.892	26.224641266699678
8.986	25.97723899059872
9.08	25.97723899059872
9.173	25.97723899059872
9.267	25.97723899059872
9.36	25.729836714497765
9.454	25.729836714497765
9.548	25.482434438396865
9.641	25.482434438396865
9.735	25.482434438396865
9.828	25.482434438396865
9.922	25.23503216229591
10.016	25.23503216229591
10.109	24.987629886194952
10.203	24.987629886194952
10.296	24.987629886194952
10.39	24.987629886194952
10.484	24.740227610093996
10.577	24.740227610093996
10.671	24.740227610093996
10.764	24.740227610093996
10.858	24.492825333993096
10.952	24.492825333993096
11.045	24.24542305789214
11.139	24.24542305789214
11.232000000000001	24.24542305789214
11.326	24.24542305789214
11.42	23.998020781791183
11.513	23.998020781791183
11.607000000000001	23.750618505690227
11.700000000000001	23.750618505690227
11.794	23.750618505690227
11.888	23.750618505690227
11.981	23.750618505690227
12.075000000000001	23.750618505690227
12.168000000000001	23.750618505690227
12.262	23.503216229589327
12.356	23.503216229589327
12.449	23.503216229589327
12.543000000000001	23.503216229589327
12.636000000000001	23.25581395348837
12.73	23.25581395348837
12.824	23.008411677387414
12.917	23.008411677387414
13.011000000000001	23.008411677387414
13.104000000000001	23.008411677387414
13.197999999999999	22.761009401286515
13.292	22.761009401286515
13.385	22.761009401286515
13.479000000000001	22.51360712518556
13.572000000000001	22.51360712518556
13.665999999999999	22.51360712518556
13.76	22.51360712518556
13.853	22.266204849084602
13.947000000000001	22.266204849084602
14.040000000000001	22.266204849084602
14.133999999999999	22.266204849084602
14.228	22.018802572983702
14.321	22.018802572983702
14.415000000000001	21.771400296882746
14.508000000000001	21.771400296882746
14.601999999999999	21.771400296882746
14.696	21.771400296882746
14.789	21.52399802078179
14.883000000000001	21.52399802078179
14.976	21.52399802078179
15.069999999999999	21.27659574468089
15.164	21.27659574468089
15.257	21.27659574468089
15.351	21.029193468579933
15.444	21.029193468579933
15.537999999999998	21.029193468579933
15.632	21.029193468579933
15.725	21.029193468579933
15.819	20.781791192478977
15.912	20.781791192478977
16.006	20.53438891637802
16.1	20.53438891637802
16.192999999999998	20.28698664027712
16.287	20.28698664027712
16.380000000000003	20.28698664027712
16.474000000000004	20.28698664027712
16.567999999999998	20.039584364176164
16.661	20.039584364176164
16.755000000000003	20.039584364176164
16.848	20.039584364176164
16.942	19.792182088075208
17.036	19.792182088075208
17.128999999999998	19.792182088075208
17.223	19.54477981197425
17.316000000000003	19.54477981197425
17.410000000000004	19.54477981197425
17.503999999999998	19.297377535873352
17.597	19.297377535873352
17.691000000000003	19.297377535873352
17.784	19.049975259772395
17.878	19.049975259772395
17.972	19.049975259772395
18.064999999999998	19.049975259772395
18.159	18.80257298367144
18.252000000000002	18.80257298367144
18.346000000000004	18.80257298367144
18.439999999999998	18.80257298367144
18.533	18.555170707570483
18.627000000000002	18.555170707570483
18.72	18.307768431469583
18.814	18.307768431469583
18.908	18.307768431469583
19.000999999999998	18.307768431469583
19.095	18.307768431469583
19.188000000000002	18.060366155368627
19.282000000000004	18.060366155368627
19.375999999999998	17.812963879267727
19.469	17.812963879267727
19.563000000000002	17.812963879267727
19.656	17.812963879267727
19.75	17.812963879267727
19.844	17.565561603166714
19.936999999999998	17.565561603166714
20.031	17.565561603166714
20.124000000000002	17.565561603166714
20.218000000000004	17.318159327065814
20.311999999999998	17.318159327065814
20.405	17.070757050964858
20.499000000000002	17.070757050964858
20.592	17.070757050964858
20.686	17.070757050964858
20.78	16.823354774863958
20.872999999999998	16.823354774863958
20.967	16.823354774863958
21.060000000000002	16.823354774863958
21.154000000000003	16.823354774863958
21.247999999999998	16.575952498763
21.341	16.575952498763
21.435000000000002	16.575952498763
21.528	16.575952498763
21.622	16.328550222662045
21.716	16.328550222662045
21.808999999999997	16.328550222662045
21.903	16.081147946561146
21.996000000000002	16.081147946561146
22.090000000000003	16.081147946561146
22.183999999999997	16.081147946561146
22.277	16.081147946561146
22.371000000000002	15.833745670460189
22.464	15.833745670460189
22.558	15.586343394359233
22.652	15.833745670460189
22.744999999999997	15.586343394359233
22.839	15.586343394359233
22.932000000000002	15.586343394359233
23.026000000000003	15.338941118258276
23.119999999999997	15.586343394359233
23.213	15.338941118258276
23.307000000000002	15.338941118258276
23.4	15.338941118258276
23.494	15.338941118258276
23.588	15.091538842157377
23.680999999999997	15.091538842157377
23.775	15.091538842157377
23.868000000000002	15.091538842157377
23.962000000000003	15.091538842157377
24.055999999999997	14.84413656605642
24.149	14.84413656605642
24.243000000000002	14.84413656605642
24.336	14.84413656605642
24.43	14.84413656605642
24.524	14.84413656605642
24.616999999999997	14.596734289955464
24.711	14.596734289955464
24.804000000000002	14.349332013854507
24.898000000000003	14.349332013854507
24.991999999999997	14.349332013854507
25.085	14.349332013854507
25.179000000000002	14.349332013854507
25.272	14.349332013854507
25.366	14.349332013854507
25.46	14.101929737753608
25.552999999999997	14.101929737753608
25.647	14.101929737753608
25.740000000000002	14.101929737753608
25.834000000000003	14.101929737753608
25.927999999999997	13.854527461652651
26.021	13.854527461652651
26.115000000000002	13.854527461652651
26.208	13.854527461652651
26.302	13.854527461652651
26.396	13.607125185551752
26.488999999999997	13.607125185551752
26.583	13.607125185551752
26.676000000000002	13.607125185551752
26.770000000000003	13.359722909450738
26.863999999999997	13.359722909450738
26.957	13.359722909450738
27.051000000000002	13.359722909450738
27.144	13.112320633349839
27.238	13.112320633349839
27.332	13.112320633349839
27.424999999999997	13.112320633349839
27.519	13.112320633349839
27.612000000000002	13.112320633349839
27.706000000000003	12.864918357248882
27.799999999999997	12.864918357248882
27.893	12.864918357248882
27.987000000000002	12.864918357248882
28.08	12.864918357248882
28.174	12.617516081147983
28.268	12.617516081147983
28.360999999999997	12.864918357248882
28.455	12.617516081147983
28.548000000000002	12.617516081147983
28.642000000000003	12.37011380504697
28.735999999999997	12.37011380504697
28.829	12.37011380504697
28.923000000000002	12.37011380504697
29.016000000000005	12.37011380504697
29.11	12.37011380504697
29.204	12.12271152894607
29.297000000000004	12.12271152894607
29.391000000000005	12.12271152894607
29.484	12.12271152894607
29.578000000000003	12.12271152894607
29.672000000000004	12.12271152894607
29.765	11.875309252845113
29.859	11.875309252845113
29.952000000000005	11.875309252845113
30.046	11.875309252845113
30.14	11.875309252845113
30.233000000000004	11.875309252845113
30.327000000000005	11.627906976744214
30.42	11.627906976744214
30.514000000000003	11.627906976744214
30.608000000000004	11.627906976744214
30.701	11.627906976744214
30.795	11.627906976744214
30.888000000000005	11.627906976744214
30.982	11.380504700643257
31.076	11.380504700643257
31.169000000000004	11.380504700643257
31.263000000000005	11.380504700643257
31.356	11.133102424542301
31.450000000000003	11.133102424542301
31.544000000000004	11.133102424542301
31.637	11.133102424542301
31.731	11.133102424542301
31.824000000000005	11.133102424542301
31.918	11.133102424542301
32.012	10.885700148441401
32.105000000000004	10.885700148441401
32.199000000000005	10.885700148441401
32.292	10.885700148441401
32.386	10.885700148441401
32.480000000000004	10.638297872340445
32.573	10.638297872340445
32.667	10.638297872340445
32.760000000000005	10.638297872340445
32.854	10.390895596239488
32.948	10.390895596239488
33.041000000000004	10.390895596239488
33.135000000000005	10.390895596239488
33.228	10.390895596239488
33.322	10.390895596239488
33.416000000000004	10.143493320138532
33.509	10.143493320138532
33.603	10.143493320138532
33.696000000000005	10.143493320138532
33.79	10.143493320138532
33.884	9.896091044037632
33.977000000000004	9.896091044037632
34.071000000000005	9.896091044037632
34.164	9.896091044037632
34.258	9.896091044037632
34.352000000000004	9.896091044037632
34.445	9.896091044037632
34.539	9.648688767936676
34.632000000000005	9.648688767936676
34.726	9.648688767936676
34.82	9.401286491835776
34.913000000000004	9.401286491835776
35.007000000000005	9.401286491835776
35.1	9.401286491835776
35.194	9.401286491835776
35.288000000000004	9.153884215734763
35.381	9.153884215734763
35.475	9.153884215734763
35.568000000000005	9.153884215734763
35.662	9.153884215734763
35.756	9.153884215734763
35.849000000000004	9.153884215734763
35.943000000000005	9.153884215734763
36.036	8.906481939633863
36.13	8.906481939633863
36.224000000000004	8.906481939633863
36.317	8.906481939633863
36.411	8.906481939633863
36.504000000000005	8.906481939633863
36.598	8.659079663532907
36.692	8.659079663532907
36.785000000000004	8.659079663532907
36.879000000000005	8.659079663532907
36.972	8.659079663532907
37.066	8.659079663532907
37.160000000000004	8.659079663532907
37.253	8.411677387432007
37.347	8.411677387432007
37.440000000000005	8.411677387432007
37.534	8.411677387432007
37.628	8.411677387432007
37.721000000000004	8.411677387432007
37.815000000000005	8.164275111330994
37.908	8.164275111330994
38.002	8.164275111330994
38.096000000000004	8.164275111330994
38.189	8.164275111330994
38.283	8.164275111330994
38.376000000000005	7.9168728352300946
38.47	7.9168728352300946
38.564	7.9168728352300946
38.657000000000004	7.9168728352300946
38.751000000000005	7.9168728352300946
38.844	7.9168728352300946
38.938	7.9168728352300946
39.032000000000004	7.9168728352300946
39.125	7.9168728352300946
39.219	7.9168728352300946
39.312000000000005	7.669470559129138
39.406	7.9168728352300946
39.5	7.669470559129138
39.593	7.669470559129138
39.687000000000005	7.669470559129138
39.78	7.669470559129138
39.874	7.669470559129138
39.968	7.669470559129138
40.061	7.4220682830282385
40.155	7.4220682830282385
40.248000000000005	7.4220682830282385
40.342	7.4220682830282385
40.436	7.4220682830282385
40.529	7.4220682830282385
40.623000000000005	7.4220682830282385
40.716	7.4220682830282385
40.81	7.174666006927225
40.904	7.174666006927225
40.997	7.4220682830282385
41.091	7.174666006927225
41.184000000000005	7.174666006927225
41.278	7.174666006927225
41.372	7.174666006927225
41.465	7.174666006927225
41.559000000000005	7.174666006927225
41.652	7.174666006927225
41.746	7.174666006927225
41.84	7.174666006927225
41.933	6.927263730826326
42.027	6.927263730826326
42.120000000000005	7.174666006927225
42.214	6.927263730826326
42.308	6.927263730826326
42.401	6.927263730826326
42.495000000000005	6.927263730826326
42.588	6.927263730826326
42.682	6.927263730826326
42.776	6.927263730826326
42.869	6.927263730826326
42.963	6.927263730826326
43.056000000000004	6.927263730826326
43.15	6.927263730826326
43.244	6.679861454725369
43.337	6.927263730826326
43.431000000000004	6.679861454725369
43.524	6.679861454725369
43.618	6.679861454725369
43.712	6.679861454725369
43.805	6.679861454725369
43.899	6.679861454725369
43.992000000000004	6.679861454725369
44.086	6.679861454725369
44.18	6.679861454725369
44.273	6.43245917862447
44.367000000000004	6.679861454725369
44.46	6.43245917862447
44.554	6.43245917862447
44.648	6.43245917862447
44.741	6.43245917862447
44.835	6.43245917862447
44.928000000000004	6.43245917862447
45.022	6.43245917862447
45.116	6.43245917862447
45.209	6.43245917862447
45.303000000000004	6.43245917862447
45.396	6.43245917862447
45.49	6.185056902523513
45.584	6.185056902523513
45.677	6.185056902523513
45.771	6.185056902523513
45.864000000000004	6.185056902523513
45.958000000000006	6.185056902523513
46.052	6.185056902523513
46.145	6.185056902523513
46.239000000000004	6.185056902523513
46.332	6.185056902523513
46.426	6.185056902523513
46.52	6.185056902523513
46.613	6.185056902523513
46.707	6.185056902523513
46.800000000000004	5.937654626422557
46.894000000000005	5.937654626422557
46.988	5.937654626422557
47.081	5.937654626422557
47.175000000000004	5.937654626422557
47.268	5.937654626422557
47.362	5.937654626422557
47.456	5.937654626422557
47.549	5.937654626422557
47.643	5.937654626422557
47.736000000000004	5.937654626422557
47.830000000000005	5.937654626422557
47.924	5.937654626422557
48.017	5.937654626422557
48.111000000000004	5.937654626422557
48.204	5.937654626422557
48.298	5.937654626422557
48.392	5.6902523503216
48.485	5.6902523503216
48.579	5.6902523503216
48.672000000000004	5.6902523503216
48.766000000000005	5.6902523503216
48.86	5.6902523503216
48.953	5.6902523503216
49.047000000000004	5.6902523503216
49.14	5.6902523503216
49.234	5.6902523503216
49.328	5.442850074220701
49.421	5.6902523503216
49.515	5.6902523503216
49.608000000000004	5.442850074220701
49.702000000000005	5.442850074220701
49.796	5.442850074220701
49.889	5.442850074220701
49.983000000000004	5.442850074220701
50.076	5.442850074220701
50.17	5.442850074220701
50.264	5.442850074220701
50.357	5.442850074220701
50.451	5.442850074220701
50.544000000000004	5.195447798119744
50.638000000000005	5.195447798119744
50.732	5.195447798119744
50.825	5.195447798119744
50.919000000000004	5.442850074220701
51.012	5.195447798119744
51.106	5.195447798119744
51.2	5.195447798119744
51.293	5.195447798119744
51.387	4.948045522018788
51.480000000000004	4.948045522018788
51.574000000000005	5.195447798119744
51.668	4.948045522018788
51.761	4.948045522018788
51.855000000000004	4.948045522018788
51.948	4.948045522018788
52.042	4.948045522018788
52.136	4.948045522018788
52.229	4.948045522018788
52.323	4.948045522018788
52.416000000000004	4.948045522018788
52.510000000000005	4.948045522018788
52.604	4.948045522018788
52.697	4.948045522018788
52.791000000000004	4.948045522018788
52.884	4.948045522018788
52.978	4.948045522018788
53.072	4.700643245917888
53.165	4.700643245917888
53.259	4.700643245917888
53.352000000000004	4.700643245917888
53.446000000000005	4.700643245917888
53.54	4.700643245917888
53.633	4.700643245917888
53.727000000000004	4.700643245917888
53.82	4.700643245917888
53.914	4.700643245917888
54.008	4.700643245917888
54.101	4.700643245917888
54.195	4.700643245917888
54.288000000000004	4.453240969816932
54.382000000000005	4.453240969816932
54.476	4.453240969816932
54.569	4.453240969816932
54.663000000000004	4.453240969816932
54.756	4.453240969816932
54.85	4.453240969816932
54.944	4.453240969816932
55.037	4.453240969816932
55.131	4.453240969816932
55.224000000000004	4.453240969816932
55.318000000000005	4.453240969816932
55.412	4.453240969816932
55.505	4.453240969816932
55.599000000000004	4.453240969816932
55.692	4.453240969816932
55.786	4.205838693716032
55.88	4.205838693716032
55.973	4.205838693716032
56.067	4.205838693716032
56.160000000000004	4.205838693716032
56.254000000000005	4.205838693716032
56.348	4.205838693716032
56.441	4.205838693716032
56.535000000000004	4.205838693716032
56.628	4.205838693716032
56.722	4.205838693716032
56.816	4.205838693716032
56.909	4.205838693716032
57.003	4.205838693716032
57.096000000000004	3.958436417615019
57.190000000000005	3.958436417615019
57.284	3.958436417615019
57.377	3.958436417615019
57.471000000000004	3.958436417615019
57.564	3.958436417615019
57.658	3.958436417615019
57.752	3.958436417615019
57.845	3.958436417615019
57.939	3.958436417615019
58.032000000000004	3.958436417615019
58.126000000000005	3.958436417615019
58.22	3.958436417615019
58.313	3.958436417615019
58.407000000000004	3.958436417615019
58.5	3.958436417615019
58.594	3.958436417615019
58.688	3.7110341415141193
58.781	3.7110341415141193
58.875	3.7110341415141193
58.968	3.7110341415141193
59.062000000000005	3.7110341415141193
59.156	3.7110341415141193
59.249	3.7110341415141193
59.343	3.7110341415141193
59.436	3.7110341415141193
59.53	3.7110341415141193
59.639	3.7110341415141193
59.717	3.7110341415141193
59.811	3.7110341415141193
59.904	3.7110341415141193
59.998000000000005	3.7110341415141193
60.092	3.7110341415141193
60.185	3.7110341415141193
60.279	3.7110341415141193
60.372	3.7110341415141193
60.466	3.7110341415141193
60.56	3.7110341415141193
60.653	3.7110341415141193
60.747	3.7110341415141193
60.84	3.7110341415141193
60.934000000000005	3.7110341415141193
61.028	3.463631865413163
61.121	3.463631865413163
61.214999999999996	3.463631865413163
61.308	3.463631865413163
61.40200000000001	3.463631865413163
61.496	3.463631865413163
61.589000000000006	3.463631865413163
61.683	3.463631865413163
61.776	3.463631865413163
61.87	3.463631865413163
61.964000000000006	3.463631865413163
62.056999999999995	3.463631865413163
62.151	3.463631865413163
62.24400000000001	3.463631865413163
62.338	3.463631865413163
62.431999999999995	3.463631865413163
62.525	3.463631865413163
62.61900000000001	3.463631865413163
62.711999999999996	3.216229589312263
62.806000000000004	3.216229589312263
62.9	3.216229589312263
62.993	3.216229589312263
63.086999999999996	3.216229589312263
63.18	3.216229589312263
63.27400000000001	3.216229589312263
63.368	3.216229589312263
63.461000000000006	3.216229589312263
63.555	3.216229589312263
63.648	3.216229589312263
63.742	3.216229589312263
63.836000000000006	3.216229589312263
63.928999999999995	3.216229589312263
64.023	3.216229589312263
64.116	2.96882731321125
64.21	2.96882731321125
64.30399999999999	2.96882731321125
64.39699999999999	2.96882731321125
64.491	2.96882731321125
64.58399999999999	2.96882731321125
64.678	2.96882731321125
64.77199999999999	2.96882731321125
64.865	2.96882731321125
64.95899999999999	2.96882731321125
65.05199999999999	2.96882731321125
65.146	2.96882731321125
65.24	2.96882731321125
65.333	2.96882731321125
65.42699999999999	2.96882731321125
65.52	2.96882731321125
65.61399999999999	2.96882731321125
65.708	2.96882731321125
65.801	2.96882731321125
65.895	2.7214250371103503
65.988	2.96882731321125
66.082	2.96882731321125
66.176	2.7214250371103503
66.26899999999999	2.96882731321125
66.363	2.96882731321125
66.45599999999999	2.96882731321125
66.55	2.7214250371103503
66.64399999999999	2.7214250371103503
66.737	2.7214250371103503
66.83099999999999	2.7214250371103503
66.92399999999999	2.7214250371103503
67.018	2.7214250371103503
67.112	2.7214250371103503
67.205	2.7214250371103503
67.29899999999999	2.7214250371103503
67.392	2.7214250371103503
67.48599999999999	2.7214250371103503
67.58	2.7214250371103503
67.673	2.7214250371103503
67.767	2.7214250371103503
67.86	2.7214250371103503
67.954	2.7214250371103503
68.048	2.474022761009394
68.14099999999999	2.7214250371103503
68.235	2.7214250371103503
68.32799999999999	2.7214250371103503
68.422	2.474022761009394
68.51599999999999	2.474022761009394
68.609	2.474022761009394
68.70299999999999	2.474022761009394
68.79599999999999	2.474022761009394
68.89	2.474022761009394
68.984	2.474022761009394
69.077	2.474022761009394
69.17099999999999	2.474022761009394
69.264	2.474022761009394
69.35799999999999	2.474022761009394
69.452	2.474022761009394
69.545	2.474022761009394
69.639	2.474022761009394
69.732	2.474022761009394
69.826	2.474022761009394
69.92	2.474022761009394
70.01299999999999	2.474022761009394
70.107	2.474022761009394
70.19999999999999	2.2266204849084943
70.294	2.474022761009394
70.38799999999999	2.474022761009394
70.481	2.474022761009394
70.57499999999999	2.474022761009394
70.66799999999999	2.2266204849084943
70.762	2.2266204849084943
70.856	2.2266204849084943
70.949	2.2266204849084943
71.04299999999999	2.2266204849084943
71.136	2.2266204849084943
71.22999999999999	2.2266204849084943
71.324	2.2266204849084943
71.417	2.2266204849084943
71.511	2.2266204849084943
71.604	2.2266204849084943
71.698	2.2266204849084943
71.792	2.2266204849084943
71.88499999999999	2.2266204849084943
71.979	2.2266204849084943
72.07199999999999	2.2266204849084943
72.166	2.2266204849084943
72.25999999999999	2.2266204849084943
72.353	2.2266204849084943
72.44699999999999	2.2266204849084943
72.53999999999999	2.2266204849084943
72.634	2.2266204849084943
72.728	2.2266204849084943
72.821	2.2266204849084943
72.91499999999999	2.2266204849084943
73.008	2.2266204849084943
73.10199999999999	2.2266204849084943
73.196	2.2266204849084943
73.289	2.2266204849084943
73.383	2.2266204849084943
73.476	2.2266204849084943
73.57	1.979218208807481
73.664	1.979218208807481
73.75699999999999	1.979218208807481
73.851	2.2266204849084943
73.94399999999999	2.2266204849084943
74.038	1.979218208807481
74.13199999999999	1.979218208807481
74.225	1.979218208807481
74.31899999999999	1.979218208807481
74.41199999999999	1.979218208807481
74.506	1.979218208807481
74.6	1.979218208807481
74.693	1.979218208807481
74.78699999999999	1.979218208807481
74.88	1.979218208807481
74.97399999999999	1.979218208807481
75.068	1.979218208807481
75.161	1.979218208807481
75.255	1.979218208807481
75.348	1.979218208807481
75.442	1.979218208807481
75.536	1.7318159327065814
75.62899999999999	1.7318159327065814
75.723	1.7318159327065814
75.81599999999999	1.7318159327065814
75.91	1.7318159327065814
76.00399999999999	1.979218208807481
76.097	1.7318159327065814
76.19099999999999	1.979218208807481
76.28399999999999	1.7318159327065814
76.378	1.7318159327065814
76.472	1.7318159327065814
76.565	1.7318159327065814
76.65899999999999	1.7318159327065814
76.752	1.7318159327065814
76.84599999999999	1.7318159327065814
76.94	1.7318159327065814
77.033	1.7318159327065814
77.127	1.7318159327065814
77.22	1.7318159327065814
77.314	1.979218208807481
77.408	1.979218208807481
77.50099999999999	1.7318159327065814
77.595	1.7318159327065814
77.68799999999999	1.7318159327065814
77.782	1.7318159327065814
77.87599999999999	1.7318159327065814
77.969	1.7318159327065814
78.06299999999999	1.7318159327065814
78.15599999999999	1.7318159327065814
78.25	1.7318159327065814
78.344	1.7318159327065814
78.437	1.7318159327065814
78.53099999999999	1.7318159327065814
78.624	1.7318159327065814
78.71799999999999	1.7318159327065814
78.812	1.7318159327065814
78.905	1.7318159327065814
78.999	1.7318159327065814
79.092	1.7318159327065814
79.18599999999999	1.7318159327065814
79.28	1.7318159327065814
79.37299999999999	1.484413656605625
79.467	1.484413656605625
79.55999999999999	1.7318159327065814
79.654	1.484413656605625
79.74799999999999	1.484413656605625
79.841	1.484413656605625
79.93499999999999	1.484413656605625
80.02799999999999	1.484413656605625
80.122	1.484413656605625
80.216	1.484413656605625
80.309	1.484413656605625
80.40299999999999	1.484413656605625
80.496	1.484413656605625
80.58999999999999	1.484413656605625
80.684	1.484413656605625
80.777	1.484413656605625
80.871	1.484413656605625
80.964	1.484413656605625
81.05799999999999	1.484413656605625
81.152	1.484413656605625
81.24499999999999	1.484413656605625
81.339	1.484413656605625
81.43199999999999	1.484413656605625
81.526	1.484413656605625
81.61999999999999	1.484413656605625
81.713	1.484413656605625
81.80699999999999	1.484413656605625
81.89999999999999	1.484413656605625
81.994	1.484413656605625
82.088	1.484413656605625
82.181	1.484413656605625
82.27499999999999	1.484413656605625
82.368	1.2370113805047254
82.46199999999999	1.2370113805047254
82.556	1.2370113805047254
82.649	1.2370113805047254
82.743	1.2370113805047254
82.836	1.2370113805047254
82.92999999999999	1.2370113805047254
83.024	1.2370113805047254
83.11699999999999	1.2370113805047254
83.211	1.2370113805047254
83.30399999999999	1.2370113805047254
83.398	1.2370113805047254
83.49199999999999	1.2370113805047254
83.585	1.2370113805047254
83.67899999999999	1.2370113805047254
83.77199999999999	1.2370113805047254
83.866	1.2370113805047254
83.96	1.2370113805047254
84.053	1.2370113805047254
84.14699999999999	1.2370113805047254
84.24	1.2370113805047254
84.33399999999999	1.2370113805047254
84.428	1.2370113805047254
84.521	1.2370113805047254
84.615	1.2370113805047254
84.708	1.2370113805047254
84.80199999999999	1.2370113805047254
84.896	1.2370113805047254
84.98899999999999	1.2370113805047254
85.083	1.2370113805047254
85.176	1.2370113805047254
85.27	1.2370113805047254
85.36399999999999	1.2370113805047254
85.457	1.2370113805047254
85.551	1.2370113805047254
85.64399999999999	1.2370113805047254
85.738	1.2370113805047254
85.832	1.2370113805047254
85.925	1.2370113805047254
86.01899999999999	0.9896091044037689
86.112	1.2370113805047254
86.20599999999999	0.9896091044037689
86.3	1.2370113805047254
86.393	1.2370113805047254
86.487	1.2370113805047254
86.58	1.2370113805047254
86.67399999999999	0.9896091044037689
86.768	0.9896091044037689
86.86099999999999	0.9896091044037689
86.955	0.9896091044037689
87.048	1.2370113805047254
87.142	1.2370113805047254
87.23599999999999	0.9896091044037689
87.329	0.9896091044037689
87.423	0.9896091044037689
87.51599999999999	0.9896091044037689
87.61	0.9896091044037689
87.704	0.9896091044037689
87.797	0.9896091044037689
87.89099999999999	0.9896091044037689
87.984	0.9896091044037689
88.07799999999999	0.9896091044037689
88.172	0.9896091044037689
88.265	0.9896091044037689
88.359	0.9896091044037689
88.452	0.9896091044037689
88.54599999999999	0.9896091044037689
88.64	0.9896091044037689
88.73299999999999	0.9896091044037689
88.827	0.9896091044037689
88.92	0.9896091044037689
89.014	0.9896091044037689
89.10799999999999	0.9896091044037689
89.201	0.9896091044037689
89.295	0.9896091044037689
89.38799999999999	0.9896091044037689
89.482	0.9896091044037689
89.576	0.9896091044037689
89.669	0.9896091044037689
89.76299999999999	0.9896091044037689
89.856	0.9896091044037689
89.94999999999999	0.9896091044037689
90.044	0.9896091044037689
90.137	0.9896091044037689
90.231	0.9896091044037689
90.324	0.9896091044037689
90.41799999999999	0.9896091044037689
90.512	0.7422068283028125
90.60499999999999	0.9896091044037689
90.699	0.9896091044037689
90.792	0.9896091044037689
90.886	0.9896091044037689
90.97999999999999	0.9896091044037689
91.073	0.7422068283028125
91.167	0.7422068283028125
91.25999999999999	0.7422068283028125
91.354	0.7422068283028125
91.448	0.7422068283028125
91.541	0.7422068283028125
91.63499999999999	0.7422068283028125
91.728	0.9896091044037689
91.82199999999999	0.9896091044037689
91.916	0.9896091044037689
92.009	0.7422068283028125
92.103	0.7422068283028125
92.196	0.7422068283028125
92.28999999999999	0.7422068283028125
92.384	0.7422068283028125
92.47699999999999	0.7422068283028125
92.571	0.7422068283028125
92.664	0.7422068283028125
92.758	0.7422068283028125
92.85199999999999	0.7422068283028125
92.945	0.7422068283028125
93.039	0.7422068283028125
93.13199999999999	0.7422068283028125
93.226	0.7422068283028125
93.32	0.7422068283028125
93.413	0.7422068283028125
93.50699999999999	0.7422068283028125
93.6	0.7422068283028125
93.69399999999999	0.7422068283028125
93.788	0.7422068283028125
93.881	0.7422068283028125
93.975	0.7422068283028125
94.068	0.7422068283028125
94.16199999999999	0.7422068283028125
94.256	0.7422068283028125
94.34899999999999	0.7422068283028125
94.443	0.7422068283028125
94.536	0.7422068283028125
94.63	0.7422068283028125
94.72399999999999	0.7422068283028125
94.817	0.7422068283028125
94.911	0.7422068283028125
95.00399999999999	0.7422068283028125
95.098	0.7422068283028125
95.192	0.7422068283028125
95.285	0.7422068283028125
95.37899999999999	0.7422068283028125
95.472	0.7422068283028125
95.56599999999999	0.7422068283028125
95.66	0.7422068283028125
95.753	0.7422068283028125
95.847	0.49480455220185604
95.94	0.7422068283028125
96.03399999999999	0.7422068283028125
96.128	0.49480455220185604
96.22099999999999	0.49480455220185604
96.315	0.7422068283028125
96.408	0.49480455220185604
96.502	0.49480455220185604
96.59599999999999	0.7422068283028125
96.689	0.49480455220185604
96.783	0.49480455220185604
96.87599999999999	0.49480455220185604
96.97	0.49480455220185604
97.064	0.49480455220185604
97.157	0.49480455220185604
97.25099999999999	0.49480455220185604
97.344	0.49480455220185604
97.43799999999999	0.49480455220185604
97.532	0.49480455220185604
97.625	0.49480455220185604
97.719	0.49480455220185604
97.812	0.49480455220185604
97.90599999999999	0.49480455220185604
98.	0.49480455220185604
98.09299999999999	0.49480455220185604
98.187	0.49480455220185604
98.28	0.49480455220185604
98.374	0.49480455220185604
98.46799999999999	0.49480455220185604
98.56099999999999	0.49480455220185604
98.655	0.49480455220185604
98.74799999999999	0.49480455220185604
98.842	0.49480455220185604
98.93599999999999	0.49480455220185604
99.029	0.49480455220185604
99.12299999999999	0.49480455220185604
99.216	0.49480455220185604
99.30999999999999	0.24740227610095644
99.404	0.49480455220185604
99.497	0.49480455220185604
99.591	0.49480455220185604
99.684	0.49480455220185604
99.77799999999999	0.49480455220185604
99.872	0.24740227610095644
99.96499999999999	0.49480455220185604
100.059	0.49480455220185604
100.152	0.24740227610095644
100.246	0.24740227610095644
100.33999999999999	0.24740227610095644
100.43299999999999	0.24740227610095644
100.527	0.24740227610095644
100.61999999999999	0.24740227610095644
100.714	0.24740227610095644
100.80799999999999	0.24740227610095644
100.901	0.49480455220185604
100.99499999999999	0.24740227610095644
101.088	0.24740227610095644
101.18199999999999	0.24740227610095644
101.276	0.24740227610095644
101.369	0.24740227610095644
101.463	0.24740227610095644
101.556	0.24740227610095644
101.64999999999999	0.24740227610095644
101.744	0.24740227610095644
101.83699999999999	0.24740227610095644
101.931	0.24740227610095644
102.024	0.24740227610095644
102.118	0.24740227610095644
102.21199999999999	0.24740227610095644
102.30499999999999	0.24740227610095644
102.399	0.24740227610095644
102.49199999999999	0.24740227610095644
102.586	0.24740227610095644
102.67999999999999	0.24740227610095644
102.773	0.24740227610095644
102.86699999999999	0.24740227610095644
102.96	0.24740227610095644
103.05399999999999	0.24740227610095644
103.148	0.24740227610095644
103.241	0.24740227610095644
103.335	0.24740227610095644
103.428	0.24740227610095644
103.52199999999999	0.24740227610095644
103.616	0.24740227610095644
103.70899999999999	0.24740227610095644
103.803	0.24740227610095644
103.896	0.24740227610095644
103.99	0.24740227610095644
104.08399999999999	0.24740227610095644
104.17699999999999	0.24740227610095644
104.271	0.24740227610095644
104.36399999999999	0.24740227610095644
104.458	0.24740227610095644
104.55199999999999	0.24740227610095644
104.645	0.24740227610095644
104.73899999999999	0.
104.832	0.24740227610095644
104.926	0.24740227610095644
105.02	0.24740227610095644
105.113	0.
105.207	0.24740227610095644
105.3	0.24740227610095644
105.39399999999999	0.
105.488	0.
105.58099999999999	0.
105.675	0.24740227610095644
105.768	0.
105.862	0.24740227610095644
105.95599999999999	0.
106.04899999999999	0.
106.143	0.
106.23599999999999	0.
106.33	0.24740227610095644
106.42399999999999	0.24740227610095644
106.517	0.
106.61099999999999	0.
106.704	0.24740227610095644
106.798	0.
106.892	0.
106.985	0.
107.079	0.
107.172	0.
107.26599999999999	0.
107.36	0.
107.45299999999999	0.
107.547	0.
107.64	0.
107.734	0.
107.82799999999999	0.
107.92099999999999	0.
108.015	0.
108.10799999999999	0.
108.202	0.
108.29599999999999	0.
108.389	0.
108.48299999999999	0.