0.	36.69937417909301
0.09299999999999997	23.85459321641042
0.18700000000000006	22.212779108398365
0.28100000000000014	21.536738005099323
0.3740000000000001	21.536738005099323
0.46799999999999997	21.053851502742816
0.5609999999999999	20.667542300857633
0.6549999999999998	20.28123309897245
0.7490000000000001	19.89492389708721
0.8420000000000001	19.508614695202027
0.9359999999999999	19.508614695202027
1.029	19.02572819284552
1.1229999999999998	18.639418990960394
1.217	18.25310978907521
1.31	17.963377887661295
1.404	17.673645986247436
1.4969999999999999	17.673645986247436
1.5909999999999997	17.287336784362196
1.685	16.997604882948337
1.778	16.611295681063098
1.8719999999999999	16.224986479177915
1.9649999999999999	15.935254577763999
2.059	15.935254577763999
2.153	15.548945375878873
2.246	15.259213474465014
2.3400000000000003	14.969481573051098
2.4330000000000003	14.583172371165915
2.5269999999999997	14.390017770223324
2.621	14.390017770223324
2.714	14.003708568338084
2.8080000000000003	13.713976666924225
2.9010000000000002	13.42424476551031
2.9949999999999997	13.134512864096394
3.089	13.134512864096394
3.182	12.941358263153859
3.2760000000000002	12.651626361739943
3.369	12.361894460326084
3.4629999999999996	12.072162558912169
3.557	11.879007957969577
3.65	11.879007957969577
3.744	11.685853357026986
3.837	11.39612145561307
3.9309999999999996	11.202966854670478
4.025	11.009812253727887
4.118	10.816657652785295
4.212	10.816657652785295
4.305	10.623503051842704
4.398999999999999	10.430348450900112
4.493	10.237193849957464
4.586	10.140616549486253
4.68	9.947461948543662
4.773	9.947461948543662
4.866999999999999	9.75430734760107
4.961	9.561152746658479
5.054	9.36799814571583
5.148	9.271420845244563
5.241	9.078266244301972
5.334999999999999	9.078266244301972
5.429	8.88511164335938
5.522	8.788534342888056
5.616	8.595379741945465
5.709	8.402225141002873
5.803000000000001	8.305647840531549
5.897	8.305647840531549
5.99	8.112493239588957
6.084	7.919338638646366
6.177	7.726184037703774
6.270999999999999	7.533029436761183
6.365	7.339874835818648
6.458	7.339874835818648
6.552	7.243297535347267
6.645	7.050142934404732
6.738999999999999	6.856988333462141
6.833	6.760411032990817
6.926	6.760411032990817
7.02	6.567256432048225
7.1129999999999995	6.470679131576958
7.206999999999999	6.277524530634366
7.301	6.084369929691718
7.394	5.987792629220451
7.4879999999999995	5.987792629220451
7.5809999999999995	5.8912153287491265
7.674999999999999	5.698060727806535
7.769	5.601483427335268
7.862	5.504906126863943
7.9559999999999995	5.408328826392676
8.049	5.408328826392676
8.142999999999999	5.311751525921352
8.237	5.11859692497876
8.33	5.022019624507436
8.424	4.925442324036169
8.517	4.828865023564845
8.610999999999999	4.828865023564845
8.705	4.732287723093577
8.798	4.732287723093577
8.892	4.539133122151043
8.985	4.442555821679662
9.078999999999999	4.3459785212083375
9.173	4.3459785212083375
9.266	4.249401220737127
9.36	4.249401220737127
9.453	4.152823920265803
9.546999999999999	4.0562466197945355
9.641	3.9596693193232113
9.734	3.9596693193232113
9.828	3.8630920188519156
9.921	3.8630920188519156
10.014999999999999	3.7665147183805914
10.109	3.669937417909267
10.202	3.5733601174380283
10.296	3.5733601174380283
10.389	3.4767828169666757
10.482999999999999	3.4767828169666757
10.577	3.3802055164954368
10.67	3.2836282160241126
10.764	3.2836282160241126
10.857	3.2836282160241126
10.950999999999999	3.1870509155528453
11.045	3.090473615081521
11.138	2.9938963146102537
11.232	2.9938963146102537
11.325	2.9938963146102537
11.418999999999999	2.8973190141389296
11.513	2.8007417136676054
11.606	2.8007417136676054
11.7	2.704164413196338
11.793	2.704164413196338
11.886999999999999	2.704164413196338
11.981	2.607587112725014
12.074	2.5110098122537465
12.168	2.5110098122537465
12.261	2.4144325117824224
12.354999999999999	2.317855211311155
12.449	2.317855211311155
12.542	2.317855211311155
12.636	2.221277910839831
12.729	2.221277910839831
12.823	2.124700610368592
12.917	2.124700610368592
13.01	2.124700610368592
13.104	2.0281233098972677
13.197	1.9315460094259151
13.291	1.9315460094259151
13.385	1.9315460094259151
13.478	1.8349687089546762
13.572	1.8349687089546762
13.665	1.738391408483352
13.759	1.738391408483352
13.853	1.6418141080120847
13.946	1.6418141080120847
14.04	1.6418141080120847
14.133	1.6418141080120847
14.227	1.6418141080120847
14.320999999999998	1.5452368075407605
14.413999999999998	1.5452368075407605
14.508	1.4486595070694932
14.600999999999999	1.4486595070694932
14.695	1.4486595070694932
14.788999999999998	1.4486595070694932
14.881999999999998	1.352082206598169
14.975999999999999	1.352082206598169
15.068999999999999	1.352082206598169
15.163	1.352082206598169
15.256999999999998	1.2555049061269017
15.349999999999998	1.2555049061269017
15.443999999999999	1.2555049061269017
15.536999999999999	1.1589276056555775
15.631	1.1589276056555775
15.724999999999998	1.1589276056555775
15.817999999999998	1.1589276056555775
15.911999999999999	1.1589276056555775
16.005	1.0623503051842533
16.099	1.0623503051842533
16.192999999999998	1.0623503051842533
16.285999999999998	1.0623503051842533
16.38	0.965773004712986
16.473	0.965773004712986
16.567	0.965773004712986
16.660999999999998	0.965773004712986
16.753999999999998	0.965773004712986
16.848	0.965773004712986
16.941	0.965773004712986
17.035	0.8691957042416618
17.128999999999998	0.8691957042416618
17.221999999999998	0.8691957042416618
17.316	0.8691957042416618
17.409	0.8691957042416618
17.503	0.7726184037704229
17.596999999999998	0.7726184037704229
17.69	0.7726184037704229
17.784	0.7726184037704229
17.877	0.7726184037704229
17.971	0.7726184037704229
18.065	0.6760411032990703
18.158	0.6760411032990703
18.252	0.6760411032990703
18.345	0.6760411032990703
18.439	0.6760411032990703
18.533	0.6760411032990703
18.626	0.5794638028278314
18.72	0.5794638028278314
18.813	0.5794638028278314
18.907	0.5794638028278314
19.001	0.5794638028278314
19.094	0.5794638028278314
19.188	0.5794638028278314
19.281	0.4828865023565072
19.375	0.4828865023565072
19.469	0.4828865023565072
19.562	0.4828865023565072
19.656	0.4828865023565072
19.749	0.4828865023565072
19.843	0.3863092018852399
19.937	0.3863092018852399
20.03	0.3863092018852399
20.124	0.3863092018852399
20.217	0.3863092018852399
20.311	0.3863092018852399
20.405	0.3863092018852399
20.498	0.2897319014139157
20.592	0.2897319014139157
20.685	0.2897319014139157
20.779	0.2897319014139157
20.887999999999998	0.2897319014139157
20.966	0.2897319014139157
21.06	0.2897319014139157
21.153	0.2897319014139157
21.247	0.2897319014139157
21.341	0.19315460094259151
21.434	0.19315460094259151
21.528	0.19315460094259151
21.621	0.19315460094259151
21.715	0.19315460094259151
21.809	0.19315460094259151
21.902	0.19315460094259151
21.996	0.19315460094259151
22.089	0.19315460094259151
22.183	0.19315460094259151
22.277	0.19315460094259151
22.37	0.09657730047132418
22.464	0.09657730047132418
22.557	0.09657730047132418
22.651	0.09657730047132418
22.745	0.09657730047132418
22.838	0.09657730047132418
22.932	0.09657730047132418
23.025	0.09657730047132418
23.119	0.09657730047132418
23.213	0.09657730047132418
23.306	0.