0.	30.228695047516055
0.09299999999999997	23.275129413582647
0.18700000000000028	22.212779108398422
0.28100000000000014	21.63331530557059
0.3740000000000001	21.15042880321414
0.46799999999999997	21.15042880321414
0.5610000000000004	20.860696901800225
0.6550000000000002	20.377810399443717
0.7490000000000001	19.991501197558534
0.8420000000000001	19.60519199567335
0.9360000000000004	19.21888279378811
1.0290000000000004	19.21888279378811
1.1230000000000002	18.735996291431718
1.2170000000000005	18.446264390017802
1.3100000000000005	18.05995518813262
1.404	17.67364598624738
1.4969999999999999	17.287336784362196
1.5910000000000002	17.287336784362196
1.6850000000000005	16.901027582477013
1.7780000000000005	16.611295681063098
1.8719999999999999	16.321563779649296
1.9649999999999999	16.03183187823538
2.059	15.742099976821464
2.1530000000000005	15.742099976821464
2.2460000000000004	15.452368075407605
2.34	15.259213474464957
2.433	14.969481573051098
2.527	14.776326972108507
2.6210000000000004	14.486595070694591
2.7140000000000004	14.486595070694591
2.808	14.293440469752
2.901	14.003708568338084
2.995	13.713976666924168
3.0890000000000004	13.520822065981577
3.1820000000000004	13.520822065981577
3.276	13.231090164567775
3.3689999999999998	13.037935563625183
3.463	12.748203662211267
3.5570000000000004	12.555049061268676
3.6500000000000004	12.361894460326084
3.7439999999999998	12.361894460326084
3.8369999999999997	12.072162558912169
3.931	11.879007957969577
4.025	11.685853357026986
4.118	11.492698756084394
4.212	11.299544155141803
4.305000000000001	11.299544155141803
4.399	11.106389554199154
4.493	10.913234953256563
4.586	10.720080352313971
4.680000000000001	10.52692575137138
4.773000000000001	10.237193849957464
4.867	10.237193849957464
4.961	10.04403924901493
5.054	9.850884648072338
5.148	9.657730047129746
5.241	9.561152746658422
5.335000000000001	9.36799814571583
5.429	9.36799814571583
5.522	9.271420845244563
5.616	9.174843544773239
5.709	8.88511164335938
5.803000000000001	8.788534342888056
5.897	8.595379741945465
5.99	8.595379741945465
6.084	8.402225141002873
6.177	8.305647840531549
6.271000000000001	8.112493239588957
6.365	8.01591593911769
6.458	7.822761338175042
6.552	7.822761338175042
6.645	7.62960673723245
6.739000000000001	7.53302943676124
6.833	7.339874835818648
6.926	7.243297535347324
7.02	7.243297535347324
7.1129999999999995	7.050142934404732
7.207000000000001	6.856988333462141
7.301	6.760411032990817
7.394	6.567256432048225
7.4879999999999995	6.374101831105634
7.5809999999999995	6.374101831105634
7.675000000000001	6.2775245306343095
7.769	6.084369929691718
7.862	5.987792629220451
7.9559999999999995	5.794638028277859
8.049	5.698060727806535
8.143	5.698060727806535
8.237	5.504906126863943
8.33	5.408328826392619
8.424	5.311751525921352
8.517	5.11859692497876
8.611	5.022019624507436
8.705	5.022019624507436
8.798	4.925442324036169
8.892	4.828865023564845
8.985	4.732287723093634
9.079	4.539133122150929
9.173	4.4425558216797185
9.266	4.4425558216797185
9.36	4.4425558216797185
9.453	4.345978521208394
9.547	4.152823920265803
9.641	4.152823920265803
9.734	4.056246619794507
9.828	4.056246619794507
9.921	3.959669319323183
10.015	3.8630920188518587
10.109	3.76651471838062
10.202	3.669937417909267
10.296	3.669937417909267
10.389	3.669937417909267
10.483	3.5733601174380283
10.577	3.476782816966704
10.67	3.3802055164954368
10.764	3.2836282160241126
10.857	3.2836282160241126
10.951	3.2836282160241126
11.045	3.1870509155528453
11.138	3.090473615081521
11.232	3.090473615081521
11.325000000000001	2.993896314610197
11.419	2.993896314610197
11.513	2.8973190141389296
11.606	2.8007417136676054
11.700000000000001	2.8007417136676054
11.793000000000001	2.704164413196338
11.887	2.704164413196338
11.981	2.704164413196338
12.074	2.607587112725014
12.168000000000001	2.607587112725014
12.261000000000001	2.5110098122537465
12.355	2.5110098122537465
12.449	2.4144325117824224
12.542	2.4144325117824224
12.636000000000001	2.3178552113111834
12.729000000000001	2.3178552113111834
12.823	2.2212779108398593
12.917	2.2212779108398593
13.01	2.2212779108398593
13.104000000000001	2.1247006103685067
13.197000000000001	2.0281233098972677
13.290999999999999	2.0281233098972677
13.385	1.9315460094259436
13.478	1.9315460094259436
13.572000000000001	1.9315460094259436
13.665000000000001	1.8349687089546762
13.758999999999999	1.8349687089546762
13.853	1.738391408483352
13.946	1.738391408483352
14.040000000000001	1.6418141080120847
14.133000000000001	1.6418141080120847
14.226999999999999	1.6418141080120847
14.321	1.5452368075407605
14.414	1.5452368075407605
14.508000000000001	1.4486595070694932
14.601	1.4486595070694932
14.694999999999999	1.4486595070694932
14.789	1.4486595070694932
14.882	1.352082206598169
14.976	1.352082206598169
15.069	1.352082206598169
15.162999999999998	1.2555049061268448
15.257	1.2555049061268448
15.35	1.2555049061268448
15.444	1.1589276056555775
15.537	1.1589276056555775
15.630999999999998	1.1589276056555775
15.725	1.1589276056555775
15.818	1.1589276056555775
15.912	1.1589276056555775
16.005000000000003	1.0623503051842533
16.098999999999997	1.0623503051842533
16.192999999999998	0.9657730047130144
16.286	0.9657730047130144
16.380000000000003	0.9657730047130144
16.473	0.9657730047130144
16.567	0.8691957042416618
16.661	0.8691957042416618
16.753999999999998	0.8691957042416618
16.848	0.8691957042416618
16.941000000000003	0.8691957042416618
17.035000000000004	0.7726184037704229
17.128999999999998	0.7726184037704229
17.222	0.7726184037704229
17.316000000000003	0.7726184037704229
17.409	0.7726184037704229
17.503	0.6760411032990987
17.597	0.6760411032990987
17.689999999999998	0.6760411032990987
17.784	0.6760411032990987
17.877000000000002	0.5794638028278314
17.971000000000004	0.5794638028278314
18.064999999999998	0.5794638028278314
18.158	0.5794638028278314
18.252000000000002	0.4828865023565072
18.345	0.4828865023565072
18.439	0.4828865023565072
18.533	0.4828865023565072
18.625999999999998	0.4828865023565072
18.72	0.4828865023565072
18.813000000000002	0.4828865023565072
18.907000000000004	0.38630920188518303
19.000999999999998	0.38630920188518303
19.094	0.38630920188518303
19.188000000000002	0.38630920188518303
19.281	0.38630920188518303
19.375	0.38630920188518303
19.469	0.38630920188518303
19.561999999999998	0.2897319014139157
19.656	0.2897319014139157
19.749000000000002	0.2897319014139157
19.843000000000004	0.2897319014139157
19.936999999999998	0.2897319014139157
20.03	0.2897319014139157
20.124000000000002	0.2897319014139157
20.217	0.2897319014139157
20.311	0.19315460094259151
20.405	0.19315460094259151
20.497999999999998	0.19315460094259151
20.592	0.19315460094259151
20.685000000000002	0.19315460094259151
20.779000000000003	0.09657730047132418
20.872999999999998	0.19315460094259151
20.966	0.19315460094259151
21.060000000000002	0.09657730047132418
21.153	0.09657730047132418
21.247	0.09657730047132418
21.341	0.09657730047132418
21.433999999999997	0.09657730047132418
21.528	0.09657730047132418
21.621000000000002	0.09657730047132418
21.715000000000003	0.09657730047132418
21.808999999999997	0.09657730047132418
21.902	0.09657730047132418
21.996000000000002	0.09657730047132418
22.089	0.
22.183	0.
22.277	0.
22.369999999999997	0.
22.464	0.
22.557000000000002	0.
22.651000000000003	0.