0.	98.8968235043111
0.09399999999999986	35.01549969251619
0.18799999999999994	28.865824119278614
0.2809999999999999	28.865824119278614
0.375	27.86179545426029
0.46799999999999997	27.48528470487838
0.562	27.108773955496417
0.6560000000000001	26.73226320611451
0.7490000000000001	26.35575245673266
0.843	26.35575245673266
0.9359999999999999	25.979241707350752
1.0299999999999998	25.602730957968845
1.124	25.35172379171422
1.217	24.975213042332427
1.311	24.724205876077804
1.404	24.724205876077804
1.4979999999999998	24.347695126695896
1.592	24.09668796044133
1.685	23.720177211059365
1.779	23.469170044804798
1.8719999999999999	23.21816287855023
1.9659999999999997	23.21816287855023
2.06	22.967155712295607
2.153	22.71614854604104
2.247	22.339637796659133
2.34	22.088630630404566
2.434	21.837623464149942
2.528	21.837623464149942
2.621	21.712119881022602
2.7150000000000003	21.461112714768035
2.8080000000000003	21.210105548513468
2.9019999999999997	20.959098382258844
2.996	20.833594799131504
3.089	20.833594799131504
3.1830000000000003	20.582587632876937
3.2760000000000002	20.33158046662237
3.3699999999999997	20.20607688349503
3.464	19.955069717240406
3.557	19.955069717240406
3.6510000000000002	19.70406255098584
3.744	19.45305538473127
3.8379999999999996	19.202048218476648
3.932	19.076544635349308
4.025	18.95104105222208
4.119	18.95104105222208
4.212	18.700033885967514
4.305999999999999	18.574530302840174
4.4	18.32352313658555
4.493	18.072515970330983
4.587	17.947012387203642
4.68	17.947012387203642
4.773999999999999	17.696005220949075
4.868	17.44499805469445
4.961	17.319494471567225
5.055	17.068487305312544
5.148	16.942983722185318
5.241999999999999	16.942983722185318
5.336	16.691976555930694
5.429	16.566472972803354
5.523	16.315465806548787
5.616	16.18996222342156
5.709999999999999	16.06445864029422
5.804	16.06445864029422
5.897	15.813451474039596
5.991	15.687947890912255
6.084	15.562444307785029
6.178000000000001	15.311437141530462
6.272	15.185933558403121
6.365	15.185933558403121
6.459	15.060429975275838
6.552	14.934926392148498
6.645999999999999	14.809422809021214
6.74	14.68391922589393
6.833	14.432912059639364
6.927	14.432912059639364
7.02	14.307408476512023
7.113999999999999	14.18190489338474
7.208	14.0564013102574
7.301	13.930897727130116
7.395	13.930897727130116
7.4879999999999995	13.805394144002832
7.581999999999999	13.679890560875492
7.676	13.554386977748266
7.769	13.428883394620925
7.8629999999999995	13.303379811493642
7.9559999999999995	13.303379811493642
8.049999999999999	13.177876228366358
8.144	13.052372645239075
8.237	12.926869062111734
8.331	12.801365478984394
8.424	12.675861895857167
8.517999999999999	12.675861895857167
8.612	12.675861895857167
8.705	12.550358312729827
8.799	12.4248547296026
8.892	12.29935114647526
8.985999999999999	12.29935114647526
9.08	12.29935114647526
9.173	12.173847563347977
9.267	11.92284039709341
9.36	11.92284039709341
9.453999999999999	11.79733681396607
9.548	11.671833230838729
9.641	11.671833230838729
9.735	11.546329647711502
9.828	11.420826064584162
9.921999999999999	11.295322481456878
10.016	11.169818898329538
10.109	11.169818898329538
10.203	11.169818898329538
10.296	11.044315315202311
10.389999999999999	10.918811732074971
10.484	10.793308148947744
10.577	10.793308148947744
10.671	10.667804565820404
10.764	10.667804565820404
10.857999999999999	10.542300982693064
10.952	10.41679739956578
11.045	10.41679739956578
11.139	10.29129381643844
11.232	10.29129381643844
11.325999999999999	10.165790233311213
11.42	10.165790233311213
11.513	10.040286650183873
11.607	9.914783067056646
11.7	9.914783067056646
11.793999999999999	9.914783067056646
11.888	9.789279483929306
11.981	9.663775900801966
12.075	9.663775900801966
12.168	9.538272317674682
12.261999999999999	9.538272317674682
12.356	9.538272317674682
12.449	9.412768734547342
12.543	9.287265151420115
12.636	9.287265151420115
12.729999999999999	9.161761568292775
12.824	9.036257985165548
12.917	9.036257985165548
13.011	9.036257985165548
13.104	8.910754402038208
13.198	8.785250818910924
13.292	8.659747235783584
13.385	8.659747235783584
13.479	8.659747235783584
13.572	8.534243652656244
13.666	8.408740069529017
13.76	8.408740069529017
13.853	8.283236486401677
13.947	8.15773290327445
14.04	8.15773290327445
14.134	8.03222932014711
14.228	8.03222932014711
14.321	7.906725737019826
14.415	7.906725737019826
14.508	7.781222153892486
14.602	7.781222153892486
14.695999999999998	7.655718570765259
14.788999999999998	7.655718570765259
14.883	7.530214987637919
14.975999999999999	7.530214987637919
15.07	7.530214987637919
15.163999999999998	7.404711404510579
15.256999999999998	7.404711404510579
15.350999999999999	7.279207821383352
15.443999999999999	7.279207821383352
15.538	7.153704238256012
15.631999999999998	7.153704238256012
15.724999999999998	7.153704238256012
15.818999999999999	7.028200655128728
15.911999999999999	7.028200655128728
16.006	7.028200655128728
16.099999999999998	6.902697072001388
16.192999999999998	6.902697072001388
16.287	6.902697072001388
16.38	6.777193488874161
16.474	6.777193488874161
16.567999999999998	6.777193488874161
16.660999999999998	6.651689905746821
16.755	6.651689905746821
16.848	6.651689905746821
16.942	6.526186322619594
17.035999999999998	6.526186322619594
17.128999999999998	6.400682739492254
17.223	6.400682739492254
17.316	6.400682739492254
17.41	6.2751791563649135
17.503999999999998	6.2751791563649135
17.596999999999998	6.14967557323763
17.691	6.14967557323763
17.784	6.02417199011029
17.878	6.02417199011029
17.971999999999998	6.02417199011029
18.065	6.02417199011029
18.159	5.898668406983063
18.252	5.898668406983063
18.346	5.773164823855723
18.44	5.773164823855723
18.533	5.773164823855723
18.627	5.647661240728496
18.72	5.647661240728496
18.814	5.647661240728496
18.908	5.647661240728496
19.001	5.522157657601156
19.095	5.396654074473815
19.188	5.396654074473815
19.282	5.271150491346532
19.376	5.271150491346532
19.469	5.271150491346532
19.563	5.145646908219248
19.656	5.145646908219248
19.75	5.020143325091965
19.844	5.020143325091965
19.937	5.020143325091965
20.031	5.020143325091965
20.124	4.894639741964625
20.218	4.894639741964625
20.312	4.769136158837398
20.405	4.769136158837398
20.499	4.643632575710058
20.592	4.643632575710058
20.686	4.769136158837398
20.78	4.643632575710058
20.873	4.518128992582774
20.967	4.518128992582774
21.06	4.518128992582774
21.154	4.518128992582774
21.248	4.392625409455434
21.341	4.392625409455434
21.435	4.392625409455434
21.528	4.26712182632815
21.622	4.26712182632815
21.716	4.26712182632815
21.809	4.26712182632815
21.903	4.141618243200867
21.996	4.141618243200867
22.09	4.141618243200867
22.184	4.141618243200867
22.277	4.0161146600735265
22.371	4.0161146600735265
22.464	3.8906110769463
22.558	3.8906110769463
22.652	3.8906110769463
22.745	3.8906110769463
22.839	3.8906110769463
22.932	3.8906110769463
23.026	3.8906110769463
23.12	3.7651074938189595
23.213	3.7651074938189595
23.307	3.7651074938189595
23.4	3.7651074938189595
23.494	3.7651074938189595
23.588	3.639603910691676
23.681	3.639603910691676
23.775	3.639603910691676
23.868	3.639603910691676
23.962	3.639603910691676
24.056	3.5141003275643925
24.149	3.5141003275643925
24.243	3.5141003275643925
24.336	3.5141003275643925
24.43	3.5141003275643925
24.524	3.5141003275643925
24.617	3.388596744437109
24.711	3.388596744437109
24.804	3.388596744437109
24.898	3.2630931613097687
24.992	3.2630931613097687
25.085	3.2630931613097687
25.179	3.2630931613097687
25.272	3.2630931613097687
25.366	3.1375895781824283
25.46	3.1375895781824283
25.553	3.1375895781824283
25.647	3.1375895781824283
25.74	3.1375895781824283
25.834	3.0120859950552017
25.928	3.0120859950552017
26.021	3.0120859950552017
26.115	3.0120859950552017
26.208	3.0120859950552017
26.302	2.8865824119278614
26.396	2.8865824119278614
26.489	2.8865824119278614
26.583	2.8865824119278614
26.692	2.7610788288006347
26.77	2.7610788288006347
26.864	2.7610788288006347
26.957	2.7610788288006347
27.051	2.6355752456732944
27.144	2.6355752456732944
27.238	2.6355752456732944
27.332	2.6355752456732944
27.425	2.6355752456732944
27.519	2.510071662546011
27.612	2.510071662546011
27.706	2.510071662546011
27.8	2.510071662546011
27.893	2.510071662546011
27.987	2.3845680794186705
28.08	2.3845680794186705
28.174	2.3845680794186705
28.268	2.3845680794186705
28.361	2.3845680794186705
28.455	2.3845680794186705
28.548	2.3845680794186705
28.642	2.3845680794186705
28.736	2.259064496291444
28.829	2.259064496291444
28.923	2.259064496291444
29.016	2.259064496291444
29.11	2.259064496291444
29.204	2.259064496291444
29.297	2.259064496291444
29.391	2.259064496291444
29.483999999999998	2.1335609131641036
29.578	2.1335609131641036
29.672	2.1335609131641036
29.765	2.1335609131641036
29.858999999999998	2.1335609131641036
29.951999999999998	2.1335609131641036
30.046	2.1335609131641036
30.14	2.1335609131641036
30.233	2.0080573300367632
30.326999999999998	2.0080573300367632
30.419999999999998	2.0080573300367632
30.514	2.0080573300367632
30.608	2.0080573300367632
30.700999999999997	2.0080573300367632
30.794999999999998	2.0080573300367632
30.888	1.8825537469095366
30.982000000000003	1.8825537469095366
31.075999999999997	1.8825537469095366
31.169	1.8825537469095366
31.263	1.8825537469095366
31.355999999999998	1.7570501637821963
31.45	1.7570501637821963
31.544	1.7570501637821963
31.636999999999997	1.7570501637821963
31.730999999999998	1.7570501637821963
31.824	1.7570501637821963
31.918000000000003	1.6315465806549128
32.012	1.6315465806549128
32.105000000000004	1.6315465806549128
32.199000000000005	1.6315465806549128
32.292	1.6315465806549128
32.386	1.6315465806549128
32.480000000000004	1.5060429975275724
32.573	1.5060429975275724
32.667	1.5060429975275724
32.760000000000005	1.5060429975275724
32.854000000000006	1.5060429975275724
32.948	1.5060429975275724
33.041000000000004	1.3805394144003458
33.135000000000005	1.3805394144003458
33.228	1.3805394144003458
33.322	1.3805394144003458
33.416000000000004	1.3805394144003458
33.509	1.3805394144003458
33.603	1.2550358312730054
33.696000000000005	1.2550358312730054
33.790000000000006	1.2550358312730054
33.884	1.2550358312730054
33.977000000000004	1.2550358312730054
34.071000000000005	1.2550358312730054
34.164	1.2550358312730054
34.258	1.2550358312730054
34.352000000000004	1.2550358312730054
34.445	1.2550358312730054
34.539	1.2550358312730054
34.632000000000005	1.129532248145665
34.726000000000006	1.129532248145665
34.82	1.129532248145665
34.913000000000004	1.129532248145665
35.007000000000005	1.129532248145665
35.1	1.129532248145665
35.194	1.129532248145665
35.288000000000004	1.129532248145665
35.381	1.129532248145665
35.475	1.0040286650184385
35.568000000000005	1.0040286650184385
35.662000000000006	1.129532248145665
35.756	1.0040286650184385
35.849000000000004	1.0040286650184385
35.943000000000005	1.0040286650184385
36.036	1.0040286650184385
36.13	1.0040286650184385
36.224000000000004	1.0040286650184385
36.317	1.0040286650184385
36.411	1.0040286650184385
36.504000000000005	1.0040286650184385
36.598000000000006	1.0040286650184385
36.692	0.8785250818910981
36.785000000000004	0.8785250818910981
36.879000000000005	0.8785250818910981
36.972	0.8785250818910981
37.066	0.8785250818910981
37.160000000000004	0.8785250818910981
37.253	0.8785250818910981
37.347	0.8785250818910981
37.440000000000005	0.8785250818910981
37.534000000000006	0.8785250818910981
37.628	0.8785250818910981
37.721000000000004	0.8785250818910981
37.815000000000005	0.8785250818910981
37.908	0.7530214987638146
38.002	0.7530214987638146
38.096000000000004	0.7530214987638146
38.189	0.7530214987638146
38.283	0.7530214987638146
38.376000000000005	0.7530214987638146
38.470000000000006	0.7530214987638146
38.564	0.7530214987638146
38.657000000000004	0.7530214987638146
38.751000000000005	0.7530214987638146
38.844	0.7530214987638146
38.938	0.7530214987638146
39.032000000000004	0.7530214987638146
39.125	0.7530214987638146
39.219	0.7530214987638146
39.312000000000005	0.7530214987638146
39.406000000000006	0.7530214987638146
39.5	0.7530214987638146
39.593	0.6275179156364743
39.687000000000005	0.6275179156364743
39.78	0.6275179156364743
39.874	0.6275179156364743
39.968	0.6275179156364743
40.061	0.6275179156364743
40.155	0.6275179156364743
40.248000000000005	0.6275179156364743
40.342000000000006	0.6275179156364743
40.436	0.6275179156364743
40.529	0.6275179156364743
40.623000000000005	0.6275179156364743
40.716	0.6275179156364743
40.81	0.6275179156364743
40.904	0.6275179156364743
40.997	0.6275179156364743
41.091	0.6275179156364743
41.184000000000005	0.6275179156364743
41.278000000000006	0.6275179156364743
41.372	0.6275179156364743
41.465	0.6275179156364743
41.559000000000005	0.6275179156364743
41.652	0.6275179156364743
41.746	0.6275179156364743
41.84	0.5020143325092477
41.933	0.5020143325092477
42.027	0.6275179156364743
42.120000000000005	0.5020143325092477
42.214000000000006	0.5020143325092477
42.308	0.5020143325092477
42.401	0.5020143325092477
42.495000000000005	0.5020143325092477
42.588	0.5020143325092477
42.682	0.5020143325092477
42.776	0.5020143325092477
42.869	0.5020143325092477
42.963	0.5020143325092477
43.056000000000004	0.5020143325092477
43.150000000000006	0.5020143325092477
43.244	0.5020143325092477
43.337	0.3765107493819073
43.431000000000004	0.5020143325092477
43.524	0.3765107493819073
43.618	0.3765107493819073
43.712	0.3765107493819073
43.805	0.3765107493819073
43.899	0.3765107493819073
43.992000000000004	0.3765107493819073
44.086000000000006	0.3765107493819073
44.18	0.3765107493819073
44.273	0.3765107493819073
44.367000000000004	0.3765107493819073
44.46	0.3765107493819073
44.554	0.3765107493819073
44.648	0.3765107493819073
44.741	0.3765107493819073
44.835	0.3765107493819073
44.928000000000004	0.3765107493819073
45.022000000000006	0.25100716625468067
45.116	0.25100716625468067
45.209	0.25100716625468067
45.303000000000004	0.25100716625468067
45.396	0.25100716625468067
45.49	0.25100716625468067
45.584	0.25100716625468067
45.677	0.25100716625468067
45.771	0.25100716625468067
45.864000000000004	0.25100716625468067
45.958000000000006	0.25100716625468067
46.052	0.25100716625468067
46.145	0.25100716625468067
46.239000000000004	0.25100716625468067
46.332	0.25100716625468067
46.426	0.25100716625468067
46.52	0.25100716625468067
46.613	0.25100716625468067
46.707	0.12550358312734033
46.800000000000004	0.25100716625468067
46.894000000000005	0.25100716625468067
46.988	0.12550358312734033
47.081	0.12550358312734033
47.175000000000004	0.12550358312734033
47.268	0.12550358312734033
47.362	0.12550358312734033
47.456	0.12550358312734033
47.54900000000001	0.12550358312734033
47.643	0.12550358312734033
47.736000000000004	0.12550358312734033
47.830000000000005	0.12550358312734033
47.92400000000001	0.12550358312734033
48.017	0.12550358312734033
48.111000000000004	0.12550358312734033
48.204	0.12550358312734033
48.298	0.12550358312734033
48.392	0.12550358312734033
48.48500000000001	0.12550358312734033
48.579	0.12550358312734033
48.672000000000004	0.12550358312734033
48.766000000000005	0.
48.86000000000001	0.12550358312734033
48.953	0.
49.047000000000004	0.
49.14	0.
49.234	0.
49.328	0.12550358312734033
49.42100000000001	0.
49.515	0.