0.	209.54972785749618
0.09399999999999986	52.449282533399355
0.18699999999999983	37.35774369124192
0.2809999999999997	37.35774369124192
0.375	35.378525482434384
0.46799999999999997	34.63631865413163
0.5619999999999998	34.38891637803067
0.6549999999999998	33.89411182582876
0.7489999999999997	33.399307273626846
0.843	33.399307273626846
0.9359999999999999	33.151904997525946
1.0299999999999998	32.90450272142499
1.1229999999999998	32.65710044532409
1.2169999999999996	32.16229589312218
1.311	32.16229589312218
1.404	32.16229589312218
1.4979999999999998	31.66749134092032
1.5909999999999997	31.420089064819365
1.6849999999999996	31.17268678871841
1.779	31.17268678871841
1.8719999999999999	30.92528451261751
1.9660000000000002	30.92528451261751
2.059	30.677882236516552
2.1529999999999996	30.430479960415596
2.247	30.430479960415596
2.34	30.18307768431464
2.434	29.93567540821374
2.527	29.93567540821374
2.6209999999999996	29.93567540821374
2.715	29.688273132112784
2.808	29.440870856011884
2.902	29.440870856011884
2.995	29.19346857991087
3.0889999999999995	29.19346857991087
3.183	28.94606630380997
3.276	28.94606630380997
3.37	28.94606630380997
3.463	28.698664027709015
3.5569999999999995	28.698664027709015
3.651	28.698664027709015
3.7439999999999998	28.451261751608115
3.838	28.451261751608115
3.931	28.20385947550716
4.0249999999999995	27.956457199406202
4.119	27.956457199406202
4.212	27.956457199406202
4.306	27.709054923305246
4.399	27.709054923305246
4.492999999999999	27.461652647204346
4.587	27.461652647204346
4.68	27.461652647204346
4.774	27.21425037110339
4.867	27.21425037110339
4.960999999999999	26.966848095002433
5.055	26.966848095002433
5.148	26.719445818901477
5.242	26.719445818901477
5.335	26.719445818901477
5.428999999999999	26.472043542800577
5.523	26.472043542800577
5.616	26.22464126669962
5.71	25.977238990598664
5.803	25.977238990598664
5.897	25.977238990598664
5.9910000000000005	25.729836714497765
6.0840000000000005	25.729836714497765
6.178	25.482434438396808
6.271	25.482434438396808
6.364999999999999	25.482434438396808
6.4590000000000005	25.235032162295852
6.5520000000000005	25.235032162295852
6.646	24.987629886194895
6.739	24.987629886194895
6.832999999999999	24.740227610093996
6.9270000000000005	24.740227610093996
7.0200000000000005	24.740227610093996
7.114	24.49282533399304
7.207	24.49282533399304
7.300999999999999	24.24542305789214
7.3950000000000005	24.24542305789214
7.488	23.998020781791183
7.582	23.998020781791183
7.675	23.750618505690227
7.768999999999999	23.750618505690227
7.863	23.50321622958927
7.956	23.50321622958927
8.05	23.50321622958927
8.143	23.25581395348837
8.236999999999998	23.25581395348837
8.331	23.008411677387414
8.424	23.008411677387414
8.518	23.008411677387414
8.611	22.761009401286458
8.704999999999998	22.761009401286458
8.799	22.5136071251855
8.892	22.266204849084602
8.986	22.266204849084602
9.079	22.266204849084602
9.172999999999998	22.018802572983645
9.267	22.018802572983645
9.36	21.77140029688269
9.454	21.523998020781733
9.547	21.523998020781733
9.640999999999998	21.523998020781733
9.735	21.523998020781733
9.828	21.523998020781733
9.922	21.523998020781733
10.015	21.276595744680833
10.108999999999998	21.276595744680833
10.203	21.276595744680833
10.296	21.029193468579876
10.39	21.029193468579876
10.483	21.029193468579876
10.576999999999998	21.029193468579876
10.671	20.78179119247892
10.764	20.78179119247892
10.858	20.78179119247892
10.951	20.53438891637802
11.044999999999998	20.53438891637802
11.139	20.53438891637802
11.232	20.53438891637802
11.326	20.286986640277064
11.419	20.286986640277064
11.512999999999998	20.039584364176108
11.607	20.039584364176108
11.7	20.039584364176108
11.794	20.039584364176108
11.887	19.792182088075208
11.980999999999998	19.792182088075208
12.075	19.792182088075208
12.168	19.54477981197425
12.262	19.54477981197425
12.355	19.54477981197425
12.448999999999998	19.54477981197425
12.543	19.297377535873295
12.636	19.297377535873295
12.73	19.297377535873295
12.823	19.297377535873295
12.917000000000002	19.297377535873295
13.011	19.049975259772395
13.104	18.80257298367144
13.198	19.049975259772395
13.291	18.80257298367144
13.385000000000002	18.80257298367144
13.479	18.80257298367144
13.572	18.80257298367144
13.666	18.555170707570483
13.759	18.555170707570483
13.853000000000002	18.555170707570483
13.947	18.307768431469526
14.04	18.307768431469526
14.134	18.307768431469526
14.227	18.307768431469526
14.321000000000002	18.060366155368627
14.415	18.060366155368627
14.508	17.81296387926767
14.602	17.81296387926767
14.695	17.81296387926767
14.789000000000001	17.81296387926767
14.883	17.81296387926767
14.975999999999999	17.81296387926767
15.07	17.81296387926767
15.163	17.565561603166714
15.257000000000001	17.565561603166714
15.350999999999999	17.318159327065757
15.443999999999999	17.565561603166714
15.538	17.318159327065757
15.631	17.318159327065757
15.725000000000001	17.318159327065757
15.818999999999999	17.070757050964858
15.911999999999999	17.070757050964858
16.006	17.070757050964858
16.099	17.070757050964858
16.193	17.070757050964858
16.287	16.8233547748639
16.38	16.8233547748639
16.474	16.8233547748639
16.567	16.575952498762945
16.661	16.575952498762945
16.755	16.575952498762945
16.848	16.575952498762945
16.942	16.575952498762945
17.035	16.32855022266199
17.129	16.32855022266199
17.223	16.32855022266199
17.316	16.32855022266199
17.41	16.08114794656109
17.503	16.08114794656109
17.597	16.08114794656109
17.691	15.833745670460132
17.784000000000002	15.833745670460132
17.878	15.833745670460132
17.971	15.833745670460132
18.065	15.833745670460132
18.159000000000002	15.586343394359233
18.252000000000002	15.586343394359233
18.346	15.586343394359233
18.439	15.586343394359233
18.533	15.586343394359233
18.627000000000002	15.586343394359233
18.720000000000002	15.33894111825822
18.814	15.33894111825822
18.907	15.33894111825822
19.001	15.33894111825822
19.095000000000002	15.09153884215732
19.188000000000002	15.09153884215732
19.282	15.09153884215732
19.375	14.844136566056363
19.469	14.844136566056363
19.563000000000002	14.844136566056363
19.656000000000002	14.844136566056363
19.75	14.844136566056363
19.843	14.844136566056363
19.937	14.596734289955464
20.031000000000002	14.596734289955464
20.124000000000002	14.596734289955464
20.218	14.596734289955464
20.311	14.349332013854507
20.405	14.349332013854507
20.499000000000002	14.349332013854507
20.592000000000002	14.349332013854507
20.686	14.10192973775355
20.779	14.10192973775355
20.873	14.10192973775355
20.967000000000002	14.10192973775355
21.060000000000002	13.854527461652651
21.154	13.854527461652651
21.247	13.854527461652651
21.341	13.854527461652651
21.435000000000002	13.854527461652651
21.528000000000002	13.854527461652651
21.622	13.607125185551695
21.715	13.607125185551695
21.809	13.607125185551695
21.903000000000002	13.359722909450738
21.996000000000002	13.359722909450738
22.09	13.359722909450738
22.183	13.359722909450738
22.277	13.359722909450738
22.371000000000002	13.359722909450738
22.464000000000002	13.112320633349782
22.558	13.112320633349782
22.651	13.112320633349782
22.745	13.112320633349782
22.839000000000002	13.112320633349782
22.932000000000002	12.864918357248882
23.026	12.864918357248882
23.119	12.864918357248882
23.213	12.864918357248882
23.307000000000002	12.864918357248882
23.400000000000002	12.617516081147926
23.494	12.617516081147926
23.587	12.617516081147926
23.681	12.617516081147926
23.775000000000002	12.617516081147926
23.868000000000002	12.617516081147926
23.962	12.37011380504697
24.055	12.37011380504697
24.149	12.37011380504697
24.243000000000002	12.122711528946013
24.336000000000002	12.122711528946013
24.43	12.122711528946013
24.523	12.122711528946013
24.617	12.122711528946013
24.711000000000002	12.122711528946013
24.804000000000002	11.875309252845113
24.898	11.875309252845113
24.991	11.875309252845113
25.085	11.875309252845113
25.179000000000002	11.875309252845113
25.272000000000002	11.875309252845113
25.366	11.875309252845113
25.459	11.875309252845113
25.553	11.627906976744157
25.647000000000002	11.627906976744157
25.740000000000002	11.627906976744157
25.834	11.627906976744157
25.927	11.627906976744157
26.021	11.627906976744157
26.115000000000002	11.380504700643257
26.208000000000002	11.380504700643257
26.302	11.380504700643257
26.395	11.380504700643257
26.489	11.133102424542244
26.583000000000002	11.133102424542244
26.676000000000002	11.133102424542244
26.77	11.133102424542244
26.863	11.133102424542244
26.957	11.133102424542244
27.051000000000002	10.885700148441344
27.144000000000002	10.885700148441344
27.238	10.885700148441344
27.331	10.885700148441344
27.425	10.638297872340388
27.519000000000002	10.638297872340388
27.612000000000002	10.638297872340388
27.706	10.638297872340388
27.799	10.638297872340388
27.893	10.638297872340388
27.987000000000002	10.638297872340388
28.080000000000002	10.390895596239488
28.174	10.390895596239488
28.267	10.390895596239488
28.361	10.390895596239488
28.455000000000002	10.390895596239488
28.548000000000002	10.390895596239488
28.642	10.390895596239488
28.735	10.390895596239488
28.829	10.143493320138475
28.923000000000002	10.143493320138475
29.016000000000002	10.143493320138475
29.11	10.143493320138475
29.203	10.143493320138475
29.297	10.143493320138475
29.391000000000002	9.896091044037576
29.484	9.896091044037576
29.578	9.896091044037576
29.671	9.896091044037576
29.765	9.896091044037576
29.859	9.896091044037576
29.952	9.896091044037576
30.046000000000003	9.896091044037576
30.139	9.64868876793662
30.233	9.64868876793662
30.327	9.64868876793662
30.419999999999998	9.64868876793662
30.514	9.64868876793662
30.607000000000003	9.64868876793662
30.701000000000004	9.40128649183572
30.794999999999998	9.40128649183572
30.888	9.40128649183572
30.982000000000003	9.40128649183572
31.075	9.40128649183572
31.169	9.40128649183572
31.263	9.153884215734763
31.355999999999998	9.153884215734763
31.45	9.153884215734763
31.543000000000003	9.153884215734763
31.637000000000004	9.153884215734763
31.730999999999998	9.153884215734763
31.824	8.906481939633807
31.918000000000003	8.906481939633807
32.010999999999996	8.906481939633807
32.105	8.906481939633807
32.199	8.906481939633807
32.291999999999994	8.906481939633807
32.385999999999996	8.659079663532907
32.479	8.906481939633807
32.573	8.906481939633807
32.666999999999994	8.659079663532907
32.76	8.659079663532907
32.854	8.659079663532907
32.946999999999996	8.659079663532907
33.041	8.659079663532907
33.135	8.659079663532907
33.227999999999994	8.659079663532907
33.321999999999996	8.41167738743195
33.415	8.659079663532907
33.509	8.41167738743195
33.602999999999994	8.41167738743195
33.696	8.41167738743195
33.79	8.41167738743195
33.882999999999996	8.41167738743195
33.977	8.164275111330994
34.071	8.41167738743195
34.163999999999994	8.164275111330994
34.257999999999996	8.164275111330994
34.351	8.164275111330994
34.445	8.164275111330994
34.538999999999994	8.164275111330994
34.632	8.164275111330994
34.726	8.164275111330994
34.818999999999996	8.164275111330994
34.913	8.164275111330994
35.007	7.916872835230038
35.099999999999994	8.164275111330994
35.193999999999996	7.916872835230038
35.287	7.916872835230038
35.381	7.916872835230038
35.474999999999994	7.916872835230038
35.568	7.916872835230038
35.662	7.669470559129138
35.754999999999995	7.669470559129138
35.849	7.669470559129138
35.943	7.669470559129138
36.035999999999994	7.669470559129138
36.129999999999995	7.669470559129138
36.223	7.669470559129138
36.317	7.669470559129138
36.410999999999994	7.669470559129138
36.504	7.669470559129138
36.598	7.422068283028182
36.690999999999995	7.422068283028182
36.785	7.422068283028182
36.879	7.422068283028182
36.971999999999994	7.422068283028182
37.065999999999995	7.422068283028182
37.159	7.422068283028182
37.253	7.422068283028182
37.346999999999994	7.422068283028182
37.44	7.174666006927282
37.534	7.174666006927282
37.626999999999995	7.174666006927282
37.721	7.174666006927282
37.815	7.174666006927282
37.907999999999994	7.174666006927282
38.001999999999995	7.174666006927282
38.095	7.174666006927282
38.189	7.174666006927282
38.282999999999994	6.927263730826269
38.376	6.927263730826269
38.47	6.927263730826269
38.562999999999995	6.927263730826269
38.657	6.927263730826269
38.751	6.927263730826269
38.843999999999994	6.927263730826269
38.937999999999995	6.679861454725369
39.031	6.679861454725369
39.125	6.679861454725369
39.218999999999994	6.679861454725369
39.312	6.679861454725369
39.406	6.679861454725369
39.498999999999995	6.432459178624413
39.592999999999996	6.432459178624413
39.687	6.432459178624413
39.779999999999994	6.679861454725369
39.873999999999995	6.432459178624413
39.967	6.432459178624413
40.061	6.432459178624413
40.154999999999994	6.432459178624413
40.248	6.432459178624413
40.342	6.185056902523513
40.434999999999995	6.185056902523513
40.528999999999996	6.185056902523513
40.623	6.185056902523513
40.715999999999994	6.185056902523513
40.809999999999995	6.185056902523513
40.903	6.185056902523513
40.997	6.185056902523513
41.090999999999994	6.185056902523513
41.184	5.9376546264225
41.278	5.9376546264225
41.370999999999995	5.9376546264225
41.464999999999996	5.9376546264225
41.559	5.9376546264225
41.651999999999994	5.6902523503216
41.745999999999995	5.9376546264225
41.839	5.6902523503216
41.933	5.6902523503216
42.026999999999994	5.6902523503216
42.12	5.6902523503216
42.214	5.6902523503216
42.306999999999995	5.6902523503216
42.400999999999996	5.6902523503216
42.495	5.6902523503216
42.587999999999994	5.442850074220644
42.681999999999995	5.442850074220644
42.775	5.442850074220644
42.869	5.442850074220644
42.962999999999994	5.442850074220644
43.056	5.442850074220644
43.15	5.442850074220644
43.242999999999995	5.195447798119744
43.336999999999996	5.195447798119744
43.431	5.195447798119744
43.523999999999994	5.195447798119744
43.617999999999995	5.195447798119744
43.711	5.195447798119744
43.805	5.195447798119744
43.898999999999994	5.195447798119744
43.992	4.948045522018731
44.086	4.948045522018731
44.178999999999995	4.948045522018731
44.272999999999996	4.948045522018731
44.367	4.948045522018731
44.459999999999994	4.948045522018731
44.553999999999995	4.948045522018731
44.647	4.948045522018731
44.741	4.948045522018731
44.834999999999994	4.948045522018731
44.928	4.948045522018731
45.022	4.700643245917831
45.114999999999995	4.700643245917831
45.208999999999996	4.700643245917831
45.303	4.700643245917831
45.395999999999994	4.700643245917831
45.489999999999995	4.700643245917831
45.583	4.700643245917831
45.677	4.700643245917831
45.770999999999994	4.700643245917831
45.864	4.453240969816875
45.958	4.453240969816875
46.050999999999995	4.700643245917831
46.144999999999996	4.453240969816875
46.239	4.453240969816875
46.331999999999994	4.453240969816875
46.425999999999995	4.453240969816875
46.519	4.453240969816875
46.613	4.453240969816875
46.706999999999994	4.453240969816875
46.8	4.205838693715975
46.894	4.205838693715975
46.986999999999995	4.205838693715975
47.080999999999996	4.453240969816875
47.175	4.205838693715975
47.268	4.205838693715975
47.361999999999995	4.205838693715975
47.455	4.205838693715975
47.549	4.205838693715975
47.643	4.205838693715975
47.736	4.205838693715975
47.83	3.958436417615019
47.922999999999995	3.958436417615019
48.016999999999996	4.205838693715975
48.111	4.205838693715975
48.204	3.958436417615019
48.297999999999995	3.958436417615019
48.391	3.958436417615019
48.485	3.958436417615019
48.579	3.958436417615019
48.672	3.958436417615019
48.766	3.958436417615019
48.858999999999995	3.958436417615019
48.952999999999996	3.958436417615019
49.047	3.958436417615019
49.14	3.7110341415140624
49.233999999999995	3.7110341415140624
49.327	3.7110341415140624
49.421	3.7110341415140624
49.515	3.7110341415140624
49.608	3.7110341415140624
49.702	3.7110341415140624
49.794999999999995	3.7110341415140624
49.888999999999996	3.7110341415140624
49.983	3.7110341415140624
50.076	3.7110341415140624
50.169999999999995	3.7110341415140624
50.263	3.7110341415140624
50.357	3.463631865413106
50.451	3.463631865413106
50.544	3.463631865413106
50.638	3.463631865413106
50.730999999999995	3.463631865413106
50.824999999999996	3.463631865413106
50.919	3.463631865413106
51.012	3.463631865413106
51.105999999999995	3.463631865413106
51.199	3.463631865413106
51.293	3.463631865413106
51.387	3.463631865413106
51.48	3.463631865413106
51.574	3.463631865413106
51.666999999999994	3.2162295893122064
51.760999999999996	3.2162295893122064
51.855	3.2162295893122064
51.948	3.2162295893122064
52.041999999999994	3.2162295893122064
52.135	3.2162295893122064
52.229	3.2162295893122064
52.323	3.2162295893122064
52.416	3.2162295893122064
52.51	3.2162295893122064
52.602999999999994	3.2162295893122064
52.696999999999996	3.2162295893122064
52.791	3.2162295893122064
52.884	3.2162295893122064
52.977999999999994	2.96882731321125
53.071	3.2162295893122064
53.165	2.96882731321125
53.259	2.96882731321125
53.352	2.96882731321125
53.446	2.96882731321125
53.538999999999994	2.96882731321125
53.632999999999996	2.96882731321125
53.727	2.96882731321125
53.82	2.96882731321125
53.913999999999994	2.96882731321125
54.007	2.96882731321125
54.101	2.96882731321125
54.195	2.96882731321125
54.288	2.96882731321125
54.382	2.7214250371102935
54.474999999999994	2.7214250371102935
54.568999999999996	2.7214250371102935
54.663	2.7214250371102935
54.756	2.7214250371102935
54.849999999999994	2.7214250371102935
54.943	2.7214250371102935
55.037	2.7214250371102935
55.131	2.7214250371102935
55.224	2.7214250371102935
55.318	2.474022761009394
55.410999999999994	2.7214250371102935
55.504999999999995	2.7214250371102935
55.599	2.7214250371102935
55.692	2.474022761009394
55.785999999999994	2.7214250371102935
55.879	2.474022761009394
55.973	2.474022761009394
56.067	2.474022761009394
56.16	2.474022761009394
56.254	2.474022761009394
56.346999999999994	2.474022761009394
56.440999999999995	2.474022761009394
56.535	2.474022761009394
56.628	2.474022761009394
56.721999999999994	2.474022761009394
56.815	2.474022761009394
56.909	2.2266204849084374
57.003	2.2266204849084374
57.096	2.2266204849084374
57.19	2.2266204849084374
57.282999999999994	2.2266204849084374
57.376999999999995	2.2266204849084374
57.471	2.2266204849084374
57.564	2.2266204849084374
57.657999999999994	2.2266204849084374
57.751	2.2266204849084374
57.845	2.2266204849084374
57.939	2.2266204849084374
58.032	2.2266204849084374
58.126	2.2266204849084374
58.218999999999994	1.9792182088075378
58.312999999999995	2.2266204849084374
58.407	2.2266204849084374
58.5	2.2266204849084374
58.593999999999994	1.9792182088075378
58.687	1.9792182088075378
58.781	1.9792182088075378
58.875	1.9792182088075378
58.967999999999996	1.9792182088075378
59.062	1.9792182088075378
59.154999999999994	1.9792182088075378
59.248999999999995	1.9792182088075378
59.342999999999996	1.9792182088075378
59.436	1.9792182088075378
59.529999999999994	1.9792182088075378
59.623	1.9792182088075378
59.717	1.9792182088075378
59.811	1.9792182088075378
59.903999999999996	1.9792182088075378
59.998	1.9792182088075378
60.090999999999994	1.9792182088075378
60.184999999999995	1.9792182088075378
60.278999999999996	1.9792182088075378
60.372	1.9792182088075378
60.465999999999994	1.9792182088075378
60.559	1.9792182088075378
60.653	1.7318159327065246
60.747	1.7318159327065246
60.839999999999996	1.7318159327065246
60.934	1.7318159327065246
61.026999999999994	1.7318159327065246
61.120999999999995	1.7318159327065246
61.214999999999996	1.7318159327065246
61.308	1.7318159327065246
61.401999999999994	1.7318159327065246
61.495	1.7318159327065246
61.589	1.7318159327065246
61.683	1.7318159327065246
61.775999999999996	1.7318159327065246
61.87	1.7318159327065246
61.962999999999994	1.7318159327065246
62.057	1.7318159327065246
62.150999999999996	1.7318159327065246
62.244	1.7318159327065246
62.337999999999994	1.7318159327065246
62.431	1.7318159327065246
62.52499999999999	1.7318159327065246
62.619	1.7318159327065246
62.712	1.7318159327065246
62.806	1.7318159327065246
62.899	1.484413656605625
62.992999999999995	1.484413656605625
63.087	1.7318159327065246
63.17999999999999	1.484413656605625
63.274	1.484413656605625
63.36699999999999	1.484413656605625
63.461	1.484413656605625
63.55499999999999	1.484413656605625
63.647999999999996	1.484413656605625
63.74199999999999	1.484413656605625
63.834999999999994	1.484413656605625
63.929	1.484413656605625
64.023	1.484413656605625
64.116	1.484413656605625
64.21	1.484413656605625
64.303	1.484413656605625
64.39699999999999	1.484413656605625
64.491	1.484413656605625
64.584	1.484413656605625
64.678	1.484413656605625
64.771	1.484413656605625
64.865	1.484413656605625
64.959	1.484413656605625
65.05199999999999	1.484413656605625
65.146	1.484413656605625
65.23899999999999	1.484413656605625
65.333	1.484413656605625
65.42699999999999	1.2370113805046685
65.52	1.2370113805046685
65.61399999999999	1.2370113805046685
65.707	1.484413656605625
65.801	1.2370113805046685
65.895	1.2370113805046685
65.988	1.2370113805046685
66.082	1.2370113805046685
66.175	1.2370113805046685
66.26899999999999	1.2370113805046685
66.363	1.2370113805046685
66.456	1.2370113805046685
66.55	1.2370113805046685
66.643	1.2370113805046685
66.737	1.2370113805046685
66.831	1.2370113805046685
66.92399999999999	1.2370113805046685
67.018	1.2370113805046685
67.111	1.2370113805046685
67.205	1.2370113805046685
67.29899999999999	1.2370113805046685
67.392	1.2370113805046685
67.486	1.2370113805046685
67.579	1.2370113805046685
67.673	1.2370113805046685
67.767	1.2370113805046685
67.86	1.2370113805046685
67.954	1.2370113805046685
68.047	1.2370113805046685
68.14099999999999	1.2370113805046685
68.235	1.2370113805046685
68.328	1.2370113805046685
68.422	0.9896091044037689
68.515	1.2370113805046685
68.609	1.2370113805046685
68.703	1.2370113805046685
68.79599999999999	1.2370113805046685
68.89	0.9896091044037689
68.983	1.2370113805046685
69.077	0.9896091044037689
69.17099999999999	1.2370113805046685
69.264	1.2370113805046685
69.358	1.2370113805046685
69.451	0.9896091044037689
69.545	0.9896091044037689
69.639	0.9896091044037689
69.732	0.9896091044037689
69.826	0.9896091044037689
69.919	0.9896091044037689
70.01299999999999	0.9896091044037689
70.107	0.9896091044037689
70.2	0.9896091044037689
70.294	0.9896091044037689
70.387	0.9896091044037689
70.481	0.9896091044037689
70.575	0.9896091044037689
70.66799999999999	0.9896091044037689
70.762	0.9896091044037689
70.855	0.9896091044037689
70.949	0.9896091044037689
71.04299999999999	0.9896091044037689
71.136	0.9896091044037689
71.23	0.9896091044037689
71.323	0.9896091044037689
71.417	0.9896091044037689
71.511	0.9896091044037689
71.604	0.9896091044037689
71.698	0.9896091044037689
71.791	0.7422068283027556
71.88499999999999	0.9896091044037689
71.979	0.9896091044037689
72.072	0.9896091044037689
72.166	0.7422068283027556
72.259	0.7422068283027556
72.353	0.7422068283027556
72.447	0.7422068283027556
72.53999999999999	0.7422068283027556
72.634	0.7422068283027556
72.727	0.7422068283027556
72.821	0.7422068283027556
72.91499999999999	0.7422068283027556
73.008	0.7422068283027556
73.102	0.7422068283027556
73.195	0.7422068283027556
73.289	0.7422068283027556
73.383	0.7422068283027556
73.476	0.7422068283027556
73.57	0.7422068283027556
73.663	0.7422068283027556
73.75699999999999	0.7422068283027556
73.851	0.7422068283027556
73.944	0.7422068283027556
74.038	0.7422068283027556
74.131	0.7422068283027556
74.225	0.7422068283027556
74.319	0.7422068283027556
74.41199999999999	0.49480455220185604
74.506	0.49480455220185604
74.599	0.49480455220185604
74.693	0.49480455220185604
74.78699999999999	0.49480455220185604
74.88	0.49480455220185604
74.974	0.49480455220185604
75.067	0.49480455220185604
75.161	0.49480455220185604
75.255	0.49480455220185604
75.348	0.49480455220185604
75.442	0.49480455220185604
75.535	0.49480455220185604
75.62899999999999	0.49480455220185604
75.723	0.49480455220185604
75.816	0.49480455220185604
75.91	0.49480455220185604
76.003	0.49480455220185604
76.097	0.49480455220185604
76.191	0.49480455220185604
76.28399999999999	0.49480455220185604
76.378	0.49480455220185604
76.471	0.49480455220185604
76.565	0.49480455220185604
76.65899999999999	0.49480455220185604
76.752	0.49480455220185604
76.846	0.49480455220185604
76.939	0.49480455220185604
77.033	0.49480455220185604
77.127	0.2474022761008996
77.22	0.49480455220185604
77.314	0.49480455220185604
77.407	0.49480455220185604
77.50099999999999	0.49480455220185604
77.595	0.49480455220185604
77.688	0.49480455220185604
77.782	0.49480455220185604
77.875	0.49480455220185604
77.969	0.49480455220185604
78.063	0.49480455220185604
78.15599999999999	0.49480455220185604
78.25	0.49480455220185604
78.343	0.49480455220185604
78.437	0.2474022761008996
78.53099999999999	0.2474022761008996
78.624	0.2474022761008996
78.718	0.2474022761008996
78.81099999999999	0.2474022761008996
78.905	0.49480455220185604
78.999	0.2474022761008996
79.092	0.49480455220185604
79.18599999999999	0.49480455220185604
79.279	0.49480455220185604
79.37299999999999	0.2474022761008996
79.467	0.2474022761008996
79.56	0.2474022761008996
79.654	0.2474022761008996
79.747	0.2474022761008996
79.841	0.2474022761008996
79.935	0.49480455220185604
80.02799999999999	0.49480455220185604
80.122	0.49480455220185604
80.215	0.2474022761008996
80.309	0.2474022761008996
80.40299999999999	0.2474022761008996
80.496	0.2474022761008996
80.59	0.2474022761008996
80.68299999999999	0.2474022761008996
80.777	0.2474022761008996
80.871	0.2474022761008996
80.964	0.2474022761008996
81.05799999999999	0.2474022761008996
81.151	0.2474022761008996
81.24499999999999	0.2474022761008996
81.339	0.2474022761008996
81.432	0.2474022761008996
81.526	0.49480455220185604
81.619	0.2474022761008996
81.713	0.2474022761008996
81.807	0.2474022761008996
81.89999999999999	0.2474022761008996
81.994	0.2474022761008996
82.087	0.2474022761008996
82.181	0.49480455220185604
82.27499999999999	0.2474022761008996
82.368	0.2474022761008996
82.462	0.2474022761008996
82.55499999999999	0.2474022761008996
82.649	0.2474022761008996
82.743	0.2474022761008996
82.836	0.2474022761008996
82.92999999999999	0.2474022761008996
83.023	0.2474022761008996
83.11699999999999	0.2474022761008996
83.211	0.2474022761008996
83.304	0.2474022761008996
83.398	0.2474022761008996
83.491	0.2474022761008996
83.585	0.2474022761008996
83.679	0.2474022761008996
83.77199999999999	0.2474022761008996
83.866	0.2474022761008996
83.959	0.2474022761008996
84.053	0.2474022761008996
84.14699999999999	0.2474022761008996
84.24	0.2474022761008996
84.334	0.2474022761008996
84.42699999999999	0.2474022761008996
84.521	0.2474022761008996
84.615	0.2474022761008996
84.708	0.2474022761008996
84.80199999999999	0.2474022761008996
84.895	0.2474022761008996
84.98899999999999	0.2474022761008996
85.083	0.2474022761008996
85.176	0.2474022761008996
85.27	0.2474022761008996
85.363	0.2474022761008996
85.457	0.2474022761008996
85.551	0.
85.64399999999999	0.2474022761008996
85.738	0.2474022761008996
85.831	0.2474022761008996
85.925	0.2474022761008996
86.01899999999999	0.2474022761008996
86.112	0.2474022761008996
86.206	0.2474022761008996
86.29899999999999	0.2474022761008996
86.393	0.
86.487	0.
86.58	0.
86.67399999999999	0.
86.767	0.2474022761008996
86.861	0.2474022761008996
86.955	0.2474022761008996
87.048	0.
87.142	0.
87.235	0.
87.329	0.
87.423	0.
87.51599999999999	0.
87.61	0.
87.703	0.
87.797	0.
87.89099999999999	0.
87.984	0.
88.078	0.
88.17099999999999	0.
88.265	0.
88.359	0.
88.452	0.
88.54599999999999	0.
88.639	0.
88.733	0.