TimeAll	TimeExperiment	R	Theta
1.009790e+002	7.999992e-002	3.609786e-004	1.186961e+002
1.011120e+002	2.130001e-001	3.614695e-004	1.186397e+002
1.012210e+002	3.220000e-001	3.619459e-004	1.185864e+002
1.013300e+002	4.310000e-001	3.624042e-004	1.185324e+002
1.014240e+002	5.250001e-001	3.629248e-004	1.184682e+002
1.015330e+002	6.340001e-001	3.634198e-004	1.184090e+002
1.016270e+002	7.279999e-001	3.639395e-004	1.183415e+002
1.017200e+002	8.210001e-001	3.644818e-004	1.182807e+002
1.018140e+002	9.150000e-001	3.649891e-004	1.182160e+002
1.019070e+002	1.008000e+000	3.654756e-004	1.181456e+002
1.020170e+002	1.118000e+000	3.659968e-004	1.180758e+002
1.021100e+002	1.211000e+000	3.666359e-004	1.179897e+002
1.022190e+002	1.320000e+000	3.671818e-004	1.179108e+002
1.023290e+002	1.430000e+000	3.678618e-004	1.178135e+002
1.024220e+002	1.523000e+000	3.684778e-004	1.177187e+002
1.025160e+002	1.617000e+000	3.691028e-004	1.176304e+002
1.026090e+002	1.710000e+000	3.697190e-004	1.175405e+002
1.027190e+002	1.820000e+000	3.703073e-004	1.174427e+002
1.028120e+002	1.913000e+000	3.710427e-004	1.173226e+002
1.029210e+002	2.022000e+000	3.716642e-004	1.172150e+002
1.030150e+002	2.116000e+000	3.724306e-004	1.170867e+002
1.031240e+002	2.225000e+000	3.731131e-004	1.169599e+002
1.032330e+002	2.334000e+000	3.738311e-004	1.168251e+002
1.033270e+002	2.428000e+000	3.745598e-004	1.166790e+002
1.034360e+002	2.537000e+000	3.753316e-004	1.165341e+002
1.035450e+002	2.646000e+000	3.760441e-004	1.163865e+002
1.036390e+002	2.740000e+000	3.768429e-004	1.162127e+002
1.037330e+002	2.834000e+000	3.775416e-004	1.160625e+002
1.038420e+002	2.943000e+000	3.782208e-004	1.158924e+002
1.039350e+002	3.036000e+000	3.790390e-004	1.156971e+002
1.040290e+002	3.130000e+000	3.797274e-004	1.155208e+002
1.041230e+002	3.224000e+000	3.804264e-004	1.153336e+002
1.042320e+002	3.333000e+000	3.811408e-004	1.151291e+002
1.043250e+002	3.426000e+000	3.819062e-004	1.148873e+002
1.044190e+002	3.520000e+000	3.825907e-004	1.146735e+002
1.045280e+002	3.629000e+000	3.833371e-004	1.144142e+002
1.046220e+002	3.723000e+000	3.840292e-004	1.141566e+002
1.047310e+002	3.832000e+000	3.846986e-004	1.138848e+002
1.048400e+002	3.941000e+000	3.854356e-004	1.135609e+002
1.049340e+002	4.035000e+000	3.860860e-004	1.132558e+002
1.050270e+002	4.128000e+000	3.865902e-004	1.129556e+002
1.051360e+002	4.237000e+000	3.870722e-004	1.126328e+002
1.052300e+002	4.331000e+000	3.875769e-004	1.122526e+002
1.053240e+002	4.425000e+000	3.879095e-004	1.119008e+002
1.054170e+002	4.518000e+000	3.882097e-004	1.115459e+002
1.055260e+002	4.627000e+000	3.884242e-004	1.111587e+002
1.056200e+002	4.721000e+000	3.885033e-004	1.107057e+002
1.057140e+002	4.815000e+000	3.884896e-004	1.102932e+002
1.058230e+002	4.924000e+000	3.883009e-004	1.098623e+002
1.059320e+002	5.033000e+000	3.879357e-004	1.093424e+002
1.060410e+002	5.142000e+000	3.873724e-004	1.088073e+002
1.061350e+002	5.236000e+000	3.865937e-004	1.082635e+002
1.062280e+002	5.329000e+000	3.856726e-004	1.077800e+002
1.063220e+002	5.423000e+000	3.845731e-004	1.072952e+002
1.064160e+002	5.517000e+000	3.832743e-004	1.067980e+002
1.065090e+002	5.610000e+000	3.817340e-004	1.062774e+002
1.066180e+002	5.719000e+000	3.799257e-004	1.057658e+002
1.067280e+002	5.829000e+000	3.774667e-004	1.051569e+002
1.068370e+002	5.938000e+000	3.748432e-004	1.045954e+002
1.069300e+002	6.031000e+000	3.718176e-004	1.040258e+002
1.070240e+002	6.125000e+000	3.689121e-004	1.035663e+002
1.071180e+002	6.219000e+000	3.659059e-004	1.031308e+002
1.072110e+002	6.312000e+000	3.626038e-004	1.027144e+002
1.073050e+002	6.406000e+000	3.591098e-004	1.023279e+002
1.073980e+002	6.499000e+000	3.555356e-004	1.019786e+002
1.074920e+002	6.593000e+000	3.516728e-004	1.016577e+002
1.076010e+002	6.702000e+000	3.477930e-004	1.013835e+002
1.077100e+002	6.811000e+000	3.431031e-004	1.011176e+002
1.078040e+002	6.905000e+000	3.385397e-004	1.009240e+002
1.079130e+002	7.014000e+000	3.343563e-004	1.007987e+002
1.080070e+002	7.108000e+000	3.295817e-004	1.007204e+002
1.081160e+002	7.217000e+000	3.254434e-004	1.007125e+002
1.082100e+002	7.311000e+000	3.208907e-004	1.007602e+002
1.083030e+002	7.404000e+000	3.169598e-004	1.008586e+002
1.083970e+002	7.498000e+000	3.132870e-004	1.009970e+002
1.084900e+002	7.591000e+000	3.095933e-004	1.011934e+002
1.085840e+002	7.685000e+000	3.060899e-004	1.014238e+002
1.086780e+002	7.779000e+000	3.027624e-004	1.016992e+002
1.087710e+002	7.872000e+000	2.996874e-004	1.020100e+002
1.088650e+002	7.966000e+000	2.967998e-004	1.023462e+002
1.089580e+002	8.059000e+000	2.941056e-004	1.027126e+002
1.090520e+002	8.153000e+000	2.915876e-004	1.031174e+002
1.091610e+002	8.262000e+000	2.892876e-004	1.035332e+002
1.092550e+002	8.356000e+000	2.870001e-004	1.040126e+002
1.093480e+002	8.449000e+000	2.851122e-004	1.044458e+002
1.094420e+002	8.543000e+000	2.833920e-004	1.049014e+002
1.095510e+002	8.652000e+000	2.818908e-004	1.053558e+002
1.096450e+002	8.746000e+000	2.804192e-004	1.058713e+002
1.097100e+002	8.811000e+000	2.793295e-004	1.063094e+002
