2.075	0.03455
2.169	0.03455
2.262	0.02773
2.356	0.02706
2.449	0.02697
2.543	0.02693
2.637	0.0269
2.73	0.0269
2.824	0.02687
2.917	0.02684
3.011	0.02681
3.105	0.02679
3.198	0.02677
3.292	0.02677
3.385	0.02674
3.479	0.02672
3.573	0.0267
3.666	0.02668
3.76	0.02665
3.853	0.02665
3.947	0.02664
4.041	0.02661
4.134	0.02659
4.228	0.02657
4.321	0.02655
4.415	0.02655
4.509	0.02653
4.602	0.02651
4.696	0.02649
4.789	0.02648
4.883	0.02646
4.977	0.02646
5.07	0.02644
5.164	0.02643
5.257	0.02641
5.351	0.0264
5.445	0.02638
5.538	0.02638
5.632	0.02636
5.725	0.02635
5.819	0.02634
5.913	0.02632
6.006	0.0263
6.1	0.0263
6.193	0.02629
6.287	0.02627
6.381	0.02626
6.474	0.02624
6.568	0.02624
6.661	0.02624
6.755	0.02622
6.849	0.0262
6.942	0.02619
7.036	0.02618
7.129	0.02618
7.223	0.02616
7.317	0.02615
7.41	0.02613
7.504	0.02611
7.597	0.0261
7.691	0.0261
7.785	0.02609
7.878	0.02608
7.972	0.02606
8.065	0.02605
8.159	0.02603
8.253	0.02603
8.346	0.02602
8.44	0.02601
8.533	0.02599
8.627	0.02598
8.721	0.02597
8.814	0.02597
8.908	0.02595
9.001	0.02594
9.095	0.02593
9.189	0.02592
9.282	0.02591
9.376	0.02591
9.469	0.02589
9.563	0.02588
9.657	0.02587
9.75	0.02586
9.844	0.02584
9.937	0.02584
10.031	0.02583
10.125	0.02582
10.218	0.02581
10.312	0.0258
10.405	0.0258
10.499	0.02578
10.593	0.02577
10.686	0.02576
10.78	0.02575
10.873	0.02573
10.967	0.02573
11.061	0.02573
11.154	0.02572
11.248	0.0257
11.341	0.02569
11.435	0.02568
11.529	0.02568
11.622	0.02568
11.716	0.02567
11.809	0.02565
11.903	0.02564
11.997	0.02563
12.09	0.02563
12.184	0.02563
12.277	0.02561
12.371	0.0256
12.465	0.0256
12.558	0.02559
12.652	0.02559
12.745	0.02558
12.839	0.02557
12.933	0.02556
13.026	0.02555
13.12	0.02554
13.213	0.02554
13.307	0.02553
13.401	0.02552
13.494	0.02552
13.588	0.02551
13.681	0.0255
13.775	0.0255
13.869	0.02549
13.962	0.02548
14.056	0.02547
14.149	0.02547
14.243	0.02547
14.337	0.02546
14.43	0.02545
14.524	0.02544
14.617	0.02543
14.711	0.02542
14.805	0.02542
14.898	0.02542
14.992	0.02541
15.085	0.0254
15.179	0.0254
15.273	0.02538
15.366	0.02538
15.46	0.02537
15.553	0.02537
15.647	0.02536
15.741	0.02536
15.834	0.02535
15.928	0.02535
16.021	0.02534
16.115	0.02534
16.209	0.02533
16.302	0.02532
16.396	0.02532
16.489	0.02532
16.583	0.02531
16.677	0.02531
16.77	0.0253
16.864	0.0253
16.957	0.02529
17.051	0.02529
17.145	0.02528
17.238	0.02528
17.332	0.02527
17.425	0.02527
17.519	0.02526
17.613	0.02526
17.706	0.02526
17.8	0.02525
17.893	0.02524
17.987	0.02524
18.081	0.02524
18.174	0.02523
18.268	0.02523
18.361	0.02522
18.455	0.02522
18.549	0.02521
18.642	0.02521
18.736	0.02521
18.829	0.0252
18.923	0.0252
19.017	0.0252
19.11	0.02519
19.204	0.02519
19.297	0.02519
19.391	0.02518
19.485	0.02518
19.578	0.02517
19.672	0.02517
19.765	0.02517
19.859	0.02517
19.953	0.02516
20.046	0.02516
20.14	0.02515
20.233	0.02515
20.327	0.02515
20.421	0.02515
20.514	0.02514
20.608	0.02514
20.701	0.02514
20.795	0.02514
20.889	0.02514
20.982	0.02513
21.076	0.02513
21.169	0.02512
21.263	0.02512
21.357	0.02512
21.45	0.02512
21.544	0.02511
21.637	0.02511
21.731	0.02511
21.825	0.0251
21.918	0.0251
22.012	0.0251
22.105	0.0251
22.199	0.0251
22.293	0.02509
22.386	0.02509
22.48	0.02509
22.573	0.02509
22.667	0.02508
22.761	0.02508
22.854	0.02508
22.948	0.02508
23.041	0.02508
23.135	0.02507
23.229	0.02507
23.322	0.02507
23.416	0.02506
23.509	0.02506
23.603	0.02506
23.697	0.02505
23.79	0.02505
23.884	0.02505
23.977	0.02505
24.071	0.02504
24.165	0.02504
24.258	0.02504
24.352	0.02504
24.445	0.02504
24.539	0.02504
24.633	0.02503
24.726	0.02503
24.82	0.02503
24.913	0.02503
25.007	0.02503
25.101	0.02502
25.194	0.02502
25.288	0.02502
25.381	0.02502
25.475	0.02501
25.569	0.02501
25.662	0.02501
25.756	0.02501
25.849	0.02501
25.943	0.025
26.037	0.025
26.13	0.02499
26.224	0.02499
26.317	0.02499
26.411	0.02499
26.505	0.02499
26.598	0.02499
26.692	0.02498
26.785	0.02498
26.879	0.02498
26.973	0.02498
27.066	0.02498
27.16	0.02497
27.253	0.02497
27.347	0.02497
27.441	0.02497
27.534	0.02497
27.628	0.02497
27.721	0.02497
27.815	0.02496
27.909	0.02496
28.002	0.02496
28.096	0.02496
28.189	0.02496
28.283	0.02496
28.377	0.02495
28.47	0.02495
28.564	0.02495
28.657	0.02495
28.751	0.02495
28.845	0.02494
28.938	0.02494
29.032	0.02494
29.125	0.02494
29.219	0.02494
29.313	0.02494
29.406	0.02494
29.5	0.02493
29.593	0.02493
29.687	0.02493
29.781	0.02493
29.874	0.02493
29.968	0.02493
30.061	0.02492
30.155	0.02492
30.249	0.02492
30.342	0.02492
30.436	0.02492
30.529	0.02491
30.623	0.02491
30.717	0.02491
30.81	0.02491
30.904	0.02491
30.997	0.0249
31.091	0.0249
31.185	0.0249
31.278	0.0249
31.372	0.02491
31.465	0.0249
31.559	0.0249
31.653	0.0249
31.746	0.0249
31.84	0.0249
31.933	0.0249
32.027	0.02489
32.121	0.02489
32.214	0.02489
32.308	0.02489
32.401	0.02489
32.495	0.02489
32.589	0.02489
32.682	0.02488
32.776	0.02488
32.869	0.02488
32.963	0.02488
33.057	0.02488
33.15	0.02488
33.244	0.02487
33.337	0.02487
33.431	0.02487
33.525	0.02487
33.618	0.02487
33.712	0.02487
33.805	0.02487
33.899	0.02487
33.993	0.02487
34.086	0.02487
34.18	0.02487
34.273	0.02487
34.367	0.02486
34.461	0.02486
34.554	0.02486
34.648	0.02486
34.741	0.02486
34.835	0.02486
34.929	0.02486
35.022	0.02486
35.116	0.02486
35.209	0.02485
35.303	0.02486
35.397	0.02485
35.49	0.02485
35.584	0.02485
35.677	0.02485
35.771	0.02485
35.865	0.02485
35.958	0.02485
36.052	0.02484
36.145	0.02485
36.239	0.02485
36.333	0.02485
36.426	0.02485
36.52	0.02484
36.613	0.02484
36.707	0.02484
36.801	0.02484
36.894	0.02484
36.988	0.02484
37.081	0.02484
37.175	0.02484
37.269	0.02484
37.362	0.02484
37.456	0.02484
37.549	0.02484
37.643	0.02484
37.737	0.02484
37.83	0.02484
37.924	0.02483
38.017	0.02483
38.111	0.02484
38.205	0.02484
38.298	0.02483
38.392	0.02483
38.485	0.02483
38.579	0.02483
38.673	0.02483
38.766	0.02483
38.86	0.02483
38.953	0.02483
39.047	0.02483
39.141	0.02483
39.234	0.02483
39.328	0.02483
39.421	0.02483
39.515	0.02483
39.609	0.02483
39.702	0.02482
39.796	0.02483
39.889	0.02482
39.983	0.02482
40.077	0.02482
40.17	0.02482
40.264	0.02482
40.357	0.02482
40.451	0.02482
40.545	0.02482
40.638	0.02482
40.732	0.02482
40.825	0.02482
40.919	0.02482
41.013	0.02481
41.106	0.02481
41.2	0.02482
41.293	0.02481
41.387	0.02481
41.481	0.02481
41.574	0.02481
41.668	0.02481
41.761	0.02481
41.855	0.02481
41.949	0.02481
42.058	0.02481
42.136	0.0248
42.229	0.0248
42.323	0.02481
42.417	0.02481
42.51	0.0248
42.604	0.0248
42.697	0.0248
42.791	0.0248
42.885	0.0248
42.978	0.0248
43.072	0.0248
43.165	0.0248
43.259	0.0248
43.353	0.0248
43.446	0.0248
43.54	0.0248
43.633	0.0248
43.727	0.02479
43.821	0.02479
43.914	0.0248
44.008	0.0248
44.101	0.0248
44.195	0.02479
44.289	0.0248
44.382	0.0248
44.476	0.02479
44.569	0.02479
44.663	0.02479
44.757	0.02479
44.85	0.02479
44.944	0.02479
45.037	0.02479
45.131	0.02479
45.225	0.02479
45.318	0.02479
45.412	0.02479
45.505	0.02479
45.599	0.02479
45.693	0.02478
45.786	0.02478
45.88	0.02479
45.973	0.02478
46.067	0.02478
46.161	0.02478
46.254	0.02478
46.348	0.02478
46.441	0.02478
46.535	0.02478
46.629	0.02478
46.722	0.02478
46.816	0.02478
46.909	0.02478
47.003	0.02478
47.097	0.02478
47.19	0.02478
47.284	0.02478
47.377	0.02478
47.471	0.02478
47.565	0.02478
47.658	0.02478
47.752	0.02478
47.845	0.02478
47.939	0.02478
48.033	0.02478
48.126	0.02478
48.22	0.02478
48.313	0.02477
48.407	0.02477
48.501	0.02477
48.594	0.02477
48.688	0.02478
48.781	0.02478
48.875	0.02477
48.969	0.02477
49.062	0.02477
49.156	0.02477
49.249	0.02477
49.343	0.02477
49.437	0.02477
49.53	0.02477
49.624	0.02477
49.717	0.02477
49.811	0.02477
49.905	0.02477
49.998	0.02477
50.092	0.02477
50.185	0.02477
50.279	0.02477
50.373	0.02477
50.466	0.02477
50.56	0.02477
50.653	0.02477
50.747	0.02476
50.841	0.02477
50.934	0.02476
51.028	0.02476
51.121	0.02476
51.215	0.02477
51.309	0.02476
51.402	0.02477
51.496	0.02477
51.589	0.02476
51.683	0.02476
51.777	0.02476
51.87	0.02476
51.964	0.02476
52.057	0.02476
52.151	0.02476
52.245	0.02476
52.338	0.02476
52.432	0.02476
52.525	0.02476
52.619	0.02476
52.713	0.02476
52.806	0.02476
52.9	0.02476
52.993	0.02476
53.087	0.02476
53.181	0.02476
53.274	0.02476
53.368	0.02476
53.461	0.02476
53.555	0.02476
53.649	0.02475
53.742	0.02475
53.836	0.02475
53.929	0.02476
54.023	0.02476
54.117	0.02475
54.21	0.02475
54.304	0.02475
54.397	0.02475
54.491	0.02475
54.585	0.02475
54.678	0.02475
54.772	0.02475
54.865	0.02475
54.959	0.02475
55.053	0.02475
55.146	0.02476
55.24	0.02475
55.333	0.02475
55.427	0.02475
55.521	0.02475
55.614	0.02475
55.708	0.02475
55.801	0.02475
55.895	0.02475
55.989	0.02475
56.082	0.02475
56.176	0.02475
56.269	0.02475
56.363	0.02475
56.457	0.02475
56.55	0.02475
56.644	0.02475
56.737	0.02475
56.831	0.02475
56.925	0.02475
57.018	0.02475
57.112	0.02475
57.205	0.02475
57.299	0.02475
57.393	0.02475
57.486	0.02475
57.58	0.02475
57.673	0.02475
57.767	0.02475
57.861	0.02475
57.954	0.02475
58.048	0.02475
58.141	0.02475
58.235	0.02475
58.329	0.02475
58.422	0.02475
58.516	0.02475
58.609	0.02475
58.703	0.02475
58.797	0.02475
58.89	0.02474
58.984	0.02475
59.077	0.02475
59.171	0.02475
59.265	0.02475
59.358	0.02475
59.452	0.02474
59.545	0.02475
59.639	0.02475
59.733	0.02475
59.826	0.02474
59.92	0.02474
60.013	0.02474
60.107	0.02474
60.201	0.02474
60.294	0.02474
60.403	0.02474
60.481	0.02474
60.575	0.02474
60.669	0.02474
60.762	0.02474
60.856	0.02474
60.949	0.02474
61.043	0.02474
61.137	0.02474
61.23	0.02474
61.324	0.02474
61.417	0.02474
61.511	0.02474
61.605	0.02474
61.698	0.02474
61.792	0.02474
61.885	0.02474
61.979	0.02474
62.073	0.02474
62.166	0.02474
62.26	0.02474
62.353	0.02474
62.447	0.02474
62.541	0.02474
62.634	0.02474
62.728	0.02474
62.821	0.02474
62.915	0.02474
63.009	0.02474
63.102	0.02474
63.196	0.02474
63.289	0.02474
63.383	0.02474
63.477	0.02474
63.57	0.02474
63.664	0.02474
63.757	0.02474
63.851	0.02474
63.945	0.02474
64.038	0.02474
64.132	0.02474
64.225	0.02474
64.319	0.02474
64.413	0.02474
64.506	0.02474
64.6	0.02474
64.693	0.02474
64.787	0.02474
64.881	0.02474
64.974	0.02474
65.068	0.02474
65.161	0.02474
65.255	0.02474
65.349	0.02474
65.442	0.02474
65.536	0.02474
65.629	0.02474
65.723	0.02474
65.817	0.02474
65.91	0.02474
66.004	0.02474
66.097	0.02474
66.191	0.02474
66.285	0.02474
66.378	0.02474
66.472	0.02474
66.565	0.02474
66.659	0.02474
66.753	0.02474
66.846	0.02474
66.94	0.02474
67.033	0.02474
67.127	0.02474
67.221	0.02474
67.314	0.02474
67.408	0.02474
67.501	0.02474
67.595	0.02474
67.689	0.02474
67.782	0.02474
67.876	0.02474
