2.075	0.02072
2.169	0.01437
2.262	0.01376
2.356	0.01376
2.45	0.01368
2.543	0.01365
2.637	0.01364
2.73	0.01362
2.824	0.0136
2.918	0.0136
3.011	0.01359
3.105	0.01358
3.198	0.01357
3.292	0.01355
3.386	0.01355
3.479	0.01355
3.573	0.01353
3.666	0.01352
3.76	0.01351
3.854	0.01351
3.947	0.0135
4.041	0.0135
4.134	0.01349
4.228	0.01348
4.322	0.01348
4.415	0.01347
4.509	0.01346
4.602	0.01346
4.696	0.01346
4.79	0.01345
4.883	0.01344
4.977	0.01344
5.07	0.01343
5.164	0.01343
5.258	0.01342
5.351	0.01342
5.445	0.01342
5.538	0.01341
5.632	0.01341
5.726	0.01341
5.819	0.0134
5.913	0.0134
6.006	0.01339
6.1	0.01338
6.194	0.01338
6.287	0.01338
6.381	0.01337
6.474	0.01337
6.568	0.01336
6.662	0.01336
6.755	0.01336
6.849	0.01335
6.942	0.01335
7.036	0.01334
7.13	0.01334
7.223	0.01333
7.317	0.01333
7.41	0.01333
7.504	0.01332
7.598	0.01332
7.691	0.01331
7.785	0.0133
7.878	0.0133
7.972	0.0133
8.066	0.01329
8.159	0.01329
8.253	0.01328
8.346	0.01328
8.44	0.01328
8.534	0.01327
8.627	0.01327
8.721	0.01326
8.814	0.01326
8.908	0.01325
9.002	0.01325
9.095	0.01325
9.189	0.01324
9.282	0.01324
9.376	0.01323
9.47	0.01323
9.563	0.01322
9.657	0.01322
9.75	0.01321
9.844	0.01321
9.938	0.0132
10.031	0.0132
10.125	0.0132
10.218	0.01319
10.312	0.01319
10.406	0.01318
10.499	0.01318
10.593	0.01318
10.686	0.01317
10.78	0.01317
10.874	0.01316
10.967	0.01315
11.061	0.01315
11.154	0.01315
11.248	0.01314
11.342	0.01314
11.435	0.01313
11.529	0.01312
11.622	0.01312
11.716	0.01312
11.81	0.01312
11.903	0.01312
11.997	0.01312
12.09	0.01311
12.184	0.01311
12.278	0.01311
12.371	0.0131
12.465	0.0131
12.558	0.0131
12.652	0.0131
12.746	0.01309
12.839	0.01309
12.933	0.01309
13.026	0.01308
13.12	0.01308
13.214	0.01308
13.307	0.01308
13.401	0.01307
13.494	0.01307
13.588	0.01306
13.682	0.01306
13.775	0.01306
13.869	0.01306
13.962	0.01305
14.056	0.01305
14.15	0.01305
14.243	0.01304
14.337	0.01304
14.43	0.01304
14.524	0.01304
14.618	0.01303
14.711	0.01303
14.805	0.01303
14.898	0.01303
14.992	0.01303
15.086	0.01302
15.179	0.01301
15.273	0.01302
15.366	0.01301
15.46	0.01301
15.554	0.01301
15.647	0.01301
15.741	0.013
15.834	0.013
15.928	0.013
16.022	0.01299
16.115	0.01299
16.209	0.01299
16.302	0.01299
16.396	0.01298
16.49	0.01298
16.583	0.01297
16.677	0.01297
16.77	0.01297
16.864	0.01297
16.958	0.01297
17.051	0.01297
17.145	0.01297
17.238	0.01296
17.332	0.01296
17.426	0.01295
17.519	0.01296
17.613	0.01295
17.706	0.01295
17.8	0.01295
17.894	0.01294
17.987	0.01294
18.081	0.01294
18.174	0.01294
18.268	0.01294
18.362	0.01293
18.455	0.01293
18.549	0.01293
18.642	0.01292
18.736	0.01292
18.83	0.01292
18.923	0.01292
19.017	0.01292
19.11	0.01291
19.204	0.01291
19.298	0.01291
19.391	0.01291
19.485	0.0129
19.578	0.0129
19.672	0.0129
19.766	0.01289
19.859	0.01289
19.953	0.01289
20.046	0.01289
20.14	0.01289
20.234	0.01288
20.327	0.01288
20.421	0.01288
20.514	0.01288
20.608	0.01288
20.702	0.01288
20.795	0.01287
20.889	0.01287
20.982	0.01287
21.076	0.01287
21.17	0.01286
21.263	0.01286
21.357	0.01286
21.45	0.01285
21.544	0.01285
21.638	0.01285
21.731	0.01285
21.825	0.01285
21.918	0.01285
22.012	0.01284
22.106	0.01284
22.199	0.01284
22.293	0.01284
22.386	0.01283
22.48	0.01283
22.574	0.01283
22.667	0.01283
22.761	0.01282
22.854	0.01282
22.948	0.01282
23.042	0.01282
23.135	0.01281
23.229	0.01281
23.322	0.01281
23.416	0.01281
23.51	0.01281
23.603	0.01281
23.697	0.0128
23.79	0.0128
23.884	0.0128
23.978	0.01279
24.071	0.01279
24.165	0.01279
24.258	0.01279
24.352	0.01279
24.446	0.01279
24.539	0.01278
24.633	0.01278
24.726	0.01278
24.82	0.01278
24.914	0.01278
25.007	0.01277
25.101	0.01277
25.194	0.01277
25.288	0.01277
25.382	0.01277
25.475	0.01276
25.569	0.01276
25.662	0.01276
25.756	0.01276
25.85	0.01276
25.943	0.01276
26.037	0.01275
26.13	0.01275
26.224	0.01275
26.318	0.01274
26.411	0.01274
26.505	0.01274
26.598	0.01274
26.692	0.01274
26.786	0.01274
26.879	0.01273
26.973	0.01273
27.066	0.01273
27.16	0.01273
27.254	0.01273
27.347	0.01273
27.441	0.01273
27.534	0.01273
27.628	0.01272
27.722	0.01272
27.815	0.01272
27.909	0.01272
28.002	0.01272
28.096	0.01272
28.19	0.01271
28.283	0.01271
28.377	0.01271
28.47	0.01271
28.564	0.0127
28.658	0.0127
28.751	0.0127
28.845	0.0127
28.938	0.0127
29.032	0.0127
29.126	0.01269
29.219	0.01269
29.313	0.01269
29.406	0.01269
29.5	0.01268
29.594	0.01268
29.687	0.01268
29.781	0.01268
29.874	0.01268
29.968	0.01268
30.062	0.01268
30.155	0.01267
30.249	0.01267
30.342	0.01267
30.436	0.01267
30.53	0.01267
30.623	0.01267
30.717	0.01267
30.81	0.01267
30.904	0.01266
30.998	0.01266
31.091	0.01266
31.185	0.01266
31.278	0.01266
31.372	0.01266
31.466	0.01265
31.559	0.01265
31.653	0.01265
31.746	0.01265
31.84	0.01265
31.934	0.01265
32.027	0.01265
32.121	0.01265
32.214	0.01264
32.308	0.01264
32.402	0.01264
32.495	0.01264
32.589	0.01264
32.682	0.01264
32.776	0.01263
32.87	0.01263
32.963	0.01263
33.057	0.01263
33.15	0.01263
33.244	0.01263
33.338	0.01262
33.431	0.01262
33.525	0.01262
33.618	0.01262
33.712	0.01262
33.806	0.01262
33.899	0.01261
33.993	0.01261
34.086	0.01261
34.18	0.01261
34.274	0.01261
34.367	0.01261
34.461	0.0126
34.554	0.01261
34.648	0.01261
34.742	0.0126
34.835	0.0126
34.929	0.0126
35.022	0.0126
35.116	0.0126
35.21	0.0126
35.303	0.0126
35.397	0.01259
35.49	0.0126
35.584	0.01259
35.678	0.01259
35.771	0.01259
35.865	0.01259
35.958	0.01259
36.052	0.01258
36.146	0.01259
36.239	0.01258
36.333	0.01258
36.426	0.01258
36.52	0.01258
36.614	0.01258
36.707	0.01258
36.801	0.01258
36.894	0.01258
36.988	0.01258
37.082	0.01257
37.175	0.01258
37.269	0.01257
37.362	0.01257
37.456	0.01257
37.55	0.01257
37.643	0.01257
37.737	0.01256
37.83	0.01256
37.924	0.01256
38.018	0.01256
38.111	0.01256
38.205	0.01256
38.298	0.01256
38.392	0.01256
38.486	0.01256
38.579	0.01256
38.673	0.01255
38.766	0.01255
38.86	0.01255
38.954	0.01255
39.047	0.01255
39.141	0.01255
39.234	0.01255
39.328	0.01255
39.422	0.01255
39.515	0.01254
39.609	0.01254
39.702	0.01254
39.796	0.01254
39.89	0.01254
39.983	0.01254
40.077	0.01254
40.17	0.01254
40.264	0.01254
40.358	0.01253
40.451	0.01253
40.545	0.01253
40.638	0.01253
40.732	0.01253
40.826	0.01253
40.919	0.01253
41.013	0.01252
41.106	0.01252
41.2	0.01252
41.294	0.01252
41.387	0.01252
41.481	0.01252
41.574	0.01251
41.668	0.01251
41.762	0.01251
41.855	0.01252
41.949	0.01251
42.042	0.01251
42.136	0.01251
42.23	0.01251
42.323	0.01251
42.417	0.0125
42.51	0.0125
42.604	0.0125
42.698	0.0125
42.791	0.0125
42.885	0.0125
42.978	0.0125
43.072	0.0125
43.166	0.0125
43.259	0.01249
43.353	0.01249
43.446	0.01249
43.54	0.01249
43.634	0.01249
43.727	0.01248
43.821	0.01249
43.914	0.01248
44.008	0.01248
44.102	0.01248
44.195	0.01248
44.289	0.01248
44.382	0.01248
44.476	0.01248
44.57	0.01248
44.663	0.01247
44.757	0.01247
44.85	0.01247
44.944	0.01247
45.038	0.01247
45.131	0.01247
45.225	0.01247
45.318	0.01246
45.412	0.01246
45.506	0.01246
45.599	0.01246
45.693	0.01246
45.786	0.01246
45.88	0.01246
45.974	0.01246
46.067	0.01245
46.161	0.01245
46.254	0.01245
46.348	0.01245
46.442	0.01245
46.535	0.01245
46.629	0.01245
46.722	0.01245
46.816	0.01245
46.91	0.01245
47.003	0.01245
47.097	0.01244
47.19	0.01244
47.284	0.01244
47.378	0.01244
47.471	0.01244
47.565	0.01244
47.658	0.01244
47.752	0.01244
47.846	0.01244
47.939	0.01243
48.033	0.01243
48.126	0.01244
48.22	0.01243
48.314	0.01243
48.407	0.01243
48.501	0.01243
48.594	0.01243
48.688	0.01243
48.782	0.01243
48.875	0.01242
48.969	0.01242
49.062	0.01242
49.156	0.01243
49.25	0.01242
49.343	0.01242
49.437	0.01242
49.53	0.01242
49.624	0.01242
49.718	0.01242
49.811	0.01242
49.905	0.01241
49.998	0.01241
50.092	0.01242
50.186	0.01242
50.279	0.01241
50.373	0.01241
50.466	0.01241
50.56	0.01241
50.654	0.01241
50.747	0.01241
50.841	0.01241
50.934	0.01241
51.028	0.01241
51.122	0.01241
51.215	0.0124
51.309	0.0124
51.402	0.0124
51.496	0.0124
51.59	0.0124
51.683	0.0124
51.777	0.0124
51.87	0.0124
51.964	0.0124
52.058	0.0124
52.151	0.0124
52.245	0.0124
52.338	0.0124
52.432	0.01239
52.526	0.01239
52.619	0.01239
52.713	0.01239
52.806	0.01239
52.9	0.01239
52.994	0.01239
53.087	0.01239
53.181	0.01239
53.274	0.01239
53.368	0.01239
53.462	0.01239
53.555	0.01239
53.649	0.01239
53.742	0.01238
53.836	0.01238
53.93	0.01238
54.023	0.01238
54.117	0.01238
54.21	0.01238
54.304	0.01238
54.398	0.01238
54.491	0.01238
54.585	0.01238
54.678	0.01238
54.772	0.01238
54.866	0.01238
54.959	0.01238
55.053	0.01237
55.146	0.01238
55.24	0.01237
55.334	0.01237
55.427	0.01237
55.521	0.01237
55.614	0.01237
55.708	0.01237
55.802	0.01237
55.895	0.01237
55.989	0.01237
56.082	0.01237
56.176	0.01237
56.27	0.01237
56.363	0.01237
56.457	0.01236
56.55	0.01236
56.644	0.01236
56.738	0.01236
56.831	0.01236
56.925	0.01236
57.018	0.01236
57.112	0.01236
57.206	0.01236
57.299	0.01236
57.393	0.01235
57.486	0.01236
57.58	0.01236
57.674	0.01236
57.767	0.01235
57.861	0.01236
57.954	0.01235
58.048	0.01235
58.142	0.01235
58.235	0.01235
58.329	0.01235
58.422	0.01235
58.516	0.01235
58.61	0.01235
58.703	0.01235
58.797	0.01235
58.89	0.01235
58.984	0.01234
59.078	0.01234
59.171	0.01234
59.265	0.01234
59.358	0.01234
59.452	0.01234
59.546	0.01234
59.639	0.01234
59.733	0.01234
59.826	0.01234
59.92	0.01234
60.014	0.01234
60.107	0.01234
60.201	0.01234
60.294	0.01233
60.388	0.01234
60.482	0.01234
60.575	0.01234
60.669	0.01233
60.762	0.01233
60.856	0.01233
60.95	0.01233
61.043	0.01233
61.137	0.01233
61.23	0.01233
61.324	0.01233
61.418	0.01233
61.511	0.01233
61.605	0.01233
61.698	0.01233
61.792	0.01233
61.886	0.01233
61.979	0.01233
62.073	0.01233
62.166	0.01233
62.26	0.01233
62.354	0.01233
62.447	0.01233
62.541	0.01233
62.634	0.01233
62.728	0.01232
62.822	0.01232
62.915	0.01232
63.009	0.01232
63.102	0.01232
63.196	0.01232
63.29	0.01232
63.383	0.01232
63.477	0.01232
63.57	0.01232
63.664	0.01232
63.758	0.01232
63.851	0.01232
63.945	0.01232
64.038	0.01232
64.132	0.01232
64.226	0.01232
64.319	0.01232
64.413	0.01232
64.506	0.01232
64.6	0.01232
64.694	0.01232
64.787	0.01232
64.881	0.01232
64.974	0.01231
65.068	0.01231
65.162	0.01232
65.255	0.01231
65.349	0.01231
65.442	0.01231
65.536	0.01231
65.63	0.01231
65.723	0.01231
65.817	0.01231
65.91	0.01231
66.004	0.01231
66.098	0.01231
66.191	0.01231
66.285	0.01231
66.378	0.01231
66.472	0.01231
66.566	0.01231
66.659	0.01231
66.753	0.01231
66.846	0.01231
66.94	0.01231
67.034	0.01231
67.127	0.01231
67.221	0.01231
67.314	0.01231
67.408	0.01231
67.502	0.0123
67.595	0.0123
67.689	0.0123
67.782	0.01231
67.876	0.0123
67.97	0.0123
68.063	0.0123
68.157	0.0123
68.25	0.0123
68.344	0.0123
68.438	0.0123
68.531	0.0123
68.625	0.0123
68.718	0.0123
68.812	0.0123
68.906	0.0123
68.999	0.0123
69.093	0.0123
69.186	0.0123
69.28	0.0123
69.374	0.0123
69.467	0.0123
69.561	0.0123
69.654	0.0123
69.748	0.0123
69.842	0.0123
69.935	0.0123
70.029	0.0123
70.122	0.0123
70.216	0.0123
70.31	0.0123
70.403	0.0123
70.497	0.01229
70.59	0.0123
70.684	0.0123
70.778	0.0123
70.871	0.0123
70.965	0.01229
71.058	0.0123
71.152	0.01229
71.246	0.0123
71.339	0.0123
71.433	0.0123
71.526	0.01229
71.62	0.01229
71.714	0.01229
71.807	0.01229
71.901	0.01229
71.994	0.01229
72.088	0.01229
72.182	0.01229
72.275	0.01229
72.369	0.01229
72.462	0.01229
72.556	0.01229
72.65	0.01229
72.743	0.01229
72.837	0.01229
72.93	0.01229
73.024	0.01229
73.118	0.01229
73.211	0.01229
73.305	0.01229
73.398	0.01229
73.492	0.01229
73.586	0.01229
73.679	0.01229
73.773	0.01229
73.866	0.01228
73.96	0.01229
74.054	0.01229
74.147	0.01229
74.241	0.01228
74.334	0.01228
74.428	0.01228
74.522	0.01228
74.615	0.01228
74.709	0.01228
74.802	0.01228
74.896	0.01228
74.99	0.01228
75.083	0.01228
75.177	0.01228
75.27	0.01228
75.364	0.01228
75.458	0.01228
75.551	0.01228
75.645	0.01228
75.738	0.01228
75.832	0.01228
75.926	0.01228
76.019	0.01228
76.113	0.01228
76.206	0.01228
76.3	0.01228
76.394	0.01228
76.487	0.01227
76.581	0.01227
76.674	0.01227
76.768	0.01227
76.862	0.01227
76.955	0.01227
77.049	0.01227
77.142	0.01227
77.236	0.01227
77.33	0.01227
77.423	0.01227
77.517	0.01227
77.61	0.01227
77.704	0.01227
77.798	0.01227
77.891	0.01227
77.985	0.01227
78.078	0.01227
78.172	0.01227
78.266	0.01227
78.359	0.01227
78.453	0.01227
78.546	0.01227
78.64	0.01227
78.734	0.01227
78.827	0.01227
78.921	0.01227
79.014	0.01227
79.108	0.01227
79.202	0.01226
79.295	0.01227
79.389	0.01227
79.482	0.01227
79.576	0.01227
79.67	0.01227
79.763	0.01227
79.857	0.01227
79.95	0.01227
80.044	0.01227
80.138	0.01227
80.231	0.01227
80.325	0.01227
80.418	0.01227
80.512	0.01226
80.606	0.01226
80.699	0.01226
80.793	0.01226
80.886	0.01226
80.98	0.01227
81.074	0.01226
81.167	0.01227
81.261	0.01227
81.354	0.01227
81.448	0.01226
81.542	0.01226
81.635	0.01226
81.729	0.01226
81.822	0.01226
81.916	0.01226
82.01	0.01227
82.103	0.01227
82.197	0.01227
82.29	0.01226
82.384	0.01226
82.478	0.01226
82.571	0.01226
82.665	0.01226
82.758	0.01226
82.852	0.01226
82.946	0.01226
83.039	0.01226
83.133	0.01226
83.226	0.01226
83.32	0.01226
83.414	0.01226
83.507	0.01226
83.601	0.01227
83.694	0.01226
83.788	0.01226
83.882	0.01226
83.975	0.01226
84.069	0.01226
84.162	0.01226
84.256	0.01227
84.35	0.01226
84.443	0.01226
84.537	0.01226
84.63	0.01226
84.724	0.01226
84.818	0.01226
84.911	0.01226
85.005	0.01226
85.098	0.01226
85.192	0.01226
85.286	0.01226
85.379	0.01226
85.473	0.01226
85.566	0.01226
85.66	0.01226
85.754	0.01226
85.847	0.01226
85.941	0.01226
86.034	0.01226
86.128	0.01226
86.222	0.01226
86.315	0.01226
86.409	0.01226
86.502	0.01226
86.596	0.01226
86.69	0.01226
86.783	0.01226
86.877	0.01226
86.97	0.01226
87.064	0.01226
87.158	0.01226
87.251	0.01226
87.345	0.01226
87.438	0.01226
87.532	0.01226
87.626	0.01225
87.719	0.01226
87.813	0.01226
87.906	0.01226
88	0.01226
88.094	0.01226
88.187	0.01226
88.281	0.01226
88.374	0.01226
88.468	0.01225
88.562	0.01225
88.655	0.01225
88.749	0.01225
88.842	0.01226
88.936	0.01226
89.03	0.01226
89.123	0.01225
89.217	0.01225
89.31	0.01225
89.404	0.01225
89.498	0.01225
89.591	0.01225
89.685	0.01225
89.778	0.01225
89.872	0.01225
89.966	0.01225
90.059	0.01225
90.153	0.01225
90.246	0.01225
90.34	0.01225
90.434	0.01225
90.527	0.01225
90.621	0.01225
90.714	0.01225
90.808	0.01225