TimeAll	TimeExperiment	R	Theta
8.482300e+001	7.900000e-002	1.151214e-004	1.126076e+002
8.495600e+001	2.119999e-001	1.151872e-004	1.125927e+002
8.506500e+001	3.209999e-001	1.152559e-004	1.125757e+002
8.515900e+001	4.150000e-001	1.152990e-004	1.125623e+002
8.525300e+001	5.089998e-001	1.153669e-004	1.125395e+002
8.536200e+001	6.179998e-001	1.154119e-004	1.125348e+002
8.547100e+001	7.270000e-001	1.155207e-004	1.125046e+002
8.558000e+001	8.360000e-001	1.155665e-004	1.124843e+002
8.567400e+001	9.299998e-001	1.156415e-004	1.124664e+002
8.576700e+001	1.023000e+000	1.157340e-004	1.124467e+002
8.587700e+001	1.133000e+000	1.157673e-004	1.124344e+002
8.598600e+001	1.242000e+000	1.158306e-004	1.124094e+002
8.607900e+001	1.335000e+000	1.159416e-004	1.123867e+002
8.617300e+001	1.429000e+000	1.160204e-004	1.123683e+002
8.626700e+001	1.523000e+000	1.160664e-004	1.123468e+002
8.637600e+001	1.632000e+000	1.161379e-004	1.123313e+002
8.648500e+001	1.741000e+000	1.162259e-004	1.123061e+002
8.659400e+001	1.850000e+000	1.163116e-004	1.122793e+002
8.668800e+001	1.944000e+000	1.163795e-004	1.122512e+002
8.678100e+001	2.037000e+000	1.164635e-004	1.122209e+002
8.687500e+001	2.131000e+000	1.165266e-004	1.122049e+002
8.696900e+001	2.225000e+000	1.166073e-004	1.121690e+002
8.706200e+001	2.318000e+000	1.166766e-004	1.121538e+002
8.715600e+001	2.412000e+000	1.167776e-004	1.121239e+002
8.724900e+001	2.505000e+000	1.168215e-004	1.121065e+002
8.735900e+001	2.615000e+000	1.169198e-004	1.120796e+002
8.746800e+001	2.724000e+000	1.170198e-004	1.120379e+002
8.757700e+001	2.833000e+000	1.171118e-004	1.120081e+002
8.768600e+001	2.942000e+000	1.172092e-004	1.119815e+002
8.778000e+001	3.036000e+000	1.172899e-004	1.119483e+002
8.787300e+001	3.129000e+000	1.173955e-004	1.119140e+002
8.796700e+001	3.223000e+000	1.174554e-004	1.118841e+002
8.806100e+001	3.317000e+000	1.175713e-004	1.118438e+002
8.815400e+001	3.410000e+000	1.176515e-004	1.118203e+002
8.824800e+001	3.504000e+000	1.177492e-004	1.117797e+002
8.835700e+001	3.613000e+000	1.178555e-004	1.117453e+002
8.845000e+001	3.706000e+000	1.179420e-004	1.117080e+002
8.854400e+001	3.800000e+000	1.180450e-004	1.116668e+002
8.863800e+001	3.894000e+000	1.181289e-004	1.116171e+002
8.873100e+001	3.987000e+000	1.182271e-004	1.115869e+002
8.884000e+001	4.096000e+000	1.183368e-004	1.115432e+002
8.893400e+001	4.190000e+000	1.184476e-004	1.114986e+002
8.904300e+001	4.299000e+000	1.185402e-004	1.114549e+002
8.915200e+001	4.408000e+000	1.186579e-004	1.114030e+002
8.924600e+001	4.502000e+000	1.187656e-004	1.113580e+002
8.935500e+001	4.611000e+000	1.188735e-004	1.113060e+002
8.946400e+001	4.720000e+000	1.190231e-004	1.112526e+002
8.955800e+001	4.814000e+000	1.191296e-004	1.111960e+002
8.965200e+001	4.908000e+000	1.192588e-004	1.111379e+002
8.976100e+001	5.017000e+000	1.193786e-004	1.110847e+002
8.985400e+001	5.110000e+000	1.194885e-004	1.110186e+002
8.994800e+001	5.204000e+000	1.195995e-004	1.109726e+002
9.004200e+001	5.298000e+000	1.196994e-004	1.109135e+002
9.013500e+001	5.391000e+000	1.198227e-004	1.108497e+002
9.022900e+001	5.485000e+000	1.199484e-004	1.107902e+002
9.033800e+001	5.594000e+000	1.200726e-004	1.107226e+002
9.043200e+001	5.688000e+000	1.201958e-004	1.106400e+002
9.052500e+001	5.781000e+000	1.203165e-004	1.105840e+002
9.061900e+001	5.875000e+000	1.204519e-004	1.105115e+002
9.071200e+001	5.968000e+000	1.205724e-004	1.104395e+002
9.082200e+001	6.078000e+000	1.206809e-004	1.103705e+002
9.093100e+001	6.187000e+000	1.208453e-004	1.102675e+002
9.104000e+001	6.296000e+000	1.209819e-004	1.101862e+002
9.113400e+001	6.390000e+000	1.210990e-004	1.100891e+002
9.122700e+001	6.483000e+000	1.212311e-004	1.100040e+002
9.132100e+001	6.577000e+000	1.213937e-004	1.099259e+002
9.141400e+001	6.670000e+000	1.215170e-004	1.098296e+002
9.150800e+001	6.764000e+000	1.216477e-004	1.097404e+002
9.160200e+001	6.858000e+000	1.217692e-004	1.096470e+002
9.171100e+001	6.967000e+000	1.219030e-004	1.095397e+002
9.182000e+001	7.076000e+000	1.220364e-004	1.094296e+002
9.191400e+001	7.170000e+000	1.222106e-004	1.092973e+002
9.200700e+001	7.263000e+000	1.223436e-004	1.091923e+002
9.211600e+001	7.372000e+000	1.224649e-004	1.090848e+002
9.221000e+001	7.466000e+000	1.226059e-004	1.089399e+002
9.230400e+001	7.560000e+000	1.227510e-004	1.088291e+002
9.241300e+001	7.669000e+000	1.228729e-004	1.086935e+002
9.250600e+001	7.762000e+000	1.230043e-004	1.085426e+002
9.260000e+001	7.856000e+000	1.231270e-004	1.084124e+002
9.269400e+001	7.950000e+000	1.232735e-004	1.082694e+002
9.278700e+001	8.043000e+000	1.233815e-004	1.081195e+002
9.288100e+001	8.137000e+000	1.235079e-004	1.079886e+002
9.297400e+001	8.230000e+000	1.236096e-004	1.078442e+002
9.306800e+001	8.324000e+000	1.237317e-004	1.076775e+002
9.316200e+001	8.418000e+000	1.238512e-004	1.075082e+002
9.327100e+001	8.527000e+000	1.239259e-004	1.073508e+002
9.338000e+001	8.636000e+000	1.240456e-004	1.071454e+002
9.347400e+001	8.730000e+000	1.241567e-004	1.069383e+002
9.356700e+001	8.823000e+000	1.242047e-004	1.067667e+002
9.366100e+001	8.917000e+000	1.243046e-004	1.065608e+002
9.377000e+001	9.026000e+000	1.243871e-004	1.063564e+002
9.386400e+001	9.120000e+000	1.244305e-004	1.061283e+002
9.395700e+001	9.213000e+000	1.244808e-004	1.059148e+002
9.405100e+001	9.307000e+000	1.244957e-004	1.056982e+002
9.416000e+001	9.416000e+000	1.245596e-004	1.054353e+002
9.425400e+001	9.510000e+000	1.245446e-004	1.051972e+002
9.434700e+001	9.603000e+000	1.245281e-004	1.049766e+002
9.444100e+001	9.697000e+000	1.245239e-004	1.047146e+002
9.455000e+001	9.806000e+000	1.245050e-004	1.044615e+002
9.465900e+001	9.915000e+000	1.244078e-004	1.041652e+002
9.476800e+001	1.002400e+001	1.243240e-004	1.038743e+002
9.487700e+001	1.013300e+001	1.242248e-004	1.035470e+002
9.498700e+001	1.024300e+001	1.240572e-004	1.032380e+002
9.509600e+001	1.035200e+001	1.238391e-004	1.028977e+002
9.520500e+001	1.046100e+001	1.236218e-004	1.025608e+002
9.529900e+001	1.055500e+001	1.233658e-004	1.022258e+002
9.540800e+001	1.066400e+001	1.230999e-004	1.019155e+002
9.550100e+001	1.075700e+001	1.227642e-004	1.015990e+002
9.561100e+001	1.086700e+001	1.224466e-004	1.012992e+002
9.572000e+001	1.097600e+001	1.220356e-004	1.009453e+002
9.582900e+001	1.108500e+001	1.216397e-004	1.006391e+002
9.593800e+001	1.119400e+001	1.211109e-004	1.002918e+002
9.603200e+001	1.128800e+001	1.206392e-004	9.997590e+001
9.614100e+001	1.139700e+001	1.201547e-004	9.970173e+001
9.623500e+001	1.149100e+001	1.195812e-004	9.939630e+001
9.634400e+001	1.160000e+001	1.190290e-004	9.911420e+001
9.643700e+001	1.169300e+001	1.183988e-004	9.884364e+001
9.654700e+001	1.180300e+001	1.178143e-004	9.859776e+001
9.665600e+001	1.191200e+001	1.170706e-004	9.831866e+001
9.674900e+001	1.200500e+001	1.163941e-004	9.809145e+001
9.684300e+001	1.209900e+001	1.157224e-004	9.787857e+001
9.693700e+001	1.219300e+001	1.150243e-004	9.770487e+001
9.704600e+001	1.230200e+001	1.143387e-004	9.752814e+001
9.713900e+001	1.239500e+001	1.134902e-004	9.733244e+001
9.723300e+001	1.248900e+001	1.127557e-004	9.719055e+001
9.732700e+001	1.258300e+001	1.120372e-004	9.707346e+001
9.743600e+001	1.269200e+001	1.112175e-004	9.695229e+001
9.752900e+001	1.278500e+001	1.103994e-004	9.685258e+001
9.763900e+001	1.289500e+001	1.096585e-004	9.680133e+001
9.774800e+001	1.300400e+001	1.087606e-004	9.673020e+001
9.785700e+001	1.311300e+001	1.079404e-004	9.668848e+001
9.795100e+001	1.320700e+001	1.071001e-004	9.668069e+001
9.804400e+001	1.330000e+001	1.063910e-004	9.669720e+001
9.813800e+001	1.339400e+001	1.056673e-004	9.672279e+001
9.823100e+001	1.348700e+001	1.049703e-004	9.676688e+001
9.832500e+001	1.358100e+001	1.042811e-004	9.681873e+001
9.841900e+001	1.367500e+001	1.036278e-004	9.689191e+001
9.851200e+001	1.376800e+001	1.029903e-004	9.697990e+001
9.862100e+001	1.387700e+001	1.023705e-004	9.709094e+001
9.873100e+001	1.398700e+001	1.016616e-004	9.723180e+001
9.882400e+001	1.408000e+001	1.009710e-004	9.736853e+001
9.893300e+001	1.418900e+001	1.004319e-004	9.750787e+001
9.902700e+001	1.428300e+001	9.980376e-005	9.768914e+001
9.912100e+001	1.437700e+001	9.930278e-005	9.785616e+001
9.923000e+001	1.448600e+001	9.879602e-005	9.804242e+001
9.932300e+001	1.457900e+001	9.826181e-005	9.826048e+001
9.941700e+001	1.467300e+001	9.781094e-005	9.846928e+001
9.951100e+001	1.476700e+001	9.739769e-005	9.865865e+001
9.962000e+001	1.487600e+001	9.697043e-005	9.888033e+001
9.972900e+001	1.498500e+001	9.654085e-005	9.912130e+001
9.982300e+001	1.507900e+001	9.612978e-005	9.936854e+001
9.991600e+001	1.517200e+001	9.580012e-005	9.958932e+001
1.000100e+002	1.526600e+001	9.546839e-005	9.980297e+001
1.001030e+002	1.535900e+001	9.516961e-005	1.000351e+002
1.001970e+002	1.545300e+001	9.492257e-005	1.002516e+002
1.003060e+002	1.556200e+001	9.463882e-005	1.004932e+002
1.003700e+002	1.562600e+001	9.439343e-005	1.007440e+002
1.004640e+002	1.572000e+001	9.414575e-005	1.009779e+002
