TimeAll	TimeExperiment	R	Theta
2.053420e+002	8.099985e-002	1.145753e-004	1.125772e+002
2.054900e+002	2.289999e-001	1.145567e-004	1.125798e+002
2.055990e+002	3.380001e-001	1.145853e-004	1.125767e+002
2.057090e+002	4.480000e-001	1.145964e-004	1.125750e+002
2.058020e+002	5.409999e-001	1.146275e-004	1.125719e+002
2.058960e+002	6.350000e-001	1.146115e-004	1.125634e+002
2.060050e+002	7.440000e-001	1.146132e-004	1.125729e+002
2.060990e+002	8.380001e-001	1.146424e-004	1.125663e+002
2.061920e+002	9.310000e-001	1.146560e-004	1.125701e+002
2.062860e+002	1.025000e+000	1.146647e-004	1.125566e+002
2.063790e+002	1.118000e+000	1.146615e-004	1.125625e+002
2.064730e+002	1.212000e+000	1.146534e-004	1.125675e+002
2.065670e+002	1.306000e+000	1.146855e-004	1.125528e+002
2.066600e+002	1.399000e+000	1.146879e-004	1.125430e+002
2.067690e+002	1.508000e+000	1.147111e-004	1.125487e+002
2.068780e+002	1.617000e+000	1.147206e-004	1.125465e+002
2.069720e+002	1.711000e+000	1.147184e-004	1.125313e+002
2.070810e+002	1.820000e+000	1.147268e-004	1.125412e+002
2.071750e+002	1.914000e+000	1.147381e-004	1.125367e+002
2.072840e+002	2.023000e+000	1.147548e-004	1.125374e+002
2.073930e+002	2.132000e+000	1.147761e-004	1.125253e+002
2.075020e+002	2.241000e+000	1.147812e-004	1.125316e+002
2.075960e+002	2.335000e+000	1.147991e-004	1.125241e+002
2.077050e+002	2.444000e+000	1.148262e-004	1.125259e+002
2.077990e+002	2.538000e+000	1.148111e-004	1.125178e+002
2.078920e+002	2.631000e+000	1.148050e-004	1.125008e+002
2.080020e+002	2.741000e+000	1.148158e-004	1.125081e+002
2.080950e+002	2.834000e+000	1.148275e-004	1.125082e+002
2.082040e+002	2.943000e+000	1.148561e-004	1.124989e+002
2.083140e+002	3.053000e+000	1.148920e-004	1.125123e+002
2.084230e+002	3.162000e+000	1.148885e-004	1.124966e+002
2.085320e+002	3.271000e+000	1.148800e-004	1.124778e+002
2.086260e+002	3.365000e+000	1.148874e-004	1.124812e+002
2.087190e+002	3.458000e+000	1.149091e-004	1.124797e+002
2.088130e+002	3.552000e+000	1.149206e-004	1.124902e+002
2.089060e+002	3.645000e+000	1.149388e-004	1.124680e+002
2.090000e+002	3.739000e+000	1.149444e-004	1.124611e+002
2.091090e+002	3.848000e+000	1.149538e-004	1.124647e+002
2.092180e+002	3.957000e+000	1.149690e-004	1.124598e+002
2.093120e+002	4.051000e+000	1.149858e-004	1.124686e+002
2.094210e+002	4.160000e+000	1.150069e-004	1.124470e+002
2.095150e+002	4.254000e+000	1.150314e-004	1.124502e+002
2.096080e+002	4.347000e+000	1.150124e-004	1.124555e+002
2.097180e+002	4.457000e+000	1.150406e-004	1.124413e+002
2.098110e+002	4.550000e+000	1.150326e-004	1.124409e+002
2.099200e+002	4.659000e+000	1.150412e-004	1.124328e+002
2.100300e+002	4.769000e+000	1.150635e-004	1.124452e+002
2.101390e+002	4.878000e+000	1.150884e-004	1.124409e+002
2.102320e+002	4.971000e+000	1.150716e-004	1.124369e+002
2.103260e+002	5.065000e+000	1.151143e-004	1.124297e+002
2.104350e+002	5.174000e+000	1.151192e-004	1.124169e+002
2.105440e+002	5.283000e+000	1.151343e-004	1.124172e+002
2.106540e+002	5.393000e+000	1.151314e-004	1.124061e+002
2.107470e+002	5.486000e+000	1.151594e-004	1.124110e+002
2.108560e+002	5.595000e+000	1.151757e-004	1.124007e+002
2.109500e+002	5.689000e+000	1.151481e-004	1.124104e+002
2.110590e+002	5.798000e+000	1.151683e-004	1.123985e+002
2.111530e+002	5.892000e+000	1.152028e-004	1.124013e+002
2.112460e+002	5.985000e+000	1.151985e-004	1.123940e+002
2.113560e+002	6.095000e+000	1.152358e-004	1.123800e+002
2.114650e+002	6.204000e+000	1.152364e-004	1.123949e+002
2.115740e+002	6.313000e+000	1.152792e-004	1.123938e+002
2.116830e+002	6.422000e+000	1.152597e-004	1.123726e+002
2.117770e+002	6.516000e+000	1.152988e-004	1.123779e+002
2.118860e+002	6.625000e+000	1.152888e-004	1.123748e+002
2.119800e+002	6.719000e+000	1.152750e-004	1.123700e+002
2.120890e+002	6.828000e+000	1.153191e-004	1.123571e+002
2.121820e+002	6.921000e+000	1.153171e-004	1.123488e+002
2.122760e+002	7.015000e+000	1.153510e-004	1.123510e+002
2.123700e+002	7.109000e+000	1.153139e-004	1.123549e+002
2.124630e+002	7.202000e+000	1.153398e-004	1.123451e+002
2.125570e+002	7.296000e+000	1.153602e-004	1.123427e+002
2.126660e+002	7.405000e+000	1.153803e-004	1.123393e+002
2.127600e+002	7.499000e+000	1.153982e-004	1.123389e+002
2.128530e+002	7.592000e+000	1.153895e-004	1.123218e+002
2.129470e+002	7.686000e+000	1.153910e-004	1.123299e+002
2.130400e+002	7.779000e+000	1.154296e-004	1.123259e+002
2.131490e+002	7.888000e+000	1.154493e-004	1.123230e+002
2.132590e+002	7.998000e+000	1.154778e-004	1.123066e+002
2.133680e+002	8.107000e+000	1.154568e-004	1.123230e+002
2.134770e+002	8.216000e+000	1.154543e-004	1.123121e+002
2.135860e+002	8.325000e+000	1.154879e-004	1.123009e+002
2.136950e+002	8.434000e+000	1.155461e-004	1.122959e+002
2.137890e+002	8.528000e+000	1.155231e-004	1.122898e+002
2.138830e+002	8.622000e+000	1.155210e-004	1.122805e+002
2.139760e+002	8.715000e+000	1.155312e-004	1.123043e+002
2.140700e+002	8.809000e+000	1.155675e-004	1.122837e+002
2.141630e+002	8.902000e+000	1.155625e-004	1.122749e+002
2.142730e+002	9.012000e+000	1.155623e-004	1.122680e+002
2.143660e+002	9.105000e+000	1.155779e-004	1.122714e+002
2.144750e+002	9.214000e+000	1.156170e-004	1.122727e+002
2.145690e+002	9.308000e+000	1.156013e-004	1.122545e+002
2.146630e+002	9.402000e+000	1.156495e-004	1.122456e+002
2.147560e+002	9.495000e+000	1.156435e-004	1.122513e+002
2.148500e+002	9.589000e+000	1.156628e-004	1.122401e+002
2.149430e+002	9.682000e+000	1.156819e-004	1.122368e+002
2.150530e+002	9.792000e+000	1.156881e-004	1.122357e+002
2.151620e+002	9.901000e+000	1.156933e-004	1.122302e+002
2.152710e+002	1.001000e+001	1.157011e-004	1.122173e+002
2.153800e+002	1.011900e+001	1.157150e-004	1.122218e+002
2.154890e+002	1.022800e+001	1.157532e-004	1.122187e+002
2.155990e+002	1.033800e+001	1.157359e-004	1.122210e+002
2.156920e+002	1.043100e+001	1.157664e-004	1.122095e+002
2.157860e+002	1.052500e+001	1.157665e-004	1.122032e+002
2.158950e+002	1.063400e+001	1.157785e-004	1.122149e+002
2.160040e+002	1.074300e+001	1.158000e-004	1.121846e+002
2.161130e+002	1.085200e+001	1.158253e-004	1.121926e+002
2.162070e+002	1.094600e+001	1.158213e-004	1.121936e+002
2.163010e+002	1.104000e+001	1.158545e-004	1.121850e+002
2.163940e+002	1.113300e+001	1.158512e-004	1.121791e+002
2.165030e+002	1.124200e+001	1.158802e-004	1.121758e+002
2.165970e+002	1.133600e+001	1.158725e-004	1.121878e+002
2.166910e+002	1.143000e+001	1.158793e-004	1.121720e+002
2.167840e+002	1.152300e+001	1.158893e-004	1.121803e+002
2.168930e+002	1.163200e+001	1.158956e-004	1.121464e+002
2.170030e+002	1.174200e+001	1.159046e-004	1.121591e+002
2.171120e+002	1.185100e+001	1.159453e-004	1.121566e+002
2.172210e+002	1.196000e+001	1.159385e-004	1.121518e+002
2.173150e+002	1.205400e+001	1.159793e-004	1.121357e+002
2.174080e+002	1.214700e+001	1.159771e-004	1.121338e+002
2.175020e+002	1.224100e+001	1.159937e-004	1.121293e+002
2.175950e+002	1.233400e+001	1.160023e-004	1.121272e+002
2.177050e+002	1.244400e+001	1.160093e-004	1.121278e+002
2.177980e+002	1.253700e+001	1.160408e-004	1.121171e+002
2.179070e+002	1.264600e+001	1.160398e-004	1.121101e+002
2.180010e+002	1.274000e+001	1.160724e-004	1.121091e+002
2.180950e+002	1.283400e+001	1.160540e-004	1.121047e+002
2.182040e+002	1.294300e+001	1.160714e-004	1.121072e+002
2.183130e+002	1.305200e+001	1.160962e-004	1.120949e+002
2.183790e+002	1.311800e+001	1.161071e-004	1.120805e+002
2.184720e+002	1.321100e+001	1.161161e-004	1.120741e+002
2.185670e+002	1.330600e+001	1.161245e-004	1.120836e+002
2.186600e+002	1.339900e+001	1.161454e-004	1.120766e+002
2.187560e+002	1.349500e+001	1.161761e-004	1.120667e+002
2.188520e+002	1.359100e+001	1.161739e-004	1.120738e+002
2.189470e+002	1.368600e+001	1.161818e-004	1.120648e+002
2.190430e+002	1.378200e+001	1.161951e-004	1.120595e+002
2.191360e+002	1.387500e+001	1.161841e-004	1.120584e+002
2.192310e+002	1.397000e+001	1.162301e-004	1.120590e+002
2.193270e+002	1.406600e+001	1.162259e-004	1.120490e+002
2.194220e+002	1.416100e+001	1.162405e-004	1.120415e+002
2.195540e+002	1.429300e+001	1.162396e-004	1.120360e+002
2.196470e+002	1.438600e+001	1.162524e-004	1.120404e+002
2.197570e+002	1.449600e+001	1.162854e-004	1.120224e+002
2.198500e+002	1.458900e+001	1.162863e-004	1.120397e+002
2.199590e+002	1.469800e+001	1.163001e-004	1.120230e+002
2.200690e+002	1.480800e+001	1.163334e-004	1.120071e+002
2.201620e+002	1.490100e+001	1.163508e-004	1.120071e+002
2.202710e+002	1.501000e+001	1.163443e-004	1.120099e+002
2.203650e+002	1.510400e+001	1.163690e-004	1.119960e+002
2.204580e+002	1.519700e+001	1.163840e-004	1.120037e+002
2.205680e+002	1.530700e+001	1.163871e-004	1.119874e+002
2.206610e+002	1.540000e+001	1.163888e-004	1.119849e+002
2.207700e+002	1.550900e+001	1.164400e-004	1.119812e+002
2.208800e+002	1.561900e+001	1.164189e-004	1.119737e+002
2.209730e+002	1.571200e+001	1.164329e-004	1.119652e+002
2.210670e+002	1.580600e+001	1.164571e-004	1.119647e+002
2.211760e+002	1.591500e+001	1.164721e-004	1.119514e+002
2.212850e+002	1.602400e+001	1.164759e-004	1.119627e+002
2.213940e+002	1.613300e+001	1.165136e-004	1.119535e+002
2.215040e+002	1.624300e+001	1.165096e-004	1.119521e+002
2.215680e+002	1.630700e+001	1.165446e-004	1.119395e+002
2.216620e+002	1.640100e+001	1.165276e-004	1.119379e+002
2.217560e+002	1.649500e+001	1.165479e-004	1.119328e+002
2.218470e+002	1.658600e+001	1.165704e-004	1.119277e+002
2.219420e+002	1.668100e+001	1.165716e-004	1.119253e+002
2.220360e+002	1.677500e+001	1.165987e-004	1.119156e+002
2.221810e+002	1.692000e+001	1.166030e-004	1.119045e+002
2.222900e+002	1.702900e+001	1.166434e-004	1.119004e+002
2.223840e+002	1.712300e+001	1.166415e-004	1.118960e+002
2.224770e+002	1.721600e+001	1.166581e-004	1.118890e+002
2.225710e+002	1.731000e+001	1.166648e-004	1.118902e+002
2.226800e+002	1.741900e+001	1.166732e-004	1.118890e+002
2.227890e+002	1.752800e+001	1.167045e-004	1.118720e+002
2.228830e+002	1.762200e+001	1.167060e-004	1.118733e+002
2.229770e+002	1.771600e+001	1.167324e-004	1.118643e+002
2.230860e+002	1.782500e+001	1.167299e-004	1.118679e+002
2.231790e+002	1.791800e+001	1.167619e-004	1.118490e+002
2.232730e+002	1.801200e+001	1.167603e-004	1.118480e+002
2.233820e+002	1.812100e+001	1.167711e-004	1.118433e+002
2.234760e+002	1.821500e+001	1.167934e-004	1.118224e+002
2.235690e+002	1.830800e+001	1.168110e-004	1.118238e+002
2.236790e+002	1.841800e+001	1.168295e-004	1.118267e+002
2.237720e+002	1.851100e+001	1.168421e-004	1.118148e+002
2.238660e+002	1.860500e+001	1.168157e-004	1.118101e+002
2.239590e+002	1.869800e+001	1.168428e-004	1.118093e+002
2.240530e+002	1.879200e+001	1.169020e-004	1.117976e+002
2.241620e+002	1.890100e+001	1.168879e-004	1.117880e+002
2.242710e+002	1.901000e+001	1.168982e-004	1.118126e+002
2.243650e+002	1.910400e+001	1.169128e-004	1.117868e+002
2.244740e+002	1.921300e+001	1.169612e-004	1.117861e+002
2.245830e+002	1.932200e+001	1.169217e-004	1.117881e+002
2.246770e+002	1.941600e+001	1.169467e-004	1.117765e+002
2.247860e+002	1.952500e+001	1.169576e-004	1.117553e+002
2.248950e+002	1.963400e+001	1.169798e-004	1.117671e+002
2.249890e+002	1.972800e+001	1.169894e-004	1.117376e+002
2.250980e+002	1.983700e+001	1.170086e-004	1.117483e+002
2.252070e+002	1.994600e+001	1.170325e-004	1.117295e+002
2.253010e+002	2.004000e+001	1.170522e-004	1.117313e+002
2.254100e+002	2.014900e+001	1.170568e-004	1.117320e+002
2.255190e+002	2.025800e+001	1.170967e-004	1.117239e+002
2.256290e+002	2.036800e+001	1.170817e-004	1.117088e+002
2.257380e+002	2.047700e+001	1.171222e-004	1.117119e+002
2.258310e+002	2.057000e+001	1.171286e-004	1.116875e+002
2.259250e+002	2.066400e+001	1.171255e-004	1.116870e+002
2.260340e+002	2.077300e+001	1.171655e-004	1.116838e+002
2.261280e+002	2.086700e+001	1.171515e-004	1.116680e+002
2.262370e+002	2.097600e+001	1.171846e-004	1.116673e+002
2.263460e+002	2.108500e+001	1.172160e-004	1.116607e+002
2.264400e+002	2.117900e+001	1.172193e-004	1.116501e+002
2.265330e+002	2.127200e+001	1.172657e-004	1.116539e+002
2.266270e+002	2.136600e+001	1.172437e-004	1.116438e+002
2.267360e+002	2.147500e+001	1.172548e-004	1.116324e+002
2.268450e+002	2.158400e+001	1.172777e-004	1.116301e+002
2.269550e+002	2.169400e+001	1.173075e-004	1.116204e+002
2.270640e+002	2.180300e+001	1.173445e-004	1.116053e+002
2.271570e+002	2.189600e+001	1.173514e-004	1.116114e+002
2.272510e+002	2.199000e+001	1.173361e-004	1.115995e+002
2.273600e+002	2.209900e+001	1.173630e-004	1.115920e+002
2.274540e+002	2.219300e+001	1.173798e-004	1.115954e+002
2.275630e+002	2.230200e+001	1.174028e-004	1.115854e+002
2.276560e+002	2.239500e+001	1.174304e-004	1.115749e+002
2.277660e+002	2.250500e+001	1.174415e-004	1.115783e+002
2.278590e+002	2.259800e+001	1.174589e-004	1.115744e+002
2.279680e+002	2.270700e+001	1.174652e-004	1.115525e+002
2.280620e+002	2.280100e+001	1.174779e-004	1.115519e+002
2.281560e+002	2.289500e+001	1.174781e-004	1.115571e+002
2.282490e+002	2.298800e+001	1.174919e-004	1.115489e+002
2.283580e+002	2.309700e+001	1.175274e-004	1.115360e+002
2.284680e+002	2.320700e+001	1.175387e-004	1.115261e+002
2.285610e+002	2.330000e+001	1.175590e-004	1.115159e+002
2.286700e+002	2.340900e+001	1.175471e-004	1.115029e+002
2.287800e+002	2.351900e+001	1.175856e-004	1.115129e+002
2.288730e+002	2.361200e+001	1.176040e-004	1.115093e+002
2.289820e+002	2.372100e+001	1.176135e-004	1.114828e+002
2.290760e+002	2.381500e+001	1.176155e-004	1.114851e+002
2.291850e+002	2.392400e+001	1.176722e-004	1.114671e+002
2.292940e+002	2.403300e+001	1.176913e-004	1.114668e+002
2.293880e+002	2.412700e+001	1.176685e-004	1.114552e+002
2.294970e+002	2.423600e+001	1.177136e-004	1.114565e+002
2.296060e+002	2.434500e+001	1.176984e-004	1.114457e+002
2.297160e+002	2.445500e+001	1.177262e-004	1.114144e+002
2.298090e+002	2.454800e+001	1.177193e-004	1.114202e+002
2.299180e+002	2.465700e+001	1.177845e-004	1.114274e+002
2.300120e+002	2.475100e+001	1.177680e-004	1.114067e+002
2.301210e+002	2.486000e+001	1.177976e-004	1.114052e+002
2.302300e+002	2.496900e+001	1.178558e-004	1.113912e+002
2.303240e+002	2.506300e+001	1.178687e-004	1.113626e+002
2.304330e+002	2.517200e+001	1.178920e-004	1.113642e+002
2.305420e+002	2.528100e+001	1.178639e-004	1.113677e+002
2.306360e+002	2.537500e+001	1.178999e-004	1.113515e+002
2.307450e+002	2.548400e+001	1.179070e-004	1.113571e+002
2.308540e+002	2.559300e+001	1.179351e-004	1.113483e+002
2.309640e+002	2.570300e+001	1.179571e-004	1.113270e+002
2.310730e+002	2.581200e+001	1.179594e-004	1.113172e+002
2.311660e+002	2.590500e+001	1.179854e-004	1.113180e+002
2.312760e+002	2.601500e+001	1.179988e-004	1.113089e+002
2.313690e+002	2.610800e+001	1.180387e-004	1.113003e+002
2.314630e+002	2.620200e+001	1.180534e-004	1.112955e+002
2.315720e+002	2.631100e+001	1.180437e-004	1.112853e+002
2.316810e+002	2.642000e+001	1.180504e-004	1.112701e+002
2.317750e+002	2.651400e+001	1.181027e-004	1.112566e+002
2.318840e+002	2.662300e+001	1.181096e-004	1.112497e+002
2.319780e+002	2.671700e+001	1.181363e-004	1.112536e+002
2.320870e+002	2.682600e+001	1.181630e-004	1.112409e+002
2.321800e+002	2.691900e+001	1.181765e-004	1.112317e+002
2.322900e+002	2.702900e+001	1.181859e-004	1.112196e+002
2.323990e+002	2.713800e+001	1.181946e-004	1.112161e+002
2.324920e+002	2.723100e+001	1.182111e-004	1.112056e+002
2.325600e+002	2.729900e+001	1.182240e-004	1.112048e+002
2.326560e+002	2.739500e+001	1.182577e-004	1.111867e+002
2.327870e+002	2.752600e+001	1.182381e-004	1.111691e+002
2.328960e+002	2.763500e+001	1.182865e-004	1.111605e+002
2.330060e+002	2.774500e+001	1.182792e-004	1.111664e+002
2.330750e+002	2.781400e+001	1.182990e-004	1.111560e+002
2.331690e+002	2.790800e+001	1.183332e-004	1.111448e+002
2.333140e+002	2.805300e+001	1.183564e-004	1.111281e+002
2.334230e+002	2.816200e+001	1.183549e-004	1.111204e+002
2.335320e+002	2.827100e+001	1.183939e-004	1.111152e+002
2.336410e+002	2.838000e+001	1.184011e-004	1.111130e+002
2.337350e+002	2.847400e+001	1.184092e-004	1.111025e+002
2.338110e+002	2.855000e+001	1.184356e-004	1.110960e+002
2.339060e+002	2.864500e+001	1.184153e-004	1.110796e+002
2.339980e+002	2.873700e+001	1.184480e-004	1.110746e+002
2.341280e+002	2.886700e+001	1.184592e-004	1.110650e+002
2.342370e+002	2.897600e+001	1.184976e-004	1.110512e+002
2.343460e+002	2.908500e+001	1.184916e-004	1.110486e+002
2.344550e+002	2.919400e+001	1.184997e-004	1.110488e+002
2.345490e+002	2.928800e+001	1.185238e-004	1.110277e+002
2.346430e+002	2.938200e+001	1.185634e-004	1.110228e+002
2.347360e+002	2.947500e+001	1.185656e-004	1.110243e+002
2.348450e+002	2.958400e+001	1.185900e-004	1.110037e+002
2.349130e+002	2.965200e+001	1.185978e-004	1.110079e+002
2.350070e+002	2.974600e+001	1.186115e-004	1.109914e+002
2.351380e+002	2.987700e+001	1.186309e-004	1.109896e+002
2.352320e+002	2.997100e+001	1.186593e-004	1.109672e+002
2.353250e+002	3.006400e+001	1.186788e-004	1.109740e+002
2.354190e+002	3.015800e+001	1.186660e-004	1.109589e+002
2.354860e+002	3.022500e+001	1.186840e-004	1.109424e+002
2.355800e+002	3.031900e+001	1.187154e-004	1.109417e+002
2.356730e+002	3.041200e+001	1.187344e-004	1.109497e+002
2.358190e+002	3.055800e+001	1.187184e-004	1.109336e+002
2.359130e+002	3.065200e+001	1.187707e-004	1.109199e+002
2.359810e+002	3.072000e+001	1.187748e-004	1.109219e+002
2.360790e+002	3.081800e+001	1.187664e-004	1.109060e+002
2.362240e+002	3.096300e+001	1.187828e-004	1.108955e+002
2.363340e+002	3.107300e+001	1.188302e-004	1.108767e+002
2.364270e+002	3.116600e+001	1.188229e-004	1.108784e+002
2.365360e+002	3.127500e+001	1.188519e-004	1.108627e+002
2.366300e+002	3.136900e+001	1.188514e-004	1.108597e+002
2.367240e+002	3.146300e+001	1.188864e-004	1.108412e+002
2.368330e+002	3.157200e+001	1.188760e-004	1.108406e+002
2.369420e+002	3.168100e+001	1.188832e-004	1.108233e+002
2.370360e+002	3.177500e+001	1.189304e-004	1.108086e+002
2.371450e+002	3.188400e+001	1.189607e-004	1.108155e+002
2.372380e+002	3.197700e+001	1.189718e-004	1.108022e+002
2.373480e+002	3.208700e+001	1.189722e-004	1.107874e+002
2.374570e+002	3.219600e+001	1.189858e-004	1.107761e+002
2.375660e+002	3.230500e+001	1.189890e-004	1.107666e+002
2.376600e+002	3.239900e+001	1.190325e-004	1.107636e+002
2.377530e+002	3.249200e+001	1.190107e-004	1.107533e+002
2.378620e+002	3.260100e+001	1.190630e-004	1.107551e+002
2.379560e+002	3.269500e+001	1.190585e-004	1.107363e+002
2.380650e+002	3.280400e+001	1.190558e-004	1.107379e+002
2.381740e+002	3.291300e+001	1.191003e-004	1.107152e+002
2.382680e+002	3.300700e+001	1.191225e-004	1.107249e+002
2.383770e+002	3.311600e+001	1.191389e-004	1.106965e+002
2.384710e+002	3.321000e+001	1.191261e-004	1.106835e+002
2.385800e+002	3.331900e+001	1.191785e-004	1.106779e+002
2.386890e+002	3.342800e+001	1.192016e-004	1.106728e+002
2.387980e+002	3.353700e+001	1.191769e-004	1.106647e+002
2.388660e+002	3.360500e+001	1.192175e-004	1.106395e+002
2.389670e+002	3.370600e+001	1.192270e-004	1.106493e+002
2.390970e+002	3.383600e+001	1.192349e-004	1.106371e+002
2.391660e+002	3.390500e+001	1.192458e-004	1.106396e+002
2.392630e+002	3.400200e+001	1.192453e-004	1.106297e+002
2.393550e+002	3.409400e+001	1.192963e-004	1.106225e+002
2.394470e+002	3.418600e+001	1.192899e-004	1.106139e+002
2.395420e+002	3.428100e+001	1.192814e-004	1.105913e+002
2.396900e+002	3.442900e+001	1.193127e-004	1.105822e+002
2.397830e+002	3.452200e+001	1.193187e-004	1.105800e+002
2.398770e+002	3.461600e+001	1.193716e-004	1.105687e+002
2.399700e+002	3.470900e+001	1.193320e-004	1.105623e+002
2.400640e+002	3.480300e+001	1.193689e-004	1.105527e+002
2.401580e+002	3.489700e+001	1.193752e-004	1.105376e+002
2.402260e+002	3.496500e+001	1.194072e-004	1.105273e+002
2.403200e+002	3.505900e+001	1.194472e-004	1.105225e+002
2.404500e+002	3.518900e+001	1.194455e-004	1.105093e+002
2.405600e+002	3.529900e+001	1.194560e-004	1.104901e+002
2.406530e+002	3.539200e+001	1.194936e-004	1.104798e+002
2.407470e+002	3.548600e+001	1.194835e-004	1.104795e+002
2.408560e+002	3.559500e+001	1.195052e-004	1.104663e+002
2.409650e+002	3.570400e+001	1.195173e-004	1.104484e+002
2.410590e+002	3.579800e+001	1.195557e-004	1.104425e+002
2.411680e+002	3.590700e+001	1.195741e-004	1.104506e+002
2.412360e+002	3.597500e+001	1.195795e-004	1.104313e+002
2.413310e+002	3.607000e+001	1.196008e-004	1.104241e+002
2.414360e+002	3.617500e+001	1.196421e-004	1.103913e+002
2.415320e+002	3.627100e+001	1.196386e-004	1.103926e+002
2.416610e+002	3.640000e+001	1.196472e-004	1.103782e+002
2.417550e+002	3.649400e+001	1.196857e-004	1.103621e+002
2.418640e+002	3.660300e+001	1.196587e-004	1.103631e+002
2.419370e+002	3.667600e+001	1.196988e-004	1.103477e+002
2.420310e+002	3.677000e+001	1.197322e-004	1.103333e+002
2.421240e+002	3.686300e+001	1.197408e-004	1.103268e+002
2.422190e+002	3.695800e+001	1.197474e-004	1.103126e+002
2.423110e+002	3.705000e+001	1.197581e-004	1.103010e+002
2.424070e+002	3.714600e+001	1.197706e-004	1.103120e+002
2.425380e+002	3.727700e+001	1.198122e-004	1.102918e+002
2.426470e+002	3.738600e+001	1.198243e-004	1.102630e+002
2.427560e+002	3.749500e+001	1.198330e-004	1.102560e+002
2.428500e+002	3.758900e+001	1.198337e-004	1.102393e+002
2.429430e+002	3.768200e+001	1.198696e-004	1.102299e+002
2.430370e+002	3.777600e+001	1.199144e-004	1.102153e+002
2.431460e+002	3.788500e+001	1.199165e-004	1.102121e+002
2.432400e+002	3.797900e+001	1.199227e-004	1.101936e+002
2.433330e+002	3.807200e+001	1.199197e-004	1.101759e+002
2.434430e+002	3.818200e+001	1.199380e-004	1.101646e+002
2.435520e+002	3.829100e+001	1.199829e-004	1.101566e+002
2.436450e+002	3.838400e+001	1.199958e-004	1.101361e+002
2.437390e+002	3.847800e+001	1.200118e-004	1.101256e+002
2.438480e+002	3.858700e+001	1.200231e-004	1.101182e+002
2.439570e+002	3.869600e+001	1.200395e-004	1.101116e+002
2.440510e+002	3.879000e+001	1.200657e-004	1.100953e+002
2.441600e+002	3.889900e+001	1.200796e-004	1.100871e+002
2.442540e+002	3.899300e+001	1.200983e-004	1.100685e+002
2.443630e+002	3.910200e+001	1.200902e-004	1.100617e+002
2.444720e+002	3.921100e+001	1.201409e-004	1.100486e+002
2.445660e+002	3.930500e+001	1.201405e-004	1.100408e+002
2.446750e+002	3.941400e+001	1.201829e-004	1.100234e+002
2.447840e+002	3.952300e+001	1.201687e-004	1.100184e+002
2.448930e+002	3.963200e+001	1.202254e-004	1.099994e+002
2.449870e+002	3.972600e+001	1.201987e-004	1.099806e+002
2.450960e+002	3.983500e+001	1.202206e-004	1.099674e+002
2.452050e+002	3.994400e+001	1.202223e-004	1.099581e+002
2.452990e+002	4.003800e+001	1.202807e-004	1.099526e+002
2.454080e+002	4.014700e+001	1.202920e-004	1.099406e+002
2.455020e+002	4.024100e+001	1.202903e-004	1.099255e+002
2.455950e+002	4.033400e+001	1.203088e-004	1.099239e+002
2.456890e+002	4.042800e+001	1.203389e-004	1.099229e+002
2.457980e+002	4.053700e+001	1.203287e-004	1.098931e+002
2.458920e+002	4.063100e+001	1.203593e-004	1.098705e+002
2.460010e+002	4.074000e+001	1.203597e-004	1.098714e+002
2.460950e+002	4.083400e+001	1.203700e-004	1.098417e+002
2.461880e+002	4.092700e+001	1.204036e-004	1.098399e+002
2.462970e+002	4.103600e+001	1.204151e-004	1.098294e+002
2.463910e+002	4.113000e+001	1.204192e-004	1.098168e+002
2.464850e+002	4.122400e+001	1.204542e-004	1.097963e+002
2.465780e+002	4.131700e+001	1.204658e-004	1.097833e+002
2.466720e+002	4.141100e+001	1.204918e-004	1.097737e+002
2.467810e+002	4.152000e+001	1.204869e-004	1.097681e+002
2.468750e+002	4.161400e+001	1.205293e-004	1.097467e+002
2.469840e+002	4.172300e+001	1.205123e-004	1.097400e+002
2.470930e+002	4.183200e+001	1.205306e-004	1.097261e+002
2.471870e+002	4.192600e+001	1.205483e-004	1.097144e+002
2.472800e+002	4.201900e+001	1.205899e-004	1.096848e+002
2.473740e+002	4.211300e+001	1.205934e-004	1.096848e+002
2.474670e+002	4.220600e+001	1.205647e-004	1.096783e+002
2.475770e+002	4.231600e+001	1.206433e-004	1.096532e+002
2.476700e+002	4.240900e+001	1.206305e-004	1.096385e+002
2.477640e+002	4.250300e+001	1.206288e-004	1.096416e+002
2.478570e+002	4.259600e+001	1.206640e-004	1.096190e+002
2.479670e+002	4.270600e+001	1.206968e-004	1.096023e+002
2.480600e+002	4.279900e+001	1.206687e-004	1.095965e+002
2.481540e+002	4.289300e+001	1.207246e-004	1.095701e+002
2.482470e+002	4.298600e+001	1.207218e-004	1.095542e+002
2.483570e+002	4.309600e+001	1.207330e-004	1.095547e+002
2.484500e+002	4.318900e+001	1.207598e-004	1.095333e+002
2.485590e+002	4.329800e+001	1.208001e-004	1.095231e+002
2.486530e+002	4.339200e+001	1.208134e-004	1.095012e+002
2.487460e+002	4.348500e+001	1.208282e-004	1.094996e+002
2.488560e+002	4.359500e+001	1.208191e-004	1.094794e+002
2.489490e+002	4.368800e+001	1.208821e-004	1.094816e+002
2.490580e+002	4.379700e+001	1.208620e-004	1.094566e+002
2.491520e+002	4.389100e+001	1.209029e-004	1.094395e+002
2.492460e+002	4.398500e+001	1.208914e-004	1.094170e+002
2.493550e+002	4.409400e+001	1.209310e-004	1.094073e+002
2.494640e+002	4.420300e+001	1.209011e-004	1.093917e+002
2.495730e+002	4.431200e+001	1.209500e-004	1.093788e+002
2.496820e+002	4.442100e+001	1.209726e-004	1.093757e+002
2.497760e+002	4.451500e+001	1.209749e-004	1.093576e+002
2.498700e+002	4.460900e+001	1.209739e-004	1.093415e+002
2.499630e+002	4.470200e+001	1.209998e-004	1.093287e+002
2.500570e+002	4.479600e+001	1.210439e-004	1.093182e+002
2.501500e+002	4.488900e+001	1.210154e-004	1.092869e+002
2.502440e+002	4.498300e+001	1.210561e-004	1.092908e+002
2.503530e+002	4.509200e+001	1.210648e-004	1.092862e+002
2.504620e+002	4.520100e+001	1.210686e-004	1.092583e+002
2.505560e+002	4.529500e+001	1.210857e-004	1.092452e+002
2.506650e+002	4.540400e+001	1.210892e-004	1.092287e+002
2.507740e+002	4.551300e+001	1.211295e-004	1.092175e+002
2.508840e+002	4.562300e+001	1.211669e-004	1.091983e+002
2.509770e+002	4.571600e+001	1.211632e-004	1.091868e+002
2.510710e+002	4.581000e+001	1.211517e-004	1.091701e+002
2.511640e+002	4.590300e+001	1.211898e-004	1.091670e+002
2.512740e+002	4.601300e+001	1.212046e-004	1.091434e+002
2.513670e+002	4.610600e+001	1.212313e-004	1.091195e+002
2.514610e+002	4.620000e+001	1.212263e-004	1.091001e+002
2.515540e+002	4.629300e+001	1.212546e-004	1.090832e+002
2.516480e+002	4.638700e+001	1.212687e-004	1.090821e+002
2.517570e+002	4.649600e+001	1.212601e-004	1.090543e+002
2.518660e+002	4.660500e+001	1.212961e-004	1.090441e+002
2.519760e+002	4.671500e+001	1.213315e-004	1.090286e+002
2.520690e+002	4.680800e+001	1.213210e-004	1.090070e+002
2.521630e+002	4.690200e+001	1.213562e-004	1.089914e+002
2.522560e+002	4.699500e+001	1.213727e-004	1.089796e+002
2.523500e+002	4.708900e+001	1.213625e-004	1.089537e+002
2.524440e+002	4.718300e+001	1.213887e-004	1.089487e+002
2.525530e+002	4.729200e+001	1.214075e-004	1.089348e+002
2.526460e+002	4.738500e+001	1.214289e-004	1.089145e+002
2.527560e+002	4.749500e+001	1.214302e-004	1.088948e+002
2.528650e+002	4.760400e+001	1.214460e-004	1.088761e+002
2.529580e+002	4.769700e+001	1.214673e-004	1.088631e+002
2.530680e+002	4.780700e+001	1.214985e-004	1.088496e+002
2.531770e+002	4.791600e+001	1.214884e-004	1.088321e+002
2.532700e+002	4.800900e+001	1.215183e-004	1.088091e+002
2.533800e+002	4.811900e+001	1.215277e-004	1.087815e+002
2.534890e+002	4.822800e+001	1.215188e-004	1.087855e+002
2.535820e+002	4.832100e+001	1.215555e-004	1.087601e+002
2.536920e+002	4.843100e+001	1.215613e-004	1.087416e+002
2.538010e+002	4.854000e+001	1.215615e-004	1.087328e+002
2.538940e+002	4.863300e+001	1.215948e-004	1.087048e+002
2.540040e+002	4.874300e+001	1.216292e-004	1.087035e+002
2.541130e+002	4.885200e+001	1.216457e-004	1.086768e+002
2.542060e+002	4.894500e+001	1.216261e-004	1.086557e+002
2.543160e+002	4.905500e+001	1.216502e-004	1.086445e+002
2.544250e+002	4.916400e+001	1.216454e-004	1.086184e+002
2.545340e+002	4.927300e+001	1.216845e-004	1.086041e+002
2.546430e+002	4.938200e+001	1.217205e-004	1.085954e+002
2.547370e+002	4.947600e+001	1.217105e-004	1.085704e+002
2.548300e+002	4.956900e+001	1.217181e-004	1.085434e+002
2.549390e+002	4.967800e+001	1.217358e-004	1.085229e+002
2.550330e+002	4.977200e+001	1.217476e-004	1.085182e+002
2.551270e+002	4.986600e+001	1.217804e-004	1.085049e+002
2.552200e+002	4.995900e+001	1.218020e-004	1.084903e+002
2.553140e+002	5.005300e+001	1.217782e-004	1.084590e+002
2.554230e+002	5.016200e+001	1.218087e-004	1.084564e+002
2.555170e+002	5.025600e+001	1.217947e-004	1.084356e+002
2.556100e+002	5.034900e+001	1.218353e-004	1.084168e+002
2.557040e+002	5.044300e+001	1.218340e-004	1.084023e+002
2.557970e+002	5.053600e+001	1.218296e-004	1.083943e+002
2.558910e+002	5.063000e+001	1.218768e-004	1.083666e+002
2.559850e+002	5.072400e+001	1.218792e-004	1.083562e+002
2.560940e+002	5.083300e+001	1.219013e-004	1.083428e+002
2.561870e+002	5.092600e+001	1.219188e-004	1.083169e+002
2.562810e+002	5.102000e+001	1.218982e-004	1.083127e+002
2.563750e+002	5.111400e+001	1.219208e-004	1.082897e+002
2.564680e+002	5.120700e+001	1.219408e-004	1.082714e+002
2.565620e+002	5.130100e+001	1.219444e-004	1.082516e+002
2.566550e+002	5.139400e+001	1.219394e-004	1.082450e+002
2.567490e+002	5.148800e+001	1.219449e-004	1.082245e+002
2.568580e+002	5.159700e+001	1.219780e-004	1.081943e+002
2.569670e+002	5.170600e+001	1.219732e-004	1.081858e+002
2.570340e+002	5.177300e+001	1.220062e-004	1.081638e+002
2.571300e+002	5.186900e+001	1.220271e-004	1.081410e+002
2.572240e+002	5.196300e+001	1.220136e-004	1.081213e+002
2.573170e+002	5.205600e+001	1.220455e-004	1.081012e+002
2.574100e+002	5.214900e+001	1.220425e-004	1.080873e+002
2.575040e+002	5.224300e+001	1.220773e-004	1.080718e+002
2.576340e+002	5.237300e+001	1.220869e-004	1.080387e+002
2.577280e+002	5.246700e+001	1.220979e-004	1.080019e+002
2.578210e+002	5.256000e+001	1.221041e-004	1.080154e+002
2.579150e+002	5.265400e+001	1.221143e-004	1.079800e+002
2.580090e+002	5.274800e+001	1.221117e-004	1.079626e+002
2.581180e+002	5.285700e+001	1.221481e-004	1.079449e+002
2.582270e+002	5.296600e+001	1.221722e-004	1.079173e+002
2.583210e+002	5.306000e+001	1.221393e-004	1.078973e+002
2.584140e+002	5.315300e+001	1.221694e-004	1.078696e+002
2.585230e+002	5.326200e+001	1.221636e-004	1.078570e+002
2.586330e+002	5.337200e+001	1.222386e-004	1.078373e+002
2.587260e+002	5.346500e+001	1.222185e-004	1.078305e+002
2.588350e+002	5.357400e+001	1.222061e-004	1.077896e+002
2.589290e+002	5.366800e+001	1.222034e-004	1.077576e+002
2.590380e+002	5.377700e+001	1.222660e-004	1.077338e+002
2.591320e+002	5.387100e+001	1.222742e-004	1.077137e+002
2.592250e+002	5.396400e+001	1.222931e-004	1.077063e+002
2.593350e+002	5.407400e+001	1.222739e-004	1.076923e+002
2.594280e+002	5.416700e+001	1.223022e-004	1.076547e+002
2.595220e+002	5.426100e+001	1.223058e-004	1.076399e+002
2.596310e+002	5.437000e+001	1.223326e-004	1.076130e+002
2.597400e+002	5.447900e+001	1.223306e-004	1.075966e+002
2.598340e+002	5.457300e+001	1.223614e-004	1.075763e+002
2.599430e+002	5.468200e+001	1.223672e-004	1.075396e+002
2.600520e+002	5.479100e+001	1.223751e-004	1.075161e+002
2.601460e+002	5.488500e+001	1.223465e-004	1.075050e+002
2.602550e+002	5.499400e+001	1.223734e-004	1.074858e+002
2.603640e+002	5.510300e+001	1.223933e-004	1.074656e+002
2.604580e+002	5.519700e+001	1.224038e-004	1.074399e+002
2.605670e+002	5.530600e+001	1.224221e-004	1.074145e+002
2.606610e+002	5.540000e+001	1.224244e-004	1.073904e+002
2.607700e+002	5.550900e+001	1.224297e-004	1.073585e+002
2.608790e+002	5.561800e+001	1.224492e-004	1.073528e+002
2.609730e+002	5.571200e+001	1.224349e-004	1.073194e+002
2.610660e+002	5.580500e+001	1.224604e-004	1.073029e+002
2.611600e+002	5.589900e+001	1.224436e-004	1.072754e+002
2.612530e+002	5.599200e+001	1.224790e-004	1.072639e+002
2.613470e+002	5.608600e+001	1.224909e-004	1.072431e+002
2.614560e+002	5.619500e+001	1.224875e-004	1.072181e+002
2.615500e+002	5.628900e+001	1.225006e-004	1.071898e+002
2.616590e+002	5.639800e+001	1.225037e-004	1.071684e+002
2.617520e+002	5.649100e+001	1.225147e-004	1.071603e+002
2.618460e+002	5.658500e+001	1.225324e-004	1.071373e+002
2.619400e+002	5.667900e+001	1.225174e-004	1.071169e+002
2.620330e+002	5.677200e+001	1.225341e-004	1.070816e+002
2.621270e+002	5.686600e+001	1.225203e-004	1.070728e+002
2.622360e+002	5.697500e+001	1.225240e-004	1.070529e+002
2.623300e+002	5.706900e+001	1.225243e-004	1.070209e+002
2.624390e+002	5.717800e+001	1.225778e-004	1.070160e+002
2.625320e+002	5.727100e+001	1.225837e-004	1.069868e+002
2.626420e+002	5.738100e+001	1.225743e-004	1.069744e+002
2.627510e+002	5.749000e+001	1.225746e-004	1.069450e+002
2.628600e+002	5.759900e+001	1.225579e-004	1.069268e+002
2.629540e+002	5.769300e+001	1.225941e-004	1.068885e+002
2.630630e+002	5.780200e+001	1.226020e-004	1.068698e+002
2.631720e+002	5.791100e+001	1.226084e-004	1.068472e+002
2.632660e+002	5.800500e+001	1.225892e-004	1.068284e+002
2.633590e+002	5.809800e+001	1.226155e-004	1.067908e+002
2.634530e+002	5.819200e+001	1.226273e-004	1.067772e+002
2.635620e+002	5.830100e+001	1.226496e-004	1.067546e+002
2.636710e+002	5.841000e+001	1.226287e-004	1.067332e+002
2.637650e+002	5.850400e+001	1.226193e-004	1.066940e+002
2.638580e+002	5.859700e+001	1.226333e-004	1.066859e+002
2.639680e+002	5.870700e+001	1.226317e-004	1.066685e+002
2.640770e+002	5.881600e+001	1.226756e-004	1.066350e+002
2.641860e+002	5.892500e+001	1.226384e-004	1.065998e+002
2.642950e+002	5.903400e+001	1.226406e-004	1.065755e+002
2.643890e+002	5.912800e+001	1.226538e-004	1.065507e+002
2.644980e+002	5.923700e+001	1.226746e-004	1.065365e+002
2.646070e+002	5.934600e+001	1.226865e-004	1.065223e+002
2.647010e+002	5.944000e+001	1.226812e-004	1.064865e+002
2.648100e+002	5.954900e+001	1.226906e-004	1.064799e+002
2.649040e+002	5.964300e+001	1.226643e-004	1.064427e+002
2.649970e+002	5.973600e+001	1.227109e-004	1.064135e+002
2.651060e+002	5.984500e+001	1.227084e-004	1.063883e+002
2.652160e+002	5.995500e+001	1.226821e-004	1.063662e+002
2.653250e+002	6.006400e+001	1.226967e-004	1.063386e+002
2.654180e+002	6.015700e+001	1.227060e-004	1.063247e+002
2.655120e+002	6.025100e+001	1.227094e-004	1.062940e+002
2.656210e+002	6.036000e+001	1.227193e-004	1.062623e+002
2.657150e+002	6.045400e+001	1.227129e-004	1.062310e+002
2.658240e+002	6.056300e+001	1.226904e-004	1.062119e+002
2.659180e+002	6.065700e+001	1.227272e-004	1.061937e+002
2.660270e+002	6.076600e+001	1.227302e-004	1.061446e+002
2.661360e+002	6.087500e+001	1.226944e-004	1.061311e+002
2.662300e+002	6.096900e+001	1.227392e-004	1.061095e+002
2.663230e+002	6.106200e+001	1.227157e-004	1.060708e+002
2.664320e+002	6.117100e+001	1.226987e-004	1.060474e+002
2.665260e+002	6.126500e+001	1.227260e-004	1.060410e+002
2.666200e+002	6.135900e+001	1.227247e-004	1.060221e+002
2.667290e+002	6.146800e+001	1.227039e-004	1.059934e+002
2.668380e+002	6.157700e+001	1.226999e-004	1.059649e+002
2.669470e+002	6.168600e+001	1.227027e-004	1.059334e+002
2.670410e+002	6.178000e+001	1.227078e-004	1.059001e+002
2.671340e+002	6.187300e+001	1.227508e-004	1.058824e+002
2.672440e+002	6.198300e+001	1.227007e-004	1.058552e+002
2.673370e+002	6.207600e+001	1.227145e-004	1.058230e+002
2.674460e+002	6.218500e+001	1.227190e-004	1.058057e+002
2.675560e+002	6.229500e+001	1.227246e-004	1.057741e+002
2.676650e+002	6.240400e+001	1.227243e-004	1.057593e+002
2.677740e+002	6.251300e+001	1.227109e-004	1.057253e+002
2.678680e+002	6.260700e+001	1.227236e-004	1.056857e+002
2.679610e+002	6.270000e+001	1.227162e-004	1.056607e+002
2.680700e+002	6.280900e+001	1.226946e-004	1.056544e+002
2.681640e+002	6.290300e+001	1.227025e-004	1.056020e+002
2.682570e+002	6.299600e+001	1.226884e-004	1.055918e+002
2.683510e+002	6.309000e+001	1.227030e-004	1.055671e+002
2.684600e+002	6.319900e+001	1.226778e-004	1.055382e+002
2.685690e+002	6.330800e+001	1.227053e-004	1.054949e+002
2.686790e+002	6.341800e+001	1.226687e-004	1.054726e+002
2.687720e+002	6.351100e+001	1.226829e-004	1.054501e+002
2.688810e+002	6.362000e+001	1.226905e-004	1.054237e+002
2.689750e+002	6.371400e+001	1.226567e-004	1.054001e+002
2.690840e+002	6.382300e+001	1.226823e-004	1.053659e+002
2.691780e+002	6.391700e+001	1.226607e-004	1.053356e+002
2.692710e+002	6.401000e+001	1.226644e-004	1.053304e+002
2.693650e+002	6.410400e+001	1.226710e-004	1.052979e+002
2.694740e+002	6.421300e+001	1.226625e-004	1.052663e+002
2.695680e+002	6.430700e+001	1.226402e-004	1.052409e+002
2.696610e+002	6.440000e+001	1.226178e-004	1.052145e+002
2.697710e+002	6.451000e+001	1.226339e-004	1.051850e+002
2.698640e+002	6.460300e+001	1.226168e-004	1.051627e+002
2.699580e+002	6.469700e+001	1.226255e-004	1.051314e+002
2.700510e+002	6.479000e+001	1.226145e-004	1.051142e+002
2.701610e+002	6.490000e+001	1.226222e-004	1.050689e+002
2.702700e+002	6.500900e+001	1.226177e-004	1.050458e+002
2.703790e+002	6.511800e+001	1.225752e-004	1.050130e+002
2.704880e+002	6.522700e+001	1.226086e-004	1.049903e+002
2.705820e+002	6.532100e+001	1.225919e-004	1.049629e+002
2.706750e+002	6.541400e+001	1.225618e-004	1.049225e+002
2.707690e+002	6.550800e+001	1.225405e-004	1.049064e+002
2.708780e+002	6.561700e+001	1.225637e-004	1.048628e+002
2.709720e+002	6.571100e+001	1.225460e-004	1.048400e+002
2.710650e+002	6.580400e+001	1.225312e-004	1.048135e+002
2.711590e+002	6.589800e+001	1.225421e-004	1.047869e+002
2.712530e+002	6.599200e+001	1.224967e-004	1.047535e+002
2.713460e+002	6.608500e+001	1.225028e-004	1.047357e+002
2.714400e+002	6.617900e+001	1.225203e-004	1.047193e+002
2.715490e+002	6.628800e+001	1.225187e-004	1.046736e+002
2.716580e+002	6.639700e+001	1.224672e-004	1.046445e+002
2.717670e+002	6.650600e+001	1.224657e-004	1.046070e+002
2.718610e+002	6.660000e+001	1.224818e-004	1.045829e+002
2.719700e+002	6.670900e+001	1.224579e-004	1.045649e+002
2.720790e+002	6.681800e+001	1.224452e-004	1.045235e+002
2.721730e+002	6.691200e+001	1.224274e-004	1.044867e+002
2.722820e+002	6.702100e+001	1.224299e-004	1.044548e+002
2.723910e+002	6.713000e+001	1.223898e-004	1.044358e+002
2.725010e+002	6.724000e+001	1.223455e-004	1.043926e+002
2.726100e+002	6.734900e+001	1.223581e-004	1.043648e+002
2.727030e+002	6.744200e+001	1.223274e-004	1.043416e+002
2.728130e+002	6.755200e+001	1.223294e-004	1.043077e+002
2.729060e+002	6.764500e+001	1.223438e-004	1.042757e+002
2.730150e+002	6.775400e+001	1.222885e-004	1.042301e+002
2.731090e+002	6.784800e+001	1.222756e-004	1.042175e+002
2.732030e+002	6.794200e+001	1.222720e-004	1.042006e+002
2.732960e+002	6.803500e+001	1.222610e-004	1.041502e+002
2.733900e+002	6.812900e+001	1.222561e-004	1.041115e+002
2.734990e+002	6.823800e+001	1.222266e-004	1.041016e+002
2.735930e+002	6.833200e+001	1.222221e-004	1.040628e+002
2.737020e+002	6.844100e+001	1.221835e-004	1.040288e+002
2.737950e+002	6.853400e+001	1.221790e-004	1.039916e+002
2.738890e+002	6.862800e+001	1.221796e-004	1.039584e+002
2.739830e+002	6.872200e+001	1.221437e-004	1.039350e+002
2.740920e+002	6.883100e+001	1.221150e-004	1.039028e+002
2.742010e+002	6.894000e+001	1.220809e-004	1.038739e+002
2.742940e+002	6.903300e+001	1.220617e-004	1.038315e+002
2.744040e+002	6.914300e+001	1.220696e-004	1.038085e+002
2.745130e+002	6.925200e+001	1.220453e-004	1.037605e+002
2.746060e+002	6.934500e+001	1.219902e-004	1.037315e+002
2.747000e+002	6.943900e+001	1.219905e-004	1.036869e+002
2.747940e+002	6.953300e+001	1.219368e-004	1.036561e+002
2.748870e+002	6.962600e+001	1.219592e-004	1.036269e+002
2.749960e+002	6.973500e+001	1.219137e-004	1.036142e+002
2.751060e+002	6.984500e+001	1.219056e-004	1.035577e+002
2.751990e+002	6.993800e+001	1.218513e-004	1.035193e+002
2.753080e+002	7.004700e+001	1.218405e-004	1.035040e+002
2.754020e+002	7.014100e+001	1.218135e-004	1.034533e+002
2.755110e+002	7.025000e+001	1.218055e-004	1.034206e+002
2.756200e+002	7.035900e+001	1.217845e-004	1.033801e+002
2.757300e+002	7.046900e+001	1.217473e-004	1.033447e+002
2.758230e+002	7.056200e+001	1.217273e-004	1.033103e+002
2.759320e+002	7.067100e+001	1.217092e-004	1.032796e+002
2.760260e+002	7.076500e+001	1.216826e-004	1.032401e+002
2.761350e+002	7.087400e+001	1.216207e-004	1.032258e+002
2.762290e+002	7.096800e+001	1.216163e-004	1.031778e+002
2.763220e+002	7.106100e+001	1.216052e-004	1.031479e+002
2.764160e+002	7.115500e+001	1.215583e-004	1.031181e+002
2.765250e+002	7.126400e+001	1.215452e-004	1.030914e+002
2.766190e+002	7.135800e+001	1.214956e-004	1.030602e+002
2.767280e+002	7.146700e+001	1.214869e-004	1.030139e+002
2.768220e+002	7.156100e+001	1.214572e-004	1.029914e+002
2.769310e+002	7.167000e+001	1.214077e-004	1.029591e+002
2.770400e+002	7.177900e+001	1.213738e-004	1.029268e+002
2.771340e+002	7.187300e+001	1.213298e-004	1.028980e+002
2.772270e+002	7.196600e+001	1.213274e-004	1.028602e+002
2.773210e+002	7.206000e+001	1.212960e-004	1.028269e+002
2.774140e+002	7.215300e+001	1.212738e-004	1.027957e+002
2.775080e+002	7.224700e+001	1.212429e-004	1.027775e+002
2.776020e+002	7.234100e+001	1.212093e-004	1.027460e+002
2.776950e+002	7.243400e+001	1.211745e-004	1.027058e+002
2.778040e+002	7.254300e+001	1.211613e-004	1.026961e+002
2.779140e+002	7.265300e+001	1.211278e-004	1.026439e+002
2.780070e+002	7.274600e+001	1.210945e-004	1.026141e+002
2.781010e+002	7.284000e+001	1.210686e-004	1.025820e+002
2.781940e+002	7.293300e+001	1.210418e-004	1.025661e+002
2.782880e+002	7.302700e+001	1.210344e-004	1.025464e+002
2.783970e+002	7.313600e+001	1.209908e-004	1.025229e+002
2.784910e+002	7.323000e+001	1.209426e-004	1.024789e+002
2.785840e+002	7.332300e+001	1.209325e-004	1.024568e+002
2.786940e+002	7.343300e+001	1.209195e-004	1.024320e+002
2.788030e+002	7.354200e+001	1.208889e-004	1.024024e+002
2.789120e+002	7.365100e+001	1.208532e-004	1.023827e+002
2.790060e+002	7.374500e+001	1.208391e-004	1.023304e+002
2.790990e+002	7.383800e+001	1.207936e-004	1.023197e+002
2.791930e+002	7.393200e+001	1.207552e-004	1.022972e+002
2.793020e+002	7.404100e+001	1.207294e-004	1.022709e+002
2.793960e+002	7.413500e+001	1.206879e-004	1.022160e+002
2.795050e+002	7.424400e+001	1.206470e-004	1.022043e+002
2.795980e+002	7.433700e+001	1.206315e-004	1.021725e+002
2.796920e+002	7.443100e+001	1.205903e-004	1.021660e+002
2.797860e+002	7.452500e+001	1.205439e-004	1.021268e+002
2.798790e+002	7.461800e+001	1.205025e-004	1.021111e+002
2.799880e+002	7.472700e+001	1.204751e-004	1.020704e+002
2.800980e+002	7.483700e+001	1.204586e-004	1.020415e+002
2.802070e+002	7.494600e+001	1.204214e-004	1.020094e+002
2.803000e+002	7.503900e+001	1.203744e-004	1.019804e+002
2.804090e+002	7.514800e+001	1.203601e-004	1.019527e+002
2.805030e+002	7.524200e+001	1.202980e-004	1.019323e+002
2.806120e+002	7.535100e+001	1.202499e-004	1.018892e+002
2.807210e+002	7.546000e+001	1.202284e-004	1.018605e+002
2.808150e+002	7.555400e+001	1.201909e-004	1.018446e+002
2.809240e+002	7.566300e+001	1.201773e-004	1.018131e+002
2.810330e+002	7.577200e+001	1.200949e-004	1.017762e+002
2.811430e+002	7.588200e+001	1.200531e-004	1.017457e+002
2.812360e+002	7.597500e+001	1.200060e-004	1.017295e+002
2.813450e+002	7.608400e+001	1.199770e-004	1.016908e+002
2.814390e+002	7.617800e+001	1.199286e-004	1.016717e+002
2.815330e+002	7.627200e+001	1.198903e-004	1.016493e+002
2.816420e+002	7.638100e+001	1.198646e-004	1.016165e+002
2.817510e+002	7.649000e+001	1.198119e-004	1.015803e+002
2.818450e+002	7.658400e+001	1.197710e-004	1.015439e+002
2.819540e+002	7.669300e+001	1.197423e-004	1.015254e+002
2.820470e+002	7.678600e+001	1.196890e-004	1.015007e+002
2.821570e+002	7.689600e+001	1.196568e-004	1.014629e+002
2.822500e+002	7.698900e+001	1.196087e-004	1.014509e+002
2.823440e+002	7.708300e+001	1.195737e-004	1.014255e+002
2.824370e+002	7.717600e+001	1.195317e-004	1.014022e+002
2.825310e+002	7.727000e+001	1.194878e-004	1.013694e+002
2.826250e+002	7.736400e+001	1.194481e-004	1.013408e+002
2.827180e+002	7.745700e+001	1.194434e-004	1.013346e+002
2.828120e+002	7.755100e+001	1.194029e-004	1.013052e+002
2.829050e+002	7.764400e+001	1.193548e-004	1.012548e+002
2.829990e+002	7.773800e+001	1.193227e-004	1.012526e+002
2.830930e+002	7.783200e+001	1.193155e-004	1.012289e+002
2.831860e+002	7.792500e+001	1.192435e-004	1.011957e+002
2.832950e+002	7.803400e+001	1.191944e-004	1.011894e+002
2.834050e+002	7.814400e+001	1.191707e-004	1.011501e+002
2.834980e+002	7.823700e+001	1.191269e-004	1.011295e+002
2.836070e+002	7.834600e+001	1.190684e-004	1.010978e+002
2.837170e+002	7.845600e+001	1.190377e-004	1.010743e+002
2.838100e+002	7.854900e+001	1.189809e-004	1.010427e+002
2.839040e+002	7.864300e+001	1.189281e-004	1.010264e+002
2.839970e+002	7.873600e+001	1.189126e-004	1.010049e+002
2.841070e+002	7.884600e+001	1.188493e-004	1.009713e+002
2.842160e+002	7.895500e+001	1.188200e-004	1.009313e+002
2.843090e+002	7.904800e+001	1.187461e-004	1.009178e+002
2.844030e+002	7.914200e+001	1.187270e-004	1.008896e+002
2.844970e+002	7.923600e+001	1.186616e-004	1.008727e+002
2.845900e+002	7.932900e+001	1.186527e-004	1.008451e+002
2.846840e+002	7.942300e+001	1.185897e-004	1.008349e+002
2.847770e+002	7.951600e+001	1.185870e-004	1.008097e+002
2.848870e+002	7.962600e+001	1.185427e-004	1.007841e+002
2.849960e+002	7.973500e+001	1.184797e-004	1.007634e+002
2.850890e+002	7.982800e+001	1.184326e-004	1.007255e+002
2.851990e+002	7.993800e+001	1.183799e-004	1.007258e+002
2.852920e+002	8.003100e+001	1.183265e-004	1.006975e+002
2.854010e+002	8.014000e+001	1.182895e-004	1.006674e+002
2.854950e+002	8.023400e+001	1.182328e-004	1.006373e+002
2.855890e+002	8.032800e+001	1.181989e-004	1.006166e+002
2.856820e+002	8.042100e+001	1.181203e-004	1.005816e+002
2.857760e+002	8.051500e+001	1.180664e-004	1.005721e+002
2.858850e+002	8.062400e+001	1.180432e-004	1.005433e+002
2.859940e+002	8.073300e+001	1.179661e-004	1.005060e+002
2.861030e+002	8.084200e+001	1.178982e-004	1.004762e+002
2.862130e+002	8.095200e+001	1.178436e-004	1.004405e+002
2.863220e+002	8.106100e+001	1.177483e-004	1.003979e+002
2.864150e+002	8.115400e+001	1.176677e-004	1.003635e+002
2.865090e+002	8.124800e+001	1.176522e-004	1.003489e+002
2.866180e+002	8.135700e+001	1.175883e-004	1.003085e+002
2.867270e+002	8.146600e+001	1.175263e-004	1.002847e+002
2.868210e+002	8.156000e+001	1.174951e-004	1.002632e+002
2.869140e+002	8.165300e+001	1.174307e-004	1.002398e+002
2.870240e+002	8.176300e+001	1.173765e-004	1.001966e+002
2.871330e+002	8.187200e+001	1.173415e-004	1.001966e+002
2.872260e+002	8.196500e+001	1.172873e-004	1.001722e+002
2.873200e+002	8.205900e+001	1.172576e-004	1.001447e+002
2.874140e+002	8.215300e+001	1.171785e-004	1.001181e+002
2.875230e+002	8.226200e+001	1.171247e-004	1.001135e+002
2.876320e+002	8.237100e+001	1.171082e-004	1.001021e+002
2.877410e+002	8.248000e+001	1.170360e-004	1.000751e+002
2.878500e+002	8.258900e+001	1.169814e-004	1.000588e+002
2.879600e+002	8.269900e+001	1.169047e-004	1.000215e+002
2.880690e+002	8.280800e+001	1.168553e-004	9.999589e+001
2.881620e+002	8.290100e+001	1.168199e-004	9.996566e+001
2.882720e+002	8.301100e+001	1.167859e-004	9.996562e+001
2.883810e+002	8.312000e+001	1.166980e-004	9.993689e+001
2.884740e+002	8.321300e+001	1.166405e-004	9.990291e+001
2.885680e+002	8.330700e+001	1.166091e-004	9.988996e+001
2.886620e+002	8.340100e+001	1.165234e-004	9.986201e+001
2.887710e+002	8.351000e+001	1.164864e-004	9.984064e+001
2.888800e+002	8.361900e+001	1.164238e-004	9.980936e+001
2.889740e+002	8.371300e+001	1.163330e-004	9.977825e+001
2.890670e+002	8.380600e+001	1.163147e-004	9.975143e+001
2.891610e+002	8.390000e+001	1.162095e-004	9.974658e+001
2.892700e+002	8.400900e+001	1.161615e-004	9.971596e+001
2.893640e+002	8.410300e+001	1.160816e-004	9.967433e+001
2.894730e+002	8.421200e+001	1.160035e-004	9.965122e+001
2.895820e+002	8.432100e+001	1.159469e-004	9.964159e+001
2.896760e+002	8.441500e+001	1.158755e-004	9.959679e+001
2.897850e+002	8.452400e+001	1.158322e-004	9.958305e+001
2.898940e+002	8.463300e+001	1.157081e-004	9.956778e+001
2.899880e+002	8.472700e+001	1.156694e-004	9.953696e+001
2.900970e+002	8.483600e+001	1.155974e-004	9.950483e+001
2.902060e+002	8.494500e+001	1.155130e-004	9.948188e+001
2.903000e+002	8.503900e+001	1.154506e-004	9.947086e+001
2.904090e+002	8.514800e+001	1.153747e-004	9.945511e+001
2.905180e+002	8.525700e+001	1.153132e-004	9.942404e+001
2.906270e+002	8.536600e+001	1.152697e-004	9.939278e+001
2.907360e+002	8.547500e+001	1.151901e-004	9.936378e+001
2.908300e+002	8.556900e+001	1.151198e-004	9.934907e+001
2.909240e+002	8.566300e+001	1.150706e-004	9.933215e+001
2.910170e+002	8.575600e+001	1.149850e-004	9.930893e+001
2.911260e+002	8.586500e+001	1.149165e-004	9.929369e+001
2.912200e+002	8.595900e+001	1.148354e-004	9.928471e+001
2.913290e+002	8.606800e+001	1.147896e-004	9.925070e+001
2.914230e+002	8.616200e+001	1.147006e-004	9.923579e+001
2.915320e+002	8.627100e+001	1.146333e-004	9.921844e+001
2.916260e+002	8.636500e+001	1.145686e-004	9.919601e+001
2.917190e+002	8.645800e+001	1.144969e-004	9.918914e+001
2.918130e+002	8.655200e+001	1.143977e-004	9.915012e+001
2.919220e+002	8.666100e+001	1.143738e-004	9.913400e+001
2.920310e+002	8.677000e+001	1.142629e-004	9.912309e+001
2.921250e+002	8.686400e+001	1.141916e-004	9.911076e+001
2.922180e+002	8.695700e+001	1.141350e-004	9.908231e+001
2.923120e+002	8.705100e+001	1.140620e-004	9.906385e+001
2.924060e+002	8.714500e+001	1.140077e-004	9.903131e+001
2.924990e+002	8.723800e+001	1.139397e-004	9.903236e+001
2.926080e+002	8.734700e+001	1.138625e-004	9.901289e+001
2.927180e+002	8.745700e+001	1.137795e-004	9.900057e+001
2.928110e+002	8.755000e+001	1.137429e-004	9.897472e+001
2.929050e+002	8.764400e+001	1.136737e-004	9.895135e+001
2.929980e+002	8.773700e+001	1.136062e-004	9.894695e+001
2.930920e+002	8.783100e+001	1.135385e-004	9.894036e+001
2.931850e+002	8.792400e+001	1.134873e-004	9.891930e+001
2.932950e+002	8.803400e+001	1.134301e-004	9.890999e+001
2.934040e+002	8.814300e+001	1.133619e-004	9.889472e+001
2.935130e+002	8.825200e+001	1.133102e-004	9.888960e+001
2.936070e+002	8.834600e+001	1.132502e-004	9.887553e+001
2.937160e+002	8.845500e+001	1.131798e-004	9.886179e+001
2.938090e+002	8.854800e+001	1.131347e-004	9.885395e+001
2.939030e+002	8.864200e+001	1.130830e-004	9.884204e+001
2.939970e+002	8.873600e+001	1.130168e-004	9.882019e+001
2.940900e+002	8.882900e+001	1.129410e-004	9.882646e+001
2.941990e+002	8.893800e+001	1.129349e-004	9.880227e+001
2.943090e+002	8.904800e+001	1.128184e-004	9.879408e+001
2.944020e+002	8.914100e+001	1.127681e-004	9.877853e+001
2.944960e+002	8.923500e+001	1.127268e-004	9.875227e+001
2.946050e+002	8.934400e+001	1.126279e-004	9.874314e+001
2.946990e+002	8.943800e+001	1.125710e-004	9.874638e+001
2.947920e+002	8.953100e+001	1.125353e-004	9.871992e+001
2.949010e+002	8.964000e+001	1.124661e-004	9.870160e+001
2.950110e+002	8.975000e+001	1.124175e-004	9.870337e+001
2.951040e+002	8.984300e+001	1.123348e-004	9.869155e+001
2.951980e+002	8.993700e+001	1.122889e-004	9.867805e+001
2.953070e+002	9.004600e+001	1.121982e-004	9.865596e+001
2.954160e+002	9.015500e+001	1.121796e-004	9.865009e+001
2.955100e+002	9.024900e+001	1.120866e-004	9.863702e+001
2.956030e+002	9.034200e+001	1.120719e-004	9.862886e+001
2.956970e+002	9.043600e+001	1.119823e-004	9.862505e+001
2.958060e+002	9.054500e+001	1.119208e-004	9.860754e+001
2.959000e+002	9.063900e+001	1.118987e-004	9.860706e+001
2.960090e+002	9.074800e+001	1.118454e-004	9.859274e+001
2.961030e+002	9.084200e+001	1.117701e-004	9.859309e+001
2.961960e+002	9.093500e+001	1.117225e-004	9.858581e+001
2.963050e+002	9.104400e+001	1.116567e-004	9.856356e+001
2.963990e+002	9.113800e+001	1.115771e-004	9.854610e+001
2.965080e+002	9.124700e+001	1.115275e-004	9.854919e+001
2.966170e+002	9.135600e+001	1.114427e-004	9.851927e+001
2.967110e+002	9.145000e+001	1.113901e-004	9.851721e+001
2.968200e+002	9.155900e+001	1.113300e-004	9.850343e+001
2.969290e+002	9.166800e+001	1.112168e-004	9.849405e+001
2.970230e+002	9.176200e+001	1.111253e-004	9.850416e+001
2.971320e+002	9.187100e+001	1.110775e-004	9.848680e+001
2.972260e+002	9.196500e+001	1.109968e-004	9.847749e+001
2.973350e+002	9.207400e+001	1.109367e-004	9.846109e+001
2.974440e+002	9.218300e+001	1.108478e-004	9.844664e+001
2.975530e+002	9.229200e+001	1.107727e-004	9.844938e+001
2.976630e+002	9.240200e+001	1.106743e-004	9.841676e+001
2.977720e+002	9.251100e+001	1.105916e-004	9.841783e+001
2.978810e+002	9.262000e+001	1.104973e-004	9.840703e+001
2.979900e+002	9.272900e+001	1.104159e-004	9.840065e+001
2.980990e+002	9.283800e+001	1.103297e-004	9.838829e+001
2.982090e+002	9.294800e+001	1.102475e-004	9.837761e+001
2.983020e+002	9.304100e+001	1.102069e-004	9.837330e+001
2.984110e+002	9.315000e+001	1.101291e-004	9.836299e+001
2.985050e+002	9.324400e+001	1.100740e-004	9.835334e+001
2.986140e+002	9.335300e+001	1.099985e-004	9.833386e+001
2.987230e+002	9.346200e+001	1.099123e-004	9.833681e+001
2.988170e+002	9.355600e+001	1.098435e-004	9.833047e+001
2.989110e+002	9.365000e+001	1.097718e-004	9.832410e+001
2.990040e+002	9.374300e+001	1.097121e-004	9.831350e+001
2.991130e+002	9.385200e+001	1.096736e-004	9.831562e+001
2.992070e+002	9.394600e+001	1.096141e-004	9.830289e+001
2.993160e+002	9.405500e+001	1.095153e-004	9.831322e+001
2.994250e+002	9.416400e+001	1.094440e-004	9.829494e+001
2.995340e+002	9.427300e+001	1.094038e-004	9.828760e+001
2.996280e+002	9.436700e+001	1.093143e-004	9.829539e+001
2.997220e+002	9.446100e+001	1.092512e-004	9.828177e+001
2.998310e+002	9.457000e+001	1.091954e-004	9.828432e+001
2.999400e+002	9.467900e+001	1.090967e-004	9.827944e+001
3.000490e+002	9.478800e+001	1.090170e-004	9.828209e+001
3.001430e+002	9.488200e+001	1.089789e-004	9.826965e+001
3.002520e+002	9.499100e+001	1.089214e-004	9.826245e+001
3.003610e+002	9.510000e+001	1.088320e-004	9.825606e+001
3.004550e+002	9.519400e+001	1.087378e-004	9.825253e+001
3.005640e+002	9.530300e+001	1.086909e-004	9.824272e+001
3.006580e+002	9.539700e+001	1.086334e-004	9.824606e+001
3.007510e+002	9.549000e+001	1.085348e-004	9.824250e+001
3.008450e+002	9.558400e+001	1.084959e-004	9.824057e+001
3.009380e+002	9.567700e+001	1.084292e-004	9.824548e+001
3.010320e+002	9.577100e+001	1.083661e-004	9.824477e+001
3.011410e+002	9.588000e+001	1.082852e-004	9.823130e+001
3.012500e+002	9.598900e+001	1.082121e-004	9.824479e+001
3.013440e+002	9.608300e+001	1.081559e-004	9.823970e+001
3.014380e+002	9.617700e+001	1.080758e-004	9.822504e+001
3.015310e+002	9.627000e+001	1.080299e-004	9.823495e+001
3.016250e+002	9.636400e+001	1.079583e-004	9.822627e+001
3.017340e+002	9.647300e+001	1.079236e-004	9.822295e+001
3.018430e+002	9.658200e+001	1.078159e-004	9.822538e+001
3.019520e+002	9.669100e+001	1.077716e-004	9.821996e+001
3.020460e+002	9.678500e+001	1.076807e-004	9.822638e+001
3.021550e+002	9.689400e+001	1.076387e-004	9.820322e+001
3.022640e+002	9.700300e+001	1.075285e-004	9.821576e+001
3.023580e+002	9.709700e+001	1.074911e-004	9.821256e+001
3.024520e+002	9.719100e+001	1.074078e-004	9.820499e+001
3.025610e+002	9.730000e+001	1.073373e-004	9.821256e+001
3.026700e+002	9.740900e+001	1.072670e-004	9.820576e+001
3.027790e+002	9.751800e+001	1.071942e-004	9.821949e+001
3.028730e+002	9.761200e+001	1.071286e-004	9.820068e+001
3.029820e+002	9.772100e+001	1.070658e-004	9.821460e+001
3.030910e+002	9.783000e+001	1.069885e-004	9.821130e+001
3.032000e+002	9.793900e+001	1.068895e-004	9.819303e+001
3.032940e+002	9.803300e+001	1.068295e-004	9.818932e+001
3.034030e+002	9.814200e+001	1.067432e-004	9.819874e+001
3.034970e+002	9.823600e+001	1.066950e-004	9.819008e+001
3.035900e+002	9.832900e+001	1.066328e-004	9.821066e+001
3.036840e+002	9.842300e+001	1.065358e-004	9.822038e+001
3.037930e+002	9.853200e+001	1.064868e-004	9.820776e+001
3.039020e+002	9.864100e+001	1.064112e-004	9.819699e+001
3.039960e+002	9.873500e+001	1.063188e-004	9.822688e+001
3.041050e+002	9.884400e+001	1.063103e-004	9.821910e+001
3.042140e+002	9.895300e+001	1.062222e-004	9.822002e+001
3.043080e+002	9.904700e+001	1.061433e-004	9.821334e+001
3.044020e+002	9.914100e+001	1.060828e-004	9.820417e+001
3.044950e+002	9.923400e+001	1.060177e-004	9.822453e+001
3.045890e+002	9.932800e+001	1.059659e-004	9.823167e+001
3.046980e+002	9.943700e+001	1.059025e-004	9.823594e+001
3.047920e+002	9.953100e+001	1.057863e-004	9.824637e+001
3.049010e+002	9.964000e+001	1.057505e-004	9.824358e+001
3.049940e+002	9.973300e+001	1.056755e-004	9.824831e+001
3.051040e+002	9.984300e+001	1.056056e-004	9.824831e+001
3.052130e+002	9.995200e+001	1.055552e-004	9.825108e+001
3.053220e+002	1.000610e+002	1.054729e-004	9.826138e+001
3.054310e+002	1.001700e+002	1.054014e-004	9.827588e+001
3.055250e+002	1.002640e+002	1.053290e-004	9.827666e+001
3.056180e+002	1.003570e+002	1.052966e-004	9.827139e+001
3.057120e+002	1.004510e+002	1.052085e-004	9.827154e+001
3.058210e+002	1.005600e+002	1.051449e-004	9.827525e+001
3.059150e+002	1.006540e+002	1.050549e-004	9.828037e+001
3.060240e+002	1.007630e+002	1.050045e-004	9.828809e+001
3.061170e+002	1.008560e+002	1.049120e-004	9.829058e+001
3.062110e+002	1.009500e+002	1.048646e-004	9.830389e+001
3.063050e+002	1.010440e+002	1.048005e-004	9.830645e+001
3.063980e+002	1.011370e+002	1.047630e-004	9.830720e+001
3.065070e+002	1.012460e+002	1.046936e-004	9.832577e+001
3.066010e+002	1.013400e+002	1.046090e-004	9.832682e+001
3.066950e+002	1.014340e+002	1.046038e-004	9.833192e+001
3.067880e+002	1.015270e+002	1.045149e-004	9.834835e+001
3.068820e+002	1.016210e+002	1.044600e-004	9.834055e+001
3.069750e+002	1.017140e+002	1.044118e-004	9.834190e+001
3.070690e+002	1.018080e+002	1.043428e-004	9.835052e+001
3.071630e+002	1.019020e+002	1.042816e-004	9.836839e+001
3.072560e+002	1.019950e+002	1.042194e-004	9.837084e+001
3.073500e+002	1.020890e+002	1.041664e-004	9.838609e+001
3.074590e+002	1.021980e+002	1.041223e-004	9.837766e+001
3.075530e+002	1.022920e+002	1.040757e-004	9.838263e+001
3.076460e+002	1.023850e+002	1.040075e-004	9.838535e+001
3.077550e+002	1.024940e+002	1.039340e-004	9.838716e+001
3.078490e+002	1.025880e+002	1.038943e-004	9.840422e+001
3.079430e+002	1.026820e+002	1.038490e-004	9.839900e+001
3.080520e+002	1.027910e+002	1.037920e-004	9.842869e+001
3.081610e+002	1.029000e+002	1.037120e-004	9.842496e+001
3.082550e+002	1.029940e+002	1.036525e-004	9.842345e+001
3.083640e+002	1.031030e+002	1.036026e-004	9.844093e+001
3.084730e+002	1.032120e+002	1.035668e-004	9.844788e+001
3.085820e+002	1.033210e+002	1.034662e-004	9.845899e+001
3.086910e+002	1.034300e+002	1.034011e-004	9.847598e+001
3.087850e+002	1.035240e+002	1.033427e-004	9.849652e+001
3.088790e+002	1.036180e+002	1.032758e-004	9.847332e+001
3.089720e+002	1.037110e+002	1.032039e-004	9.850107e+001
3.090660e+002	1.038050e+002	1.031980e-004	9.851580e+001
3.091750e+002	1.039140e+002	1.031559e-004	9.851239e+001
3.092690e+002	1.040080e+002	1.030638e-004	9.853091e+001
3.093780e+002	1.041170e+002	1.030229e-004	9.854419e+001
3.094870e+002	1.042260e+002	1.029625e-004	9.855170e+001
3.095960e+002	1.043350e+002	1.028872e-004	9.855689e+001
3.096900e+002	1.044290e+002	1.028383e-004	9.858103e+001
3.097990e+002	1.045380e+002	1.028153e-004	9.857399e+001
3.098930e+002	1.046320e+002	1.027571e-004	9.858759e+001
3.100020e+002	1.047410e+002	1.026685e-004	9.860251e+001
3.100950e+002	1.048340e+002	1.026596e-004	9.859306e+001
3.101890e+002	1.049280e+002	1.026040e-004	9.861266e+001
3.102830e+002	1.050220e+002	1.025858e-004	9.862666e+001
3.103920e+002	1.051310e+002	1.025437e-004	9.861497e+001
3.105010e+002	1.052400e+002	1.025029e-004	9.863319e+001
3.106100e+002	1.053490e+002	1.024701e-004	9.865118e+001
3.107040e+002	1.054430e+002	1.024237e-004	9.865002e+001
3.108130e+002	1.055520e+002	1.023729e-004	9.865752e+001
3.109220e+002	1.056610e+002	1.023485e-004	9.868575e+001
3.110310e+002	1.057700e+002	1.022838e-004	9.868546e+001
3.111250e+002	1.058640e+002	1.022558e-004	9.869559e+001
3.112190e+002	1.059580e+002	1.022459e-004	9.869373e+001
3.113280e+002	1.060670e+002	1.021773e-004	9.870230e+001
3.114210e+002	1.061600e+002	1.020901e-004	9.872808e+001
3.115150e+002	1.062540e+002	1.020702e-004	9.873792e+001
3.116080e+002	1.063470e+002	1.020132e-004	9.873664e+001
3.117180e+002	1.064570e+002	1.019556e-004	9.876318e+001
3.118270e+002	1.065660e+002	1.018974e-004	9.875666e+001
3.119200e+002	1.066590e+002	1.018619e-004	9.878643e+001
3.120140e+002	1.067530e+002	1.018254e-004	9.877329e+001
3.121080e+002	1.068470e+002	1.017364e-004	9.879807e+001
3.122010e+002	1.069400e+002	1.017152e-004	9.880956e+001
3.123100e+002	1.070490e+002	1.016741e-004	9.882710e+001
3.124200e+002	1.071590e+002	1.015790e-004	9.882606e+001
3.125130e+002	1.072520e+002	1.015287e-004	9.886671e+001
3.126070e+002	1.073460e+002	1.014691e-004	9.886111e+001
3.127160e+002	1.074550e+002	1.014323e-004	9.889146e+001
3.128250e+002	1.075640e+002	1.013573e-004	9.888678e+001
3.129340e+002	1.076730e+002	1.013161e-004	9.892003e+001
3.130440e+002	1.077830e+002	1.012781e-004	9.892827e+001
3.131370e+002	1.078760e+002	1.012346e-004	9.893788e+001
3.132310e+002	1.079700e+002	1.011796e-004	9.894012e+001
3.133400e+002	1.080790e+002	1.011149e-004	9.896479e+001
3.134490e+002	1.081880e+002	1.010520e-004	9.899104e+001
3.135580e+002	1.082970e+002	1.009916e-004	9.899997e+001
3.136680e+002	1.084070e+002	1.009434e-004	9.900329e+001
3.137770e+002	1.085160e+002	1.008593e-004	9.902679e+001
3.138700e+002	1.086090e+002	1.008146e-004	9.903209e+001
3.139640e+002	1.087030e+002	1.007867e-004	9.905202e+001
3.140580e+002	1.087970e+002	1.007033e-004	9.904904e+001
3.141510e+002	1.088900e+002	1.006768e-004	9.906644e+001
3.142600e+002	1.089990e+002	1.006233e-004	9.908236e+001
3.143540e+002	1.090930e+002	1.005747e-004	9.910825e+001
3.144480e+002	1.091870e+002	1.005402e-004	9.912450e+001
3.145570e+002	1.092960e+002	1.004940e-004	9.913419e+001
3.146500e+002	1.093890e+002	1.004512e-004	9.915198e+001
3.147440e+002	1.094830e+002	1.004088e-004	9.916338e+001
3.148380e+002	1.095770e+002	1.003653e-004	9.918529e+001
3.149470e+002	1.096860e+002	1.003224e-004	9.919373e+001
3.150560e+002	1.097950e+002	1.002830e-004	9.921402e+001
3.151500e+002	1.098890e+002	1.002223e-004	9.923885e+001
3.152430e+002	1.099820e+002	1.001830e-004	9.924333e+001
3.153370e+002	1.100760e+002	1.001382e-004	9.925732e+001
3.154300e+002	1.101690e+002	1.000957e-004	9.927083e+001
3.155240e+002	1.102630e+002	1.000311e-004	9.928419e+001
3.156180e+002	1.103570e+002	1.000199e-004	9.930078e+001
3.157270e+002	1.104660e+002	9.996362e-005	9.931750e+001
3.158360e+002	1.105750e+002	9.993758e-005	9.933492e+001
3.159450e+002	1.106840e+002	9.987383e-005	9.933307e+001
3.160390e+002	1.107780e+002	9.982123e-005	9.937046e+001
3.161480e+002	1.108870e+002	9.978527e-005	9.938100e+001
3.162570e+002	1.109960e+002	9.971736e-005	9.941922e+001
3.163510e+002	1.110900e+002	9.968682e-005	9.942247e+001
3.164600e+002	1.111990e+002	9.966251e-005	9.943764e+001
3.165690e+002	1.113080e+002	9.961487e-005	9.944278e+001
3.166630e+002	1.114020e+002	9.956857e-005	9.946851e+001
3.167560e+002	1.114950e+002	9.952406e-005	9.946947e+001
3.168500e+002	1.115890e+002	9.948401e-005	9.949223e+001
3.169440e+002	1.116830e+002	9.947427e-005	9.952270e+001
3.170530e+002	1.117920e+002	9.941938e-005	9.951289e+001
3.171620e+002	1.119010e+002	9.939857e-005	9.953225e+001
3.172710e+002	1.120100e+002	9.932308e-005	9.954649e+001
3.173800e+002	1.121190e+002	9.927005e-005	9.956245e+001
3.174740e+002	1.122130e+002	9.926403e-005	9.958134e+001
3.175400e+002	1.122790e+002	9.920098e-005	9.959276e+001
3.176360e+002	1.123750e+002	9.917909e-005	9.961417e+001
3.177280e+002	1.124670e+002	9.913735e-005	9.963707e+001
3.178220e+002	1.125610e+002	9.909275e-005	9.964178e+001
3.179150e+002	1.126540e+002	9.908433e-005	9.965281e+001
3.180090e+002	1.127480e+002	9.900835e-005	9.967351e+001
3.181030e+002	1.128420e+002	9.897785e-005	9.967107e+001
3.181960e+002	1.129350e+002	9.897380e-005	9.970290e+001
3.182910e+002	1.130300e+002	9.889840e-005	9.971839e+001
3.183860e+002	1.131250e+002	9.890416e-005	9.973663e+001
3.184810e+002	1.132200e+002	9.885544e-005	9.975066e+001
3.185760e+002	1.133150e+002	9.882851e-005	9.975803e+001
3.187220e+002	1.134610e+002	9.876591e-005	9.977345e+001
3.188320e+002	1.135710e+002	9.875270e-005	9.979755e+001
3.189410e+002	1.136800e+002	9.868261e-005	9.981859e+001
3.190340e+002	1.137730e+002	9.865428e-005	9.982542e+001
3.191000e+002	1.138390e+002	9.861356e-005	9.984824e+001
3.191950e+002	1.139340e+002	9.859491e-005	9.986350e+001
3.192910e+002	1.140300e+002	9.853525e-005	9.987272e+001
3.193860e+002	1.141250e+002	9.851626e-005	9.987708e+001
3.194790e+002	1.142180e+002	9.847333e-005	9.990788e+001
3.195730e+002	1.143120e+002	9.842459e-005	9.991996e+001
3.196670e+002	1.144060e+002	9.842704e-005	9.993682e+001
3.197620e+002	1.145010e+002	9.837979e-005	9.994888e+001
3.198580e+002	1.145970e+002	9.831679e-005	9.997646e+001
3.199540e+002	1.146930e+002	9.830353e-005	9.998042e+001
3.200470e+002	1.147860e+002	9.825693e-005	1.000136e+002
3.201410e+002	1.148800e+002	9.821391e-005	1.000213e+002
3.202330e+002	1.149720e+002	9.820576e-005	1.000443e+002
3.203300e+002	1.150690e+002	9.815681e-005	1.000527e+002
3.204240e+002	1.151630e+002	9.813576e-005	1.000722e+002
3.205280e+002	1.152670e+002	9.810194e-005	1.000924e+002
3.206250e+002	1.153640e+002	9.804685e-005	1.001023e+002
3.207190e+002	1.154580e+002	9.801913e-005	1.001234e+002
3.208110e+002	1.155500e+002	9.799539e-005	1.001379e+002
3.209060e+002	1.156450e+002	9.800299e-005	1.001513e+002
3.209990e+002	1.157380e+002	9.796341e-005	1.001551e+002
3.210950e+002	1.158340e+002	9.792705e-005	1.001687e+002
3.211880e+002	1.159270e+002	9.792289e-005	1.002099e+002
3.212830e+002	1.160220e+002	9.788365e-005	1.002154e+002
3.213760e+002	1.161150e+002	9.786851e-005	1.002274e+002
3.214690e+002	1.162080e+002	9.785759e-005	1.002351e+002
3.215620e+002	1.163010e+002	9.784253e-005	1.002456e+002
3.216540e+002	1.163930e+002	9.781272e-005	1.002460e+002
3.217490e+002	1.164880e+002	9.779105e-005	1.002795e+002
3.218430e+002	1.165820e+002	9.777711e-005	1.002772e+002
3.219370e+002	1.166760e+002	9.776081e-005	1.002956e+002
3.220680e+002	1.168070e+002	9.773795e-005	1.003068e+002
3.221620e+002	1.169010e+002	9.770817e-005	1.003186e+002
3.222550e+002	1.169940e+002	9.769346e-005	1.003219e+002
3.223490e+002	1.170880e+002	9.767286e-005	1.003409e+002
3.224150e+002	1.171540e+002	9.762031e-005	1.003493e+002
