Fext	FextSD	Fgen	R	RSD	Theta	ThetaSD	X	XSD	Y	YSD	Time	Interval	Round
3.20705031250000000000e+005	0.00000000000000000000e+000	3.20700000000000000000e+005	1.12083856950000006008e-004	0.00000000000000000000e+000	1.13350128170000004957e+002	0.00000000000000000000e+000	-4.44243100825406788843e-005	0.00000000000000000000e+000	1.02904186807332287531e-004	0.00000000000000000000e+000	6.32000093464739620686e-001	1	1
3.20707031250000000000e+005	0.00000000000000000000e+000	3.20702000000000000000e+005	1.12280111349999996585e-004	0.00000000000000000000e+000	1.13347396849999995538e+002	0.00000000000000000000e+000	-4.44971811556565878965e-005	0.00000000000000000000e+000	1.03086489289184156121e-004	0.00000000000000000000e+000	8.13000093447044491768e-001	1	1
3.20709125000000000000e+005	0.00000000000000000000e+000	3.20704000000000000000e+005	1.12323883509999998412e-004	0.00000000000000000000e+000	1.13343750000000000000e+002	0.00000000000000000000e+000	-4.45079642304483334963e-005	0.00000000000000000000e+000	1.03129510455684701101e-004	0.00000000000000000000e+000	9.94000093429349362850e-001	1	1
3.20711437500000000000e+005	0.00000000000000000000e+000	3.20706000000000000000e+005	1.12365582030000000623e-004	0.00000000000000000000e+000	1.13337577820000007023e+002	0.00000000000000000000e+000	-4.45133731351345514034e-005	0.00000000000000000000e+000	1.03172591501197354470e-004	0.00000000000000000000e+000	1.16900009347591549158e+000	1	1
3.20712156250000000000e+005	0.00000000000000000000e+000	3.20708000000000000000e+005	1.12388668639999998256e-004	0.00000000000000000000e+000	1.13335014340000000743e+002	0.00000000000000000000e+000	-4.45179017889001939993e-005	0.00000000000000000000e+000	1.03195781207303019901e-004	0.00000000000000000000e+000	1.34800009347964078188e+000	1	1
3.20715531250000000000e+005	0.00000000000000000000e+000	3.20710000000000000000e+005	1.12428169810000006738e-004	0.00000000000000000000e+000	1.13332328799999999092e+002	0.00000000000000000000e+000	-4.45287097744903866765e-005	0.00000000000000000000e+000	1.03234138600781684414e-004	0.00000000000000000000e+000	1.52500009350478649139e+000	1	1
3.20717343750000000000e+005	0.00000000000000000000e+000	3.20712000000000000000e+005	1.12486057329999993557e-004	0.00000000000000000000e+000	1.13322319030000002726e+002	0.00000000000000000000e+000	-4.45335915910145609966e-005	0.00000000000000000000e+000	1.03295074004778968634e-004	0.00000000000000000000e+000	1.70500009343959391117e+000	1	1
3.20719531250000000000e+005	0.00000000000000000000e+000	3.20714000000000000000e+005	1.12537294630000000149e-004	0.00000000000000000000e+000	1.13310928340000003800e+002	0.00000000000000000000e+000	-4.45333307870380488676e-005	0.00000000000000000000e+000	1.03350980312968854127e-004	0.00000000000000000000e+000	1.88200009346473962069e+000	1	1
3.20720625000000000000e+005	0.00000000000000000000e+000	3.20716000000000000000e+005	1.12565736340000004719e-004	0.00000000000000000000e+000	1.13309738159999994878e+002	0.00000000000000000000e+000	-4.45424383422949514508e-005	0.00000000000000000000e+000	1.03378025635476555291e-004	0.00000000000000000000e+000	2.06000009342096745968e+000	1	1
3.20723718750000000000e+005	0.00000000000000000000e+000	3.20718000000000000000e+005	1.12635934779999996288e-004	0.00000000000000000000e+000	1.13309783940000002644e+002	0.00000000000000000000e+000	-4.45702986268060313423e-005	0.00000000000000000000e+000	1.03442458807211966148e-004	0.00000000000000000000e+000	2.23900009342469274998e+000	1	1
3.20725500000000000000e+005	0.00000000000000000000e+000	3.20720000000000000000e+005	1.12649402580000001410e-004	0.00000000000000000000e+000	1.13300186159999995539e+002	0.00000000000000000000e+000	-4.45582972270257906015e-005	0.00000000000000000000e+000	1.03462292889046965794e-004	0.00000000000000000000e+000	2.41800009342841804028e+000	1	1
3.20727031250000000000e+005	0.00000000000000000000e+000	3.20722000000000000000e+005	1.12703899500000005555e-004	0.00000000000000000000e+000	1.13298797609999994052e+002	0.00000000000000000000e+000	-4.45773447887128429490e-005	0.00000000000000000000e+000	1.03513425670752088150e-004	0.00000000000000000000e+000	2.59600009350106120110e+000	1	1
3.20728718750000000000e+005	0.00000000000000000000e+000	3.20724000000000000000e+005	1.12769652329999998421e-004	0.00000000000000000000e+000	1.13289703369999998017e+002	0.00000000000000000000e+000	-4.45869114989037087235e-005	0.00000000000000000000e+000	1.03580895002978245014e-004	0.00000000000000000000e+000	2.77600009343586862087e+000	1	1
3.20730187500000000000e+005	0.00000000000000000000e+000	3.20726000000000000000e+005	1.12821864600000002594e-004	0.00000000000000000000e+000	1.13285240169999994464e+002	0.00000000000000000000e+000	-4.45994826402744778309e-005	0.00000000000000000000e+000	1.03632327388902107344e-004	0.00000000000000000000e+000	2.95400009350851178169e+000	1	1
3.20732375000000000000e+005	0.00000000000000000000e+000	3.20728000000000000000e+005	1.12870613520000003080e-004	0.00000000000000000000e+000	1.13275848389999993060e+002	0.00000000000000000000e+000	-4.46017584309229658509e-005	0.00000000000000000000e+000	1.03684418025327208844e-004	0.00000000000000000000e+000	3.13200009346473962069e+000	1	1
3.20734593750000000000e+005	0.00000000000000000000e+000	3.20730000000000000000e+005	1.12918918599999999514e-004	0.00000000000000000000e+000	1.13262832639999999174e+002	0.00000000000000000000e+000	-4.45972816027037004347e-005	0.00000000000000000000e+000	1.03738925439984060097e-004	0.00000000000000000000e+000	3.30900009348988533020e+000	1	1
3.20737437500000000000e+005	0.00000000000000000000e+000	3.20732000000000000000e+005	1.12967776660000002458e-004	0.00000000000000000000e+000	1.13255279540000003635e+002	0.00000000000000000000e+000	-4.46028962336360900788e-005	0.00000000000000000000e+000	1.03789692219772637064e-004	0.00000000000000000000e+000	3.48500009346753358841e+000	1	1
3.20739375000000000000e+005	0.00000000000000000000e+000	3.20734000000000000000e+005	1.13029927890000001954e-004	0.00000000000000000000e+000	1.13256240840000003800e+002	0.00000000000000000000e+000	-4.46291776293159284886e-005	0.00000000000000000000e+000	1.03846045196480965501e-004	0.00000000000000000000e+000	3.66300009342376142740e+000	1	1
3.20741593750000000000e+005	0.00000000000000000000e+000	3.20736000000000000000e+005	1.13081638119999993396e-004	0.00000000000000000000e+000	1.13241096499999997604e+002	0.00000000000000000000e+000	-4.46221325410202468930e-005	0.00000000000000000000e+000	1.03905351967038998644e-004	0.00000000000000000000e+000	3.84600009350106120110e+000	1	1
3.20743031250000000000e+005	0.00000000000000000000e+000	3.20738000000000000000e+005	1.13141904879999997415e-004	0.00000000000000000000e+000	1.13238754270000001156e+002	0.00000000000000000000e+000	-4.46416639546269299076e-005	0.00000000000000000000e+000	1.03962553254703828206e-004	0.00000000000000000000e+000	4.02100009343121200800e+000	1	1
3.20744781250000000000e+005	0.00000000000000000000e+000	3.20740000000000000000e+005	1.13210604469999996007e-004	0.00000000000000000000e+000	1.13229827880000001983e+002	0.00000000000000000000e+000	-4.46525630924665944271e-005	0.00000000000000000000e+000	1.04032637060376750978e-004	0.00000000000000000000e+000	4.20000009343493729830e+000	1	1
3.20746562500000000000e+005	0.00000000000000000000e+000	3.20742000000000000000e+005	1.13259164210000002693e-004	0.00000000000000000000e+000	1.13226989750000001322e+002	0.00000000000000000000e+000	-4.46665605488308519225e-005	0.00000000000000000000e+000	1.04079472742156853358e-004	0.00000000000000000000e+000	4.36900009342934936285e+000	1	1
3.20748812500000000000e+005	0.00000000000000000000e+000	3.20744000000000000000e+005	1.13295835040000002127e-004	0.00000000000000000000e+000	1.13224174500000003718e+002	0.00000000000000000000e+000	-4.46759069059098279852e-005	0.00000000000000000000e+000	1.04115366683047181956e-004	0.00000000000000000000e+000	4.54400009347591549158e+000	1	1
3.20751093750000000000e+005	0.00000000000000000000e+000	3.20746000000000000000e+005	1.13383852290000004186e-004	0.00000000000000000000e+000	1.13208862300000006940e+002	0.00000000000000000000e+000	-4.46827668496342858963e-005	0.00000000000000000000e+000	1.04208196927025673463e-004	0.00000000000000000000e+000	4.71800009347498416901e+000	1	1
3.20753125000000000000e+005	0.00000000000000000000e+000	3.20748000000000000000e+005	1.13458838310000000612e-004	0.00000000000000000000e+000	1.13200546259999995868e+002	0.00000000000000000000e+000	-4.46971821548263948298e-005	0.00000000000000000000e+000	1.04283603208140993155e-004	0.00000000000000000000e+000	4.89300009340513497591e+000	1	1
3.20755875000000000000e+005	0.00000000000000000000e+000	3.20750000000000000000e+005	1.13504043840000006069e-004	0.00000000000000000000e+000	1.13185112000000003718e+002	0.00000000000000000000e+000	-4.46868863114600005761e-005	0.00000000000000000000e+000	1.04337194517675676273e-004	0.00000000000000000000e+000	5.06700009340420365334e+000	1	1
3.20757750000000000000e+005	0.00000000000000000000e+000	3.20752000000000000000e+005	1.13570182290000001434e-004	0.00000000000000000000e+000	1.13179672240000002148e+002	0.00000000000000000000e+000	-4.47030132933457828256e-005	0.00000000000000000000e+000	1.04402236124897149195e-004	0.00000000000000000000e+000	5.25100009341258555651e+000	1	1
3.20759718750000000000e+005	0.00000000000000000000e+000	3.20754000000000000000e+005	1.13641501230000001592e-004	0.00000000000000000000e+000	1.13167938230000004296e+002	0.00000000000000000000e+000	-4.47096899113973747205e-005	0.00000000000000000000e+000	1.04476956453730906961e-004	0.00000000000000000000e+000	5.43000009341631084681e+000	1	1
3.20761500000000000000e+005	0.00000000000000000000e+000	3.20756000000000000000e+005	1.13719848739999993470e-004	0.00000000000000000000e+000	1.13156837460000005535e+002	0.00000000000000000000e+000	-4.47202572941271579796e-005	0.00000000000000000000e+000	1.04557651967685007470e-004	0.00000000000000000000e+000	5.61000009346753358841e+000	1	1
3.20762500000000000000e+005	0.00000000000000000000e+000	3.20758000000000000000e+005	1.13769950990000006242e-004	0.00000000000000000000e+000	1.13145996089999997025e+002	0.00000000000000000000e+000	-4.47201663066243068883e-005	0.00000000000000000000e+000	1.04612181287720343694e-004	0.00000000000000000000e+000	5.78500009351409971714e+000	1	1
3.20765906250000000000e+005	0.00000000000000000000e+000	3.20760000000000000000e+005	1.13835674709999998331e-004	0.00000000000000000000e+000	1.13138763429999997356e+002	0.00000000000000000000e+000	-4.47327871117002650691e-005	0.00000000000000000000e+000	1.04678262279712288164e-004	0.00000000000000000000e+000	5.96000009344425052404e+000	1	1
3.20767281250000000000e+005	0.00000000000000000000e+000	3.20762000000000000000e+005	1.13902133309999996510e-004	0.00000000000000000000e+000	1.13120773319999997852e+002	0.00000000000000000000e+000	-4.47260136658186581394e-005	0.00000000000000000000e+000	1.04753423209621228818e-004	0.00000000000000000000e+000	6.14000009349547326565e+000	1	1
3.20768593750000000000e+005	0.00000000000000000000e+000	3.20764000000000000000e+005	1.14003887569999999172e-004	0.00000000000000000000e+000	1.13114517210000002478e+002	0.00000000000000000000e+000	-4.47545210858752467629e-005	0.00000000000000000000e+000	1.04851891844864441444e-004	0.00000000000000000000e+000	6.31500009342562407255e+000	1	1
3.20770531250000000000e+005	0.00000000000000000000e+000	3.20766000000000000000e+005	1.14056914749999997565e-004	0.00000000000000000000e+000	1.13098358149999995703e+002	0.00000000000000000000e+000	-4.47457511850917358871e-005	0.00000000000000000000e+000	1.04913285875386761456e-004	0.00000000000000000000e+000	6.49000009347219020128e+000	1	1
3.20773562500000000000e+005	0.00000000000000000000e+000	3.20768000000000000000e+005	1.14143207610000000382e-004	0.00000000000000000000e+000	1.13099121089999997025e+002	0.00000000000000000000e+000	-4.47810028586178397324e-005	0.00000000000000000000e+000	1.04992064588120293531e-004	0.00000000000000000000e+000	6.66700009349733591080e+000	1	1
3.20775218750000000000e+005	0.00000000000000000000e+000	3.20770000000000000000e+005	1.14237154779999998551e-004	0.00000000000000000000e+000	1.13078559880000000248e+002	0.00000000000000000000e+000	-4.47801490588605998204e-005	0.00000000000000000000e+000	1.05094556388501413654e-004	0.00000000000000000000e+000	6.84300009347498416901e+000	1	1
3.20776781250000000000e+005	0.00000000000000000000e+000	3.20772000000000000000e+005	1.14307316839999998336e-004	0.00000000000000000000e+000	1.13064872739999998430e+002	0.00000000000000000000e+000	-4.47825298060145699842e-005	0.00000000000000000000e+000	1.05169804161335037865e-004	0.00000000000000000000e+000	7.02100009343121200800e+000	1	1
3.20779093750000000000e+005	0.00000000000000000000e+000	3.20774000000000000000e+005	1.14364025650000005331e-004	0.00000000000000000000e+000	1.13042449950000005288e+002	0.00000000000000000000e+000	-4.47635645809925982602e-005	0.00000000000000000000e+000	1.05239506122354855222e-004	0.00000000000000000000e+000	7.19800009345635771751e+000	1	1
3.20781125000000000000e+005	0.00000000000000000000e+000	3.20776000000000000000e+005	1.14459508039999998600e-004	0.00000000000000000000e+000	1.13034423829999994382e+002	0.00000000000000000000e+000	-4.47861826970515463221e-005	0.00000000000000000000e+000	1.05333645243033078849e-004	0.00000000000000000000e+000	7.37600009341258555651e+000	1	1
3.20782968750000000000e+005	0.00000000000000000000e+000	3.20778000000000000000e+005	1.14559501529999996686e-004	0.00000000000000000000e+000	1.13025337219999997274e+002	0.00000000000000000000e+000	-4.48085884044216849415e-005	0.00000000000000000000e+000	1.05432773822968338796e-004	0.00000000000000000000e+000	7.55300009343773126602e+000	1	1
3.20785187500000000000e+005	0.00000000000000000000e+000	3.20780000000000000000e+005	1.14653703350000001895e-004	0.00000000000000000000e+000	1.13001121519999998100e+002	0.00000000000000000000e+000	-4.48008331851610532947e-005	0.00000000000000000000e+000	1.05538414986132769724e-004	0.00000000000000000000e+000	7.73000009346287697554e+000	1	1
3.20787093750000000000e+005	0.00000000000000000000e+000	3.20782000000000000000e+005	1.14747788760000000085e-004	0.00000000000000000000e+000	1.12980628969999997935e+002	0.00000000000000000000e+000	-4.47998160038616720043e-005	0.00000000000000000000e+000	1.05641050313454019265e-004	0.00000000000000000000e+000	7.91000009351409971714e+000	1	1
3.20788500000000000000e+005	0.00000000000000000000e+000	3.20784000000000000000e+005	1.14818853040000003543e-004	0.00000000000000000000e+000	1.12966278079999995043e+002	0.00000000000000000000e+000	-4.48010831745034786245e-005	0.00000000000000000000e+000	1.05717699368707129652e-004	0.00000000000000000000e+000	8.08600009349174797535e+000	1	1
3.20791750000000000000e+005	0.00000000000000000000e+000	3.20786000000000000000e+005	1.14929054690000002773e-004	0.00000000000000000000e+000	1.12945404049999993390e+002	0.00000000000000000000e+000	-4.48055276032123555490e-005	0.00000000000000000000e+000	1.05835496446772463577e-004	0.00000000000000000000e+000	8.26100009342189878225e+000	1	1
3.20793375000000000000e+005	0.00000000000000000000e+000	3.20788000000000000000e+005	1.15027352879999995969e-004	0.00000000000000000000e+000	1.12932952880000001983e+002	0.00000000000000000000e+000	-4.48208292697153300589e-005	0.00000000000000000000e+000	1.05935759657233190072e-004	0.00000000000000000000e+000	8.43900009349454194307e+000	1	1
3.20795468750000000000e+005	0.00000000000000000000e+000	3.20790000000000000000e+005	1.15136790550000005099e-004	0.00000000000000000000e+000	1.12913681030000006444e+002	0.00000000000000000000e+000	-4.48278033620364501320e-005	0.00000000000000000000e+000	1.06051631688952168473e-004	0.00000000000000000000e+000	8.61400009342469274998e+000	1	1
3.20797937500000000000e+005	0.00000000000000000000e+000	3.20792000000000000000e+005	1.15225542690000002906e-004	0.00000000000000000000e+000	1.12895034789999996860e+002	0.00000000000000000000e+000	-4.48278162240558356098e-005	0.00000000000000000000e+000	1.06147974925512782272e-004	0.00000000000000000000e+000	8.79100009344983845949e+000	1	1
3.20798781250000000000e+005	0.00000000000000000000e+000	3.20794000000000000000e+005	1.15346083480000001953e-004	0.00000000000000000000e+000	1.12879737849999997934e+002	0.00000000000000000000e+000	-4.48463410651546993046e-005	0.00000000000000000000e+000	1.06270996359509814228e-004	0.00000000000000000000e+000	8.97000009345356374979e+000	1	1
3.20800906250000000000e+005	0.00000000000000000000e+000	3.20796000000000000000e+005	1.15431503219999998661e-004	0.00000000000000000000e+000	1.12851753229999999917e+002	0.00000000000000000000e+000	-4.48276030316843371120e-005	0.00000000000000000000e+000	1.06371603081191717748e-004	0.00000000000000000000e+000	9.14400009345263242722e+000	1	1
3.20804312500000000000e+005	0.00000000000000000000e+000	3.20798000000000000000e+005	1.15558708789999993482e-004	0.00000000000000000000e+000	1.12824157709999994381e+002	0.00000000000000000000e+000	-4.48257093704828443671e-005	0.00000000000000000000e+000	1.06510426516116392631e-004	0.00000000000000000000e+000	9.32000009343028068542e+000	1	1
3.20804343750000000000e+005	0.00000000000000000000e+000	3.20800000000000000000e+005	1.15663569889999998108e-004	0.00000000000000000000e+000	1.12804870609999994713e+002	0.00000000000000000000e+000	-4.48304964551433620247e-005	0.00000000000000000000e+000	1.06622173994363347404e-004	0.00000000000000000000e+000	9.49500009347684681416e+000	1	1
3.20807375000000000000e+005	0.00000000000000000000e+000	3.20802000000000000000e+005	1.15783419460000004176e-004	0.00000000000000000000e+000	1.12781333919999994464e+002	0.00000000000000000000e+000	-4.48331006359675794041e-005	0.00000000000000000000e+000	1.06751081068134906623e-004	0.00000000000000000000e+000	9.67100009345449507236e+000	1	1
3.20809750000000000000e+005	0.00000000000000000000e+000	3.20804000000000000000e+005	1.15903319970000004023e-004	0.00000000000000000000e+000	1.12754318240000003470e+002	0.00000000000000000000e+000	-4.48291363500731801397e-005	0.00000000000000000000e+000	1.06882777444145557564e-004	0.00000000000000000000e+000	9.84900009341072291136e+000	1	1
3.20812125000000000000e+005	0.00000000000000000000e+000	3.20806000000000000000e+005	1.16031682409999996005e-004	0.00000000000000000000e+000	1.12720413210000003801e+002	0.00000000000000000000e+000	-4.48154581755536734512e-005	0.00000000000000000000e+000	1.07027688153161099635e-004	0.00000000000000000000e+000	1.00230000934097915888e+001	1	1
3.20812531250000000000e+005	0.00000000000000000000e+000	3.20808000000000000000e+005	1.16166454970000000615e-004	0.00000000000000000000e+000	1.12703109740000002148e+002	0.00000000000000000000e+000	-4.48351497901630207657e-005	0.00000000000000000000e+000	1.07165547652175434531e-004	0.00000000000000000000e+000	1.01970000934088602662e+001	1	1
3.20814968750000000000e+005	0.00000000000000000000e+000	3.20810000000000000000e+005	1.16301183879999995327e-004	0.00000000000000000000e+000	1.12671531680000001074e+002	0.00000000000000000000e+000	-4.48280105780169560253e-005	0.00000000000000000000e+000	1.07314560240010168344e-004	0.00000000000000000000e+000	1.03740000934340059757e+001	1	1
3.20817375000000000000e+005	0.00000000000000000000e+000	3.20812000000000000000e+005	1.16448012699999994433e-004	0.00000000000000000000e+000	1.12619178770000004874e+002	0.00000000000000000000e+000	-4.47864062720100943125e-005	0.00000000000000000000e+000	1.07491011135898319856e-004	0.00000000000000000000e+000	1.05520000935066491365e+001	1	1
3.20819437500000000000e+005	0.00000000000000000000e+000	3.20814000000000000000e+005	1.16573362900000004894e-004	0.00000000000000000000e+000	1.12597137450000005288e+002	0.00000000000000000000e+000	-4.47932175650606696684e-005	0.00000000000000000000e+000	1.07623959219052328304e-004	0.00000000000000000000e+000	1.07290000934153795242e+001	1	1
3.20820906250000000000e+005	0.00000000000000000000e+000	3.20816000000000000000e+005	1.16709961729999996301e-004	0.00000000000000000000e+000	1.12565528869999994299e+002	0.00000000000000000000e+000	-4.47862558409375816353e-005	0.00000000000000000000e+000	1.07774795081077041513e-004	0.00000000000000000000e+000	1.09040000934619456530e+001	1	1
3.20823281250000000000e+005	0.00000000000000000000e+000	3.20818000000000000000e+005	1.16876042739999999186e-004	0.00000000000000000000e+000	1.12526306149999996364e+002	0.00000000000000000000e+000	-4.47760933233345469000e-005	0.00000000000000000000e+000	1.07958838606490861657e-004	0.00000000000000000000e+000	1.10780000934610143304e+001	1	1
3.20824968750000000000e+005	0.00000000000000000000e+000	3.20820000000000000000e+005	1.17041287010000001297e-004	0.00000000000000000000e+000	1.12487487790000002974e+002	0.00000000000000000000e+000	-4.47661429548549082819e-005	0.00000000000000000000e+000	1.08141829603085088025e-004	0.00000000000000000000e+000	1.12530000935075804591e+001	1	1
3.20827437500000000000e+005	0.00000000000000000000e+000	3.20822000000000000000e+005	1.17187133579999995048e-004	0.00000000000000000000e+000	1.12440864559999994299e+002	0.00000000000000000000e+000	-4.47338039767882338364e-005	0.00000000000000000000e+000	1.08313023494236590157e-004	0.00000000000000000000e+000	1.14290000934852287173e+001	1	1
3.20829781250000000000e+005	0.00000000000000000000e+000	3.20824000000000000000e+005	1.17357507409999997834e-004	0.00000000000000000000e+000	1.12403190609999995786e+002	0.00000000000000000000e+000	-4.47275079521231941500e-005	0.00000000000000000000e+000	1.08499928930303737515e-004	0.00000000000000000000e+000	1.16030000934842973948e+001	1	1
3.20830750000000000000e+005	0.00000000000000000000e+000	3.20826000000000000000e+005	1.17531380969999996091e-004	0.00000000000000000000e+000	1.12362876889999995456e+002	0.00000000000000000000e+000	-4.47173094505184246026e-005	0.00000000000000000000e+000	1.08692169672989114460e-004	0.00000000000000000000e+000	1.17770000934833660722e+001	1	1
3.20833218750000000000e+005	0.00000000000000000000e+000	3.20828000000000000000e+005	1.17694820800000004408e-004	0.00000000000000000000e+000	1.12319656370000004131e+002	0.00000000000000000000e+000	-4.46973759635266572961e-005	0.00000000000000000000e+000	1.08877065652593992169e-004	0.00000000000000000000e+000	1.19540000935085117817e+001	1	1
3.20834937500000000000e+005	0.00000000000000000000e+000	3.20830000000000000000e+005	1.17901770859999999739e-004	0.00000000000000000000e+000	1.12261886599999996861e+002	0.00000000000000000000e+000	-4.46659765747259662294e-005	0.00000000000000000000e+000	1.09113601849402695808e-004	0.00000000000000000000e+000	1.21320000934647396207e+001	1	1
3.20837093750000000000e+005	0.00000000000000000000e+000	3.20832000000000000000e+005	1.18099422250000002160e-004	0.00000000000000000000e+000	1.12210945129999998926e+002	0.00000000000000000000e+000	-4.46436621343761970448e-005	0.00000000000000000000e+000	1.09336256415772076862e-004	0.00000000000000000000e+000	1.23080000934423878789e+001	1	1
3.20838718750000000000e+005	0.00000000000000000000e+000	3.20834000000000000000e+005	1.18277501310000001202e-004	0.00000000000000000000e+000	1.12155113220000004048e+002	0.00000000000000000000e+000	-4.46042545071606688482e-005	0.00000000000000000000e+000	1.09544638371750040207e-004	0.00000000000000000000e+000	1.24850000934675335884e+001	1	1
3.20841906250000000000e+005	0.00000000000000000000e+000	3.20836000000000000000e+005	1.18466639830000004157e-004	0.00000000000000000000e+000	1.12087516780000001404e+002	0.00000000000000000000e+000	-4.45461051878718913952e-005	0.00000000000000000000e+000	1.09772443104824796666e-004	0.00000000000000000000e+000	1.26610000934451818466e+001	1	1
3.20842750000000000000e+005	0.00000000000000000000e+000	3.20838000000000000000e+005	1.18686264610000003395e-004	0.00000000000000000000e+000	1.12016098020000001156e+002	0.00000000000000000000e+000	-4.44915701848631694017e-005	0.00000000000000000000e+000	1.10031493625962998738e-004	0.00000000000000000000e+000	1.28360000934917479753e+001	1	1
3.20845218750000000000e+005	0.00000000000000000000e+000	3.20840000000000000000e+005	1.18901130919999998550e-004	0.00000000000000000000e+000	1.11951477049999994051e+002	0.00000000000000000000e+000	-4.44477646234835439940e-005	0.00000000000000000000e+000	1.10280892062180845806e-004	0.00000000000000000000e+000	1.30100000934908166528e+001	1	1
3.20847250000000000000e+005	0.00000000000000000000e+000	3.20842000000000000000e+005	1.19122902109999997738e-004	0.00000000000000000000e+000	1.11884193420000002561e+002	0.00000000000000000000e+000	-4.44008900222228204669e-005	0.00000000000000000000e+000	1.10538802111942192083e-004	0.00000000000000000000e+000	1.31860000934684649110e+001	1	1
3.20849031250000000000e+005	0.00000000000000000000e+000	3.20844000000000000000e+005	1.19357217050000005373e-004	0.00000000000000000000e+000	1.11803611759999995456e+002	0.00000000000000000000e+000	-4.43324134417551646596e-005	0.00000000000000000000e+000	1.10818691475536289259e-004	0.00000000000000000000e+000	1.33620000934461131692e+001	1	1
3.20851125000000000000e+005	0.00000000000000000000e+000	3.20846000000000000000e+005	1.19588868979999998331e-004	0.00000000000000000000e+000	1.11716506960000003801e+002	0.00000000000000000000e+000	-4.42496029881131111572e-005	0.00000000000000000000e+000	1.11101171097833064435e-004	0.00000000000000000000e+000	1.35390000934712588787e+001	1	1
3.20853531250000000000e+005	0.00000000000000000000e+000	3.20848000000000000000e+005	1.19839307440000001227e-004	0.00000000000000000000e+000	1.11619987489999999752e+002	0.00000000000000000000e+000	-4.41546549627325183207e-005	0.00000000000000000000e+000	1.11408375146668762882e-004	0.00000000000000000000e+000	1.37190000934060662985e+001	1	1
3.20855125000000000000e+005	0.00000000000000000000e+000	3.20850000000000000000e+005	1.20120595970000002776e-004	0.00000000000000000000e+000	1.11531173710000004462e+002	0.00000000000000000000e+000	-4.40851436210824431002e-005	0.00000000000000000000e+000	1.11738344752804151234e-004	0.00000000000000000000e+000	1.38940000934526324272e+001	1	1
3.20856750000000000000e+005	0.00000000000000000000e+000	3.20852000000000000000e+005	1.20382021119999995697e-004	0.00000000000000000000e+000	1.11431556700000001570e+002	0.00000000000000000000e+000	-4.39863257996316462718e-005	0.00000000000000000000e+000	1.12058173069101845733e-004	0.00000000000000000000e+000	1.40710000934777781367e+001	1	1
3.20859750000000000000e+005	0.00000000000000000000e+000	3.20854000000000000000e+005	1.20664830319999993565e-004	0.00000000000000000000e+000	1.11308670039999995538e+002	0.00000000000000000000e+000	-4.38486556970996819061e-005	0.00000000000000000000e+000	1.12415731415632378959e-004	0.00000000000000000000e+000	1.42460000934079289436e+001	1	1
3.20862125000000000000e+005	0.00000000000000000000e+000	3.20856000000000000000e+005	1.20941280329999996477e-004	0.00000000000000000000e+000	1.11181396480000003635e+002	0.00000000000000000000e+000	-4.36987212785164741468e-005	0.00000000000000000000e+000	1.12770630247782937140e-004	0.00000000000000000000e+000	1.44200000934069976211e+001	1	1
3.20863156250000000000e+005	0.00000000000000000000e+000	3.20858000000000000000e+005	1.21274213599999996908e-004	0.00000000000000000000e+000	1.11059921259999995868e+002	0.00000000000000000000e+000	-4.35791710378606161067e-005	0.00000000000000000000e+000	1.13173719281250604284e-004	0.00000000000000000000e+000	1.45940000934060662985e+001	1	1
3.20865437500000000000e+005	0.00000000000000000000e+000	3.20860000000000000000e+005	1.21569093610000001607e-004	0.00000000000000000000e+000	1.10910568240000003470e+002	0.00000000000000000000e+000	-4.33892588707930209084e-005	0.00000000000000000000e+000	1.13562391379365786774e-004	0.00000000000000000000e+000	1.47690000934526324272e+001	1	1
3.20866593750000000000e+005	0.00000000000000000000e+000	3.20862000000000000000e+005	1.21903074609999996741e-004	0.00000000000000000000e+000	1.10757904049999993390e+002	0.00000000000000000000e+000	-4.32048885907954154052e-005	0.00000000000000000000e+000	1.13989899557935311773e-004	0.00000000000000000000e+000	1.49460000934777781367e+001	1	1
3.20869531250000000000e+005	0.00000000000000000000e+000	3.20864000000000000000e+005	1.22221172209999997746e-004	0.00000000000000000000e+000	1.10580802919999996448e+002	0.00000000000000000000e+000	-4.29641604338823560874e-005	0.00000000000000000000e+000	1.14420696793010720146e-004	0.00000000000000000000e+000	1.51220000934554263949e+001	1	1
3.20871187500000000000e+005	0.00000000000000000000e+000	3.20866000000000000000e+005	1.22574245319999986870e-004	0.00000000000000000000e+000	1.10395301820000000248e+002	0.00000000000000000000e+000	-4.27165311647489329963e-005	0.00000000000000000000e+000	1.14890137004960415576e-004	0.00000000000000000000e+000	1.53000000934116542339e+001	1	1
3.20872781250000000000e+005	0.00000000000000000000e+000	3.20868000000000000000e+005	1.22929675849999989852e-004	0.00000000000000000000e+000	1.10185905460000000744e+002	0.00000000000000000000e+000	-4.24190103657913228992e-005	0.00000000000000000000e+000	1.15379082871086126945e-004	0.00000000000000000000e+000	1.54750000934582203627e+001	1	1
3.20875406250000000000e+005	0.00000000000000000000e+000	3.20870000000000000000e+005	1.23291829369999986947e-004	0.00000000000000000000e+000	1.09960433960000003140e+002	0.00000000000000000000e+000	-4.20882697691609834788e-005	0.00000000000000000000e+000	1.15885515649021128212e-004	0.00000000000000000000e+000	1.56510000934358686209e+001	1	1
3.20876812500000000000e+005	0.00000000000000000000e+000	3.20872000000000000000e+005	1.23675403299999987902e-004	0.00000000000000000000e+000	1.09708312989999996034e+002	0.00000000000000000000e+000	-4.17072814911098257865e-005	0.00000000000000000000e+000	1.16430700642223121399e-004	0.00000000000000000000e+000	1.58270000934135168791e+001	1	1
3.20879031250000000000e+005	0.00000000000000000000e+000	3.20874000000000000000e+005	1.24034806500000001524e-004	0.00000000000000000000e+000	1.09441795350000006692e+002	0.00000000000000000000e+000	-4.12848690019401427884e-005	0.00000000000000000000e+000	1.16962356401472539202e-004	0.00000000000000000000e+000	1.60040000934386625886e+001	1	1
3.20881937500000000000e+005	0.00000000000000000000e+000	3.20876000000000000000e+005	1.24446698459999995469e-004	0.00000000000000000000e+000	1.09134826660000001652e+002	0.00000000000000000000e+000	-4.07926552585334732605e-005	0.00000000000000000000e+000	1.17570999972580855406e-004	0.00000000000000000000e+000	1.61890000934945419431e+001	1	1
3.20882718750000000000e+005	0.00000000000000000000e+000	3.20878000000000000000e+005	1.24841841169999993736e-004	0.00000000000000000000e+000	1.08808532709999994381e+002	0.00000000000000000000e+000	-4.02498385025610319827e-005	0.00000000000000000000e+000	1.18175445026592806030e-004	0.00000000000000000000e+000	1.63680000934982672334e+001	1	1
3.20885343750000000000e+005	0.00000000000000000000e+000	3.20880000000000000000e+005	1.25237507749999997736e-004	0.00000000000000000000e+000	1.08442817689999998265e+002	0.00000000000000000000e+000	-3.96198902734357498467e-005	0.00000000000000000000e+000	1.18805292988789938983e-004	0.00000000000000000000e+000	1.65430000934284180403e+001	1	1
3.20887125000000000000e+005	0.00000000000000000000e+000	3.20882000000000000000e+005	1.25617021689999988935e-004	0.00000000000000000000e+000	1.08021514890000005948e+002	0.00000000000000000000e+000	-3.88626491498119292249e-005	0.00000000000000000000e+000	1.19454303561339095717e-004	0.00000000000000000000e+000	1.67190000934060662985e+001	1	1
3.20889062500000000000e+005	0.00000000000000000000e+000	3.20884000000000000000e+005	1.25985592600000003219e-004	0.00000000000000000000e+000	1.07586936949999994795e+002	0.00000000000000000000e+000	-3.80668657162029053275e-005	0.00000000000000000000e+000	1.20096974471956425548e-004	0.00000000000000000000e+000	1.68950000935001298785e+001	1	1
3.20891687500000000000e+005	0.00000000000000000000e+000	3.20886000000000000000e+005	1.26342361910000006153e-004	0.00000000000000000000e+000	1.07086479190000005701e+002	0.00000000000000000000e+000	-3.71212477104590639863e-005	0.00000000000000000000e+000	1.20765911504100184972e-004	0.00000000000000000000e+000	1.70710000934777781367e+001	1	1
3.20892593750000000000e+005	0.00000000000000000000e+000	3.20888000000000000000e+005	1.26641782120000013232e-004	0.00000000000000000000e+000	1.06530982969999996612e+002	0.00000000000000000000e+000	-3.60338623331661695652e-005	0.00000000000000000000e+000	1.21407173362548815579e-004	0.00000000000000000000e+000	1.72480000935029238462e+001	1	1
3.20894187500000000000e+005	0.00000000000000000000e+000	3.20890000000000000000e+005	1.26916493170000011697e-004	0.00000000000000000000e+000	1.05903999330000004875e+002	0.00000000000000000000e+000	-3.47784594012869819539e-005	0.00000000000000000000e+000	1.22058408150539518750e-004	0.00000000000000000000e+000	1.74240000934805721045e+001	1	1
3.20897812500000000000e+005	0.00000000000000000000e+000	3.20892000000000000000e+005	1.27087114380000003409e-004	0.00000000000000000000e+000	1.05235656739999996034e+002	0.00000000000000000000e+000	-3.33971788051164774681e-005	0.00000000000000000000e+000	1.22620402418579106359e-004	0.00000000000000000000e+000	1.76010000935057178140e+001	1	1
3.20899031250000000000e+005	0.00000000000000000000e+000	3.20894000000000000000e+005	1.27137362139999993658e-004	0.00000000000000000000e+000	1.04475723270000003140e+002	0.00000000000000000000e+000	-3.17804931971449187078e-005	0.00000000000000000000e+000	1.23101214876473601416e-004	0.00000000000000000000e+000	1.77780000934144482017e+001	1	1
3.20901000000000000000e+005	0.00000000000000000000e+000	3.20896000000000000000e+005	1.27088860610000012417e-004	0.00000000000000000000e+000	1.03667221069999996530e+002	0.00000000000000000000e+000	-3.00288424240871276185e-005	0.00000000000000000000e+000	1.23490271332673639919e-004	0.00000000000000000000e+000	1.79540000935085117817e+001	1	1
3.20902281250000000000e+005	0.00000000000000000000e+000	3.20898000000000000000e+005	1.26803992320000000161e-004	0.00000000000000000000e+000	1.02795303340000003800e+002	0.00000000000000000000e+000	-2.80830940196460270616e-005	0.00000000000000000000e+000	1.23655134541895739319e-004	0.00000000000000000000e+000	1.81270000934600830078e+001	1	1
3.20906156250000000000e+005	0.00000000000000000000e+000	3.20900000000000000000e+005	1.26324433949999989993e-004	0.00000000000000000000e+000	1.01882949830000001157e+002	0.00000000000000000000e+000	-2.60118381546641482048e-005	0.00000000000000000000e+000	1.23617340565971846030e-004	0.00000000000000000000e+000	1.83020000935066491365e+001	1	1
3.20908218750000000000e+005	0.00000000000000000000e+000	3.20902000000000000000e+005	1.25601029139999989135e-004	0.00000000000000000000e+000	1.00964706419999998843e+002	0.00000000000000000000e+000	-2.38898505495984963696e-005	0.00000000000000000000e+000	1.23308124475822667365e-004	0.00000000000000000000e+000	1.84810000935103744268e+001	1	1
3.20909406250000000000e+005	0.00000000000000000000e+000	3.20904000000000000000e+005	1.24591519120000011412e-004	0.00000000000000000000e+000	9.99874496460000017350e+001	0.00000000000000000000e+000	-2.16082095410681080630e-005	0.00000000000000000000e+000	1.22703430746897291896e-004	0.00000000000000000000e+000	1.86580000934191048145e+001	1	1
3.20910875000000000000e+005	0.00000000000000000000e+000	3.20906000000000000000e+005	1.23256744699999989945e-004	0.00000000000000000000e+000	9.90177154539999975214e+001	0.00000000000000000000e+000	-1.93192393327351614855e-005	0.00000000000000000000e+000	1.21733282653699404559e-004	0.00000000000000000000e+000	1.88340000935131683946e+001	1	1
3.20912937500000000000e+005	0.00000000000000000000e+000	3.20908000000000000000e+005	1.21669159849999993601e-004	0.00000000000000000000e+000	9.80977706909999938034e+001	0.00000000000000000000e+000	-1.71386442098536587262e-005	0.00000000000000000000e+000	1.20456014101633380998e-004	0.00000000000000000000e+000	1.90090000934433192015e+001	1	1
3.20916000000000000000e+005	0.00000000000000000000e+000	3.20910000000000000000e+005	1.19779695519999998402e-004	0.00000000000000000000e+000	9.72331542969999986781e+001	0.00000000000000000000e+000	-1.50811347798444304056e-005	0.00000000000000000000e+000	1.18826490449798575231e-004	0.00000000000000000000e+000	1.91850000934209674597e+001	1	1
3.20918156250000000000e+005	0.00000000000000000000e+000	3.20912000000000000000e+005	1.17754752859999993280e-004	0.00000000000000000000e+000	9.65251159670000049573e+001	0.00000000000000000000e+000	-1.33814985443296960617e-005	0.00000000000000000000e+000	1.16991954073037768757e-004	0.00000000000000000000e+000	1.93590000934200361371e+001	1	1
3.20918531250000000000e+005	0.00000000000000000000e+000	3.20914000000000000000e+005	1.15576985989999993253e-004	0.00000000000000000000e+000	9.59433975219999979345e+001	0.00000000000000000000e+000	-1.19675225968690850228e-005	0.00000000000000000000e+000	1.14955722317012476691e-004	0.00000000000000000000e+000	1.95350000935140997171e+001	1	1
3.20920656250000000000e+005	0.00000000000000000000e+000	3.20916000000000000000e+005	1.13303045509999993426e-004	0.00000000000000000000e+000	9.55169830319999988433e+001	0.00000000000000000000e+000	-1.08930414963063289420e-005	0.00000000000000000000e+000	1.12778197222694064636e-004	0.00000000000000000000e+000	1.97100000934442505240e+001	1	1
3.20922718750000000000e+005	0.00000000000000000000e+000	3.20918000000000000000e+005	1.11028188260000004696e-004	0.00000000000000000000e+000	9.52380752560000019002e+001	0.00000000000000000000e+000	-1.01362446696028398878e-005	0.00000000000000000000e+000	1.10564529268187769235e-004	0.00000000000000000000e+000	1.98870000934693962336e+001	1	1
3.20924968750000000000e+005	0.00000000000000000000e+000	3.20920000000000000000e+005	1.08799336890000000093e-004	0.00000000000000000000e+000	9.51193084720000001653e+001	0.00000000000000000000e+000	-9.70815676534584296061e-006	0.00000000000000000000e+000	1.08365342245217799000e-004	0.00000000000000000000e+000	2.00630000934470444918e+001	1	1
3.20927812500000000000e+005	0.00000000000000000000e+000	3.20922000000000000000e+005	1.06631930980000003226e-004	0.00000000000000000000e+000	9.51374359130000044615e+001	0.00000000000000000000e+000	-9.54836083269286462448e-006	0.00000000000000000000e+000	1.06203566371060157975e-004	0.00000000000000000000e+000	2.02390000934246927500e+001	1	1
3.20929468750000000000e+005	0.00000000000000000000e+000	3.20924000000000000000e+005	1.04588601970000006215e-004	0.00000000000000000000e+000	9.52944946289999990086e+001	0.00000000000000000000e+000	-9.65090098062545162592e-006	0.00000000000000000000e+000	1.04142382209652050416e-004	0.00000000000000000000e+000	2.04140000934712588787e+001	1	1
3.20931125000000000000e+005	0.00000000000000000000e+000	3.20926000000000000000e+005	1.02719997809999993464e-004	0.00000000000000000000e+000	9.55683441160000057835e+001	0.00000000000000000000e+000	-9.96722893426437610894e-006	0.00000000000000000000e+000	1.02235279123492222610e-004	0.00000000000000000000e+000	2.05920000934274867177e+001	1	1
3.20933125000000000000e+005	0.00000000000000000000e+000	3.20928000000000000000e+005	1.01036646809999996035e-004	0.00000000000000000000e+000	9.59460525509999939686e+001	0.00000000000000000000e+000	-1.04665869038312437343e-005	0.00000000000000000000e+000	1.00493057258664553969e-004	0.00000000000000000000e+000	2.07660000934265553951e+001	1	1
3.20935062500000000000e+005	0.00000000000000000000e+000	3.20930000000000000000e+005	9.94694346449999969003e-005	0.00000000000000000000e+000	9.63883590700000070228e+001	0.00000000000000000000e+000	-1.10676650892570827857e-005	0.00000000000000000000e+000	9.88517840914768925169e-005	0.00000000000000000000e+000	2.09410000934731215239e+001	1	1
3.20936625000000000000e+005	0.00000000000000000000e+000	3.20932000000000000000e+005	9.81064367809999983861e-005	0.00000000000000000000e+000	9.69165573119999947949e+001	0.00000000000000000000e+000	-1.18143393064570722932e-005	0.00000000000000000000e+000	9.73924757084255104727e-005	0.00000000000000000000e+000	2.11150000934721902013e+001	1	1
3.20939687500000000000e+005	0.00000000000000000000e+000	3.20934000000000000000e+005	9.69197644739999979342e-005	0.00000000000000000000e+000	9.74847183229999956211e+001	0.00000000000000000000e+000	-1.26249357083785233185e-005	0.00000000000000000000e+000	9.60939735053917943415e-005	0.00000000000000000000e+000	2.12880000934237614274e+001	1	1
3.20941718750000000000e+005	0.00000000000000000000e+000	3.20936000000000000000e+005	9.59081298790000013168e-005	0.00000000000000000000e+000	9.80795288089999957037e+001	0.00000000000000000000e+000	-1.34796448918933139542e-005	0.00000000000000000000e+000	9.49561401409913444357e-005	0.00000000000000000000e+000	2.14640000935178250074e+001	1	1
3.20942812500000000000e+005	0.00000000000000000000e+000	3.20938000000000000000e+005	9.50233443290000065300e-005	0.00000000000000000000e+000	9.87162551880000052051e+001	0.00000000000000000000e+000	-1.43999542214789700716e-005	0.00000000000000000000e+000	9.39259138144900264031e-005	0.00000000000000000000e+000	2.16380000935168936849e+001	1	1
3.20944375000000000000e+005	0.00000000000000000000e+000	3.20940000000000000000e+005	9.42843107620000027815e-005	0.00000000000000000000e+000	9.93397216799999966952e+001	0.00000000000000000000e+000	-1.53012041672553115144e-005	0.00000000000000000000e+000	9.30344259234040668822e-005	0.00000000000000000000e+000	2.18140000934945419431e+001	1	1
3.20946937500000000000e+005	0.00000000000000000000e+000	3.20942000000000000000e+005	9.36508222370000030597e-005	0.00000000000000000000e+000	9.99658203120000052877e+001	0.00000000000000000000e+000	-1.62072705121176490622e-005	0.00000000000000000000e+000	9.22377411270094852216e-005	0.00000000000000000000e+000	2.19910000934032723308e+001	1	1
3.20948812500000000000e+005	0.00000000000000000000e+000	3.20944000000000000000e+005	9.31501999730000062368e-005	0.00000000000000000000e+000	1.00575981139999996117e+002	0.00000000000000000000e+000	-1.70967178849474074176e-005	0.00000000000000000000e+000	9.15677999766971082406e-005	0.00000000000000000000e+000	2.21670000934973359108e+001	1	1
3.20951375000000000000e+005	0.00000000000000000000e+000	3.20946000000000000000e+005	9.27260189199999995810e-005	0.00000000000000000000e+000	1.01191444399999994630e+002	0.00000000000000000000e+000	-1.79969927195665152996e-005	0.00000000000000000000e+000	9.09627552232454463909e-005	0.00000000000000000000e+000	2.23430000934749841690e+001	1	1
3.20953312500000000000e+005	0.00000000000000000000e+000	3.20948000000000000000e+005	9.24109917829999961665e-005	0.00000000000000000000e+000	1.01778961179999996034e+002	0.00000000000000000000e+000	-1.88644630356275178247e-005	0.00000000000000000000e+000	9.04650398590258516662e-005	0.00000000000000000000e+000	2.25160000934265553951e+001	1	1
3.20954687500000000000e+005	0.00000000000000000000e+000	3.20950000000000000000e+005	9.21631944949999988223e-005	0.00000000000000000000e+000	1.02364608759999995868e+002	0.00000000000000000000e+000	-1.97350866007381161985e-005	0.00000000000000000000e+000	9.00254451607131075909e-005	0.00000000000000000000e+000	2.26920000934042036533e+001	1	1
3.20956718750000000000e+005	0.00000000000000000000e+000	3.20952000000000000000e+005	9.19670492289999952232e-005	0.00000000000000000000e+000	1.02900466919999999504e+002	0.00000000000000000000e+000	-2.05323822131671652168e-005	0.00000000000000000000e+000	8.96457440403152937183e-005	0.00000000000000000000e+000	2.28740000934340059757e+001	1	1
3.20959906250000000000e+005	0.00000000000000000000e+000	3.20954000000000000000e+005	9.18498117239999948939e-005	0.00000000000000000000e+000	1.03429008479999993142e+002	0.00000000000000000000e+000	-2.13312327814559724612e-005	0.00000000000000000000e+000	8.93384935050820324547e-005	0.00000000000000000000e+000	2.30520000935066491365e+001	1	1
3.20960531250000000000e+005	0.00000000000000000000e+000	3.20956000000000000000e+005	9.17681027200000062807e-005	0.00000000000000000000e+000	1.03945976259999994795e+002	0.00000000000000000000e+000	-2.21167435648365572607e-005	0.00000000000000000000e+000	8.90630918558059722504e-005	0.00000000000000000000e+000	2.32300000934628769755e+001	1	1
3.20962968750000000000e+005	0.00000000000000000000e+000	3.20958000000000000000e+005	9.17250217749999958257e-005	0.00000000000000000000e+000	1.04432632449999999835e+002	0.00000000000000000000e+000	-2.28616789990365856322e-005	0.00000000000000000000e+000	8.88303059376091102813e-005	0.00000000000000000000e+000	2.34100000935140997171e+001	1	1
3.20964125000000000000e+005	0.00000000000000000000e+000	3.20960000000000000000e+005	9.17122597459999963371e-005	0.00000000000000000000e+000	1.04902381899999994630e+002	0.00000000000000000000e+000	-2.35859111918441168585e-005	0.00000000000000000000e+000	8.86275542986954614766e-005	0.00000000000000000000e+000	2.35860000934917479753e+001	1	1
3.20967812500000000000e+005	0.00000000000000000000e+000	3.20962000000000000000e+005	9.17654397199999948172e-005	0.00000000000000000000e+000	1.05322525020000000495e+002	0.00000000000000000000e+000	-2.42492194528219875602e-005	0.00000000000000000000e+000	8.85035100034672764582e-005	0.00000000000000000000e+000	2.37630000935168936849e+001	1	1
3.20969375000000000000e+005	0.00000000000000000000e+000	3.20964000000000000000e+005	9.18137156989999933662e-005	0.00000000000000000000e+000	1.05745223999999993225e+002	0.00000000000000000000e+000	-2.49145874571288328627e-005	0.00000000000000000000e+000	8.83686693477834221298e-005	0.00000000000000000000e+000	2.39420000934042036533e+001	1	1
3.20971156250000000000e+005	0.00000000000000000000e+000	3.20966000000000000000e+005	9.19174126470000059678e-005	0.00000000000000000000e+000	1.06155799869999995622e+002	0.00000000000000000000e+000	-2.55760371558613619903e-005	0.00000000000000000000e+000	8.82874683696439216136e-005	0.00000000000000000000e+000	2.41160000934032723308e+001	1	1
3.20973437500000000000e+005	0.00000000000000000000e+000	3.20968000000000000000e+005	9.20007296370000022829e-005	0.00000000000000000000e+000	1.06527564999999995621e+002	0.00000000000000000000e+000	-2.61720519673460989710e-005	0.00000000000000000000e+000	8.81995348602185341063e-005	0.00000000000000000000e+000	2.42930000934284180403e+001	1	1
3.20974656250000000000e+005	0.00000000000000000000e+000	3.20970000000000000000e+005	9.21459723030000008850e-005	0.00000000000000000000e+000	1.06891593929999999091e+002	0.00000000000000000000e+000	-2.67740979584139005541e-005	0.00000000000000000000e+000	8.81704479413510761824e-005	0.00000000000000000000e+000	2.44700000934535637498e+001	1	1
3.20976750000000000000e+005	0.00000000000000000000e+000	3.20972000000000000000e+005	9.22710314629999957562e-005	0.00000000000000000000e+000	1.07223899840000001404e+002	0.00000000000000000000e+000	-2.73220494039202691655e-005	0.00000000000000000000e+000	8.81331314751477359068e-005	0.00000000000000000000e+000	2.46470000934787094593e+001	1	1
3.20979500000000000000e+005	0.00000000000000000000e+000	3.20974000000000000000e+005	9.24281193870000046227e-005	0.00000000000000000000e+000	1.07546119689999997604e+002	0.00000000000000000000e+000	-2.78646154158574985778e-005	0.00000000000000000000e+000	8.81278642719990253909e-005	0.00000000000000000000e+000	2.48250000934349372983e+001	1	1
3.20981156250000000000e+005	0.00000000000000000000e+000	3.20976000000000000000e+005	9.26021675699999956494e-005	0.00000000000000000000e+000	1.07849739069999998264e+002	0.00000000000000000000e+000	-2.83845750002412934728e-005	0.00000000000000000000e+000	8.81446387519855645114e-005	0.00000000000000000000e+000	2.50040000934386625886e+001	1	1
3.20983406250000000000e+005	0.00000000000000000000e+000	3.20978000000000000000e+005	9.27702276389999973662e-005	0.00000000000000000000e+000	1.08142700199999993060e+002	0.00000000000000000000e+000	-2.88872288690322056367e-005	0.00000000000000000000e+000	8.81580577398347151486e-005	0.00000000000000000000e+000	2.51830000934423878789e+001	1	1
3.20985062500000000000e+005	0.00000000000000000000e+000	3.20980000000000000000e+005	9.29459129109999946218e-005	0.00000000000000000000e+000	1.08414566039999996860e+002	0.00000000000000000000e+000	-2.93607052923224799332e-005	0.00000000000000000000e+000	8.81866867026796904996e-005	0.00000000000000000000e+000	2.53590000934200361371e+001	1	1
3.20987031250000000000e+005	0.00000000000000000000e+000	3.20982000000000000000e+005	9.31488757489999934409e-005	0.00000000000000000000e+000	1.08672904970000004710e+002	0.00000000000000000000e+000	-2.98230089419916535431e-005	0.00000000000000000000e+000	8.82456865288526400059e-005	0.00000000000000000000e+000	2.55360000934451818466e+001	1	1
3.20989500000000000000e+005	0.00000000000000000000e+000	3.20984000000000000000e+005	9.33401897779999935876e-005	0.00000000000000000000e+000	1.08929580689999994547e+002	0.00000000000000000000e+000	-3.02800979748825147887e-005	0.00000000000000000000e+000	8.82921666651383698883e-005	0.00000000000000000000e+000	2.57210000935010612011e+001	1	1
3.20990500000000000000e+005	0.00000000000000000000e+000	3.20986000000000000000e+005	9.35408243089999938413e-005	0.00000000000000000000e+000	1.09138069150000006857e+002	0.00000000000000000000e+000	-3.06669523764493311612e-005	0.00000000000000000000e+000	8.83709445708700841622e-005	0.00000000000000000000e+000	2.58970000934787094593e+001	1	1
3.20993250000000000000e+005	0.00000000000000000000e+000	3.20988000000000000000e+005	9.37754812179999937575e-005	0.00000000000000000000e+000	1.09364852909999996200e+002	0.00000000000000000000e+000	-3.10943024361753372095e-005	0.00000000000000000000e+000	8.84702505573208475200e-005	0.00000000000000000000e+000	2.60740000935038551688e+001	1	1
3.20994843750000000000e+005	0.00000000000000000000e+000	3.20990000000000000000e+005	9.39714373090000051631e-005	0.00000000000000000000e+000	1.09569503780000005122e+002	0.00000000000000000000e+000	-3.14757397433549973229e-005	0.00000000000000000000e+000	8.85432596956307047583e-005	0.00000000000000000000e+000	2.62480000935029238462e+001	1	1
3.20996906250000000000e+005	0.00000000000000000000e+000	3.20992000000000000000e+005	9.41644466369999963255e-005	0.00000000000000000000e+000	1.09760566710000006196e+002	0.00000000000000000000e+000	-3.18360819482311376677e-005	0.00000000000000000000e+000	8.86194498777662922548e-005	0.00000000000000000000e+000	2.64240000934805721045e+001	1	1
3.20999468750000000000e+005	0.00000000000000000000e+000	3.20994000000000000000e+005	9.43905397430000052449e-005	0.00000000000000000000e+000	1.09935241700000005949e+002	0.00000000000000000000e+000	-3.21831918022846328697e-005	0.00000000000000000000e+000	8.87345263039828521107e-005	0.00000000000000000000e+000	2.66000000934582203627e+001	1	1
3.21001125000000000000e+005	0.00000000000000000000e+000	3.20996000000000000000e+005	9.45690917430000059030e-005	0.00000000000000000000e+000	1.10113121030000002065e+002	0.00000000000000000000e+000	-3.25199192091626691141e-005	0.00000000000000000000e+000	8.88018466459199493990e-005	0.00000000000000000000e+000	2.67760000934358686209e+001	1	1
3.21003281250000000000e+005	0.00000000000000000000e+000	3.20998000000000000000e+005	9.47994049060000030854e-005	0.00000000000000000000e+000	1.10266174320000004627e+002	0.00000000000000000000e+000	-3.28367941356165688512e-005	0.00000000000000000000e+000	8.89307152868280630618e-005	0.00000000000000000000e+000	2.69530000934610143304e+001	1	1
3.21004718750000000000e+005	0.00000000000000000000e+000	3.21000000000000000000e+005	9.49904715530000001104e-005	0.00000000000000000000e+000	1.10425331119999995622e+002	0.00000000000000000000e+000	-3.31503794272423237140e-005	0.00000000000000000000e+000	8.90182117866404376593e-005	0.00000000000000000000e+000	2.71280000935075804591e+001	1	1
3.21006843750000000000e+005	0.00000000000000000000e+000	3.21002000000000000000e+005	9.51998808890000026983e-005	0.00000000000000000000e+000	1.10573905940000003056e+002	0.00000000000000000000e+000	-3.34546922348815330725e-005	0.00000000000000000000e+000	8.91280028315968999653e-005	0.00000000000000000000e+000	2.73070000935113057494e+001	1	1
3.21009000000000000000e+005	0.00000000000000000000e+000	3.21004000000000000000e+005	9.54004426600000058310e-005	0.00000000000000000000e+000	1.10701591489999998430e+002	0.00000000000000000000e+000	-3.37241324571057603959e-005	0.00000000000000000000e+000	8.92408390241795934118e-005	0.00000000000000000000e+000	2.74820000934414565563e+001	1	1
3.21011062500000000000e+005	0.00000000000000000000e+000	3.21006000000000000000e+005	9.55997747949999992015e-005	0.00000000000000000000e+000	1.10834823610000000826e+002	0.00000000000000000000e+000	-3.40024537731455211574e-005	0.00000000000000000000e+000	8.93484755228639499543e-005	0.00000000000000000000e+000	2.76560000934405252337e+001	1	1
3.21013406250000000000e+005	0.00000000000000000000e+000	3.21008000000000000000e+005	9.58018426900000011565e-005	0.00000000000000000000e+000	1.10963264469999998596e+002	0.00000000000000000000e+000	-3.42749557484113459333e-005	0.00000000000000000000e+000	8.94607202700936773258e-005	0.00000000000000000000e+000	2.78330000934656709433e+001	1	1
3.21015562500000000000e+005	0.00000000000000000000e+000	3.21010000000000000000e+005	9.59914686970000035444e-005	0.00000000000000000000e+000	1.11053047179999992977e+002	0.00000000000000000000e+000	-3.44832186574148418542e-005	0.00000000000000000000e+000	8.95838696062636522357e-005	0.00000000000000000000e+000	2.80090000934433192015e+001	1	1
3.21016687500000000000e+005	0.00000000000000000000e+000	3.21012000000000000000e+005	9.61763653319999987706e-005	0.00000000000000000000e+000	1.11172660829999998100e+002	0.00000000000000000000e+000	-3.47369442196052277336e-005	0.00000000000000000000e+000	8.96841009028822585365e-005	0.00000000000000000000e+000	2.81890000934945419431e+001	1	1
3.21018843750000000000e+005	0.00000000000000000000e+000	3.21014000000000000000e+005	9.63784405029999936615e-005	0.00000000000000000000e+000	1.11261482240000006527e+002	0.00000000000000000000e+000	-3.49492105150528997747e-005	0.00000000000000000000e+000	8.98184640158404534998e-005	0.00000000000000000000e+000	2.83650000934721902013e+001	1	1
3.21020593750000000000e+005	0.00000000000000000000e+000	3.21016000000000000000e+005	9.65579238249999961992e-005	0.00000000000000000000e+000	1.11359771730000005618e+002	0.00000000000000000000e+000	-3.51686123068469213811e-005	0.00000000000000000000e+000	8.99255323131600804113e-005	0.00000000000000000000e+000	2.85410000934498384595e+001	1	1
3.21023500000000000000e+005	0.00000000000000000000e+000	3.21018000000000000000e+005	9.67344458330000064959e-005	0.00000000000000000000e+000	1.11459564209999996365e+002	0.00000000000000000000e+000	-3.53897624434847474163e-005	0.00000000000000000000e+000	9.00284273149949519502e-005	0.00000000000000000000e+000	2.87170000934274867177e+001	1	1
3.21025750000000000000e+005	0.00000000000000000000e+000	3.21020000000000000000e+005	9.68964304769999955737e-005	0.00000000000000000000e+000	1.11545356749999996282e+002	0.00000000000000000000e+000	-3.55840147454480166481e-005	0.00000000000000000000e+000	9.01260014301080231635e-005	0.00000000000000000000e+000	2.88930000934051349759e+001	1	1
3.21026906250000000000e+005	0.00000000000000000000e+000	3.21022000000000000000e+005	9.70932524070000049950e-005	0.00000000000000000000e+000	1.11621986390000003553e+002	0.00000000000000000000e+000	-3.57770461555989349517e-005	0.00000000000000000000e+000	9.02613019590874088305e-005	0.00000000000000000000e+000	2.90690000934991985559e+001	1	1
3.21029437500000000000e+005	0.00000000000000000000e+000	3.21024000000000000000e+005	9.72376292340000055814e-005	0.00000000000000000000e+000	1.11695907590000004461e+002	0.00000000000000000000e+000	-3.59468418957461016889e-005	0.00000000000000000000e+000	9.03492174662906739370e-005	0.00000000000000000000e+000	2.92450000934768468142e+001	1	1
3.21031000000000000000e+005	0.00000000000000000000e+000	3.21026000000000000000e+005	9.74211943689999950759e-005	0.00000000000000000000e+000	1.11765876770000005536e+002	0.00000000000000000000e+000	-3.61252175180013090504e-005	0.00000000000000000000e+000	9.04757302902804277098e-005	0.00000000000000000000e+000	2.94230000934330746531e+001	1	1
3.21032375000000000000e+005	0.00000000000000000000e+000	3.21028000000000000000e+005	9.75662260319999955719e-005	0.00000000000000000000e+000	1.11837234499999993886e+002	0.00000000000000000000e+000	-3.62918180074967358650e-005	0.00000000000000000000e+000	9.05652936164734581647e-005	0.00000000000000000000e+000	2.95960000935010612011e+001	1	1
3.21035156250000000000e+005	0.00000000000000000000e+000	3.21030000000000000000e+005	9.77340023380000020616e-005	0.00000000000000000000e+000	1.11901649480000003223e+002	0.00000000000000000000e+000	-3.64561963848243481803e-005	0.00000000000000000000e+000	9.06801023276623135733e-005	0.00000000000000000000e+000	2.97740000934572890401e+001	1	1
3.21037093750000000000e+005	0.00000000000000000000e+000	3.21032000000000000000e+005	9.78827301879999986389e-005	0.00000000000000000000e+000	1.11957046509999997852e+002	0.00000000000000000000e+000	-3.65994653786502142359e-005	0.00000000000000000000e+000	9.07827516825403891881e-005	0.00000000000000000000e+000	2.99530000934610143304e+001	1	1
3.21038843750000000000e+005	0.00000000000000000000e+000	3.21034000000000000000e+005	9.80443146549999977385e-005	0.00000000000000000000e+000	1.12008941649999997026e+002	0.00000000000000000000e+000	-3.67422300010005397838e-005	0.00000000000000000000e+000	9.08993738742034588628e-005	0.00000000000000000000e+000	3.01280000935075804591e+001	1	1
3.21040968750000000000e+005	0.00000000000000000000e+000	3.21036000000000000000e+005	9.81942575890000046539e-005	0.00000000000000000000e+000	1.12070098880000003305e+002	0.00000000000000000000e+000	-3.68955742451567951924e-005	0.00000000000000000000e+000	9.09990594708264438932e-005	0.00000000000000000000e+000	3.03080000934423878789e+001	1	1
3.21043906250000000000e+005	0.00000000000000000000e+000	3.21038000000000000000e+005	9.83638383330000042959e-005	0.00000000000000000000e+000	1.12127380369999997356e+002	0.00000000000000000000e+000	-3.70504076169847273515e-005	0.00000000000000000000e+000	9.11192185382196992568e-005	0.00000000000000000000e+000	3.04860000935150310397e+001	1	1
3.21044687500000000000e+005	0.00000000000000000000e+000	3.21040000000000000000e+005	9.84707730819999978774e-005	0.00000000000000000000e+000	1.12175170899999997687e+002	0.00000000000000000000e+000	-3.71667588475595744879e-005	0.00000000000000000000e+000	9.11873082623568226952e-005	0.00000000000000000000e+000	3.06590000934666022658e+001	1	1
3.21047750000000000000e+005	0.00000000000000000000e+000	3.21042000000000000000e+005	9.86082231980000011072e-005	0.00000000000000000000e+000	1.12226470950000006610e+002	0.00000000000000000000e+000	-3.73003819753743232133e-005	0.00000000000000000000e+000	9.12812312951449789881e-005	0.00000000000000000000e+000	3.08280000934610143304e+001	1	1
3.21049437500000000000e+005	0.00000000000000000000e+000	3.21044000000000000000e+005	9.87439780149999997687e-005	0.00000000000000000000e+000	1.12267150880000002644e+002	0.00000000000000000000e+000	-3.74166231027087280614e-005	0.00000000000000000000e+000	9.13803562578776863668e-005	0.00000000000000000000e+000	3.09980000935029238462e+001	1	1
3.21050843750000000000e+005	0.00000000000000000000e+000	3.21046000000000000000e+005	9.88800020419999939119e-005	0.00000000000000000000e+000	1.12310317990000001487e+002	0.00000000000000000000e+000	-3.75370969986965944375e-005	0.00000000000000000000e+000	9.14779817919938868006e-005	0.00000000000000000000e+000	3.11660000934498384595e+001	1	1
3.21052781250000000000e+005	0.00000000000000000000e+000	3.21048000000000000000e+005	9.90238477239999961496e-005	0.00000000000000000000e+000	1.12351715089999999009e+002	0.00000000000000000000e+000	-3.76578846996337580758e-005	0.00000000000000000000e+000	9.15838748798882554747e-005	0.00000000000000000000e+000	3.13420000934274867177e+001	1	1
3.21054718750000000000e+005	0.00000000000000000000e+000	3.21050000000000000000e+005	9.91289780359999968999e-005	0.00000000000000000000e+000	1.12392082209999998099e+002	0.00000000000000000000e+000	-3.77624483846706354598e-005	0.00000000000000000000e+000	9.16545240479533341411e-005	0.00000000000000000000e+000	3.15130000935168936849e+001	1	1
3.21057562500000000000e+005	0.00000000000000000000e+000	3.21052000000000000000e+005	9.92530185610000065775e-005	0.00000000000000000000e+000	1.12427719120000006114e+002	0.00000000000000000000e+000	-3.78667721279187104947e-005	0.00000000000000000000e+000	9.17456770757210746808e-005	0.00000000000000000000e+000	3.16830000934423878789e+001	1	1
3.21058843750000000000e+005	0.00000000000000000000e+000	3.21054000000000000000e+005	9.93673456830000055530e-005	0.00000000000000000000e+000	1.12459281919999995125e+002	0.00000000000000000000e+000	-3.79609827759981778182e-005	0.00000000000000000000e+000	9.18304588617806645231e-005	0.00000000000000000000e+000	3.18530000934842973948e+001	1	1
3.21061250000000000000e+005	0.00000000000000000000e+000	3.21056000000000000000e+005	9.95031732600000013355e-005	0.00000000000000000000e+000	1.12514572139999998512e+002	0.00000000000000000000e+000	-3.81015920195884900544e-005	0.00000000000000000000e+000	9.19192589960472365490e-005	0.00000000000000000000e+000	3.20280000934144482017e+001	1	1
3.21062625000000000000e+005	0.00000000000000000000e+000	3.21058000000000000000e+005	9.95988593790000004179e-005	0.00000000000000000000e+000	1.12523452759999997852e+002	0.00000000000000000000e+000	-3.81524923564770167771e-005	0.00000000000000000000e+000	9.20017397476090097695e-005	0.00000000000000000000e+000	3.22030000934610143304e+001	1	1
3.21065031250000000000e+005	0.00000000000000000000e+000	3.21060000000000000000e+005	9.96951857809999996644e-005	0.00000000000000000000e+000	1.12577537539999994465e+002	0.00000000000000000000e+000	-3.82763039907194960979e-005	0.00000000000000000000e+000	9.20546284589652440622e-005	0.00000000000000000000e+000	3.23800000934861600399e+001	1	1
3.21067093750000000000e+005	0.00000000000000000000e+000	3.21062000000000000000e+005	9.98063042060000029558e-005	0.00000000000000000000e+000	1.12595443729999999505e+002	0.00000000000000000000e+000	-3.83477653441605893163e-005	0.00000000000000000000e+000	9.21452508400178441810e-005	0.00000000000000000000e+000	3.25580000934423878789e+001	1	1
3.21068718750000000000e+005	0.00000000000000000000e+000	3.21064000000000000000e+005	9.99052572299999954190e-005	0.00000000000000000000e+000	1.12619628910000002975e+002	0.00000000000000000000e+000	-3.84247159279418046881e-005	0.00000000000000000000e+000	9.22203970282574873483e-005	0.00000000000000000000e+000	3.27350000934675335884e+001	1	1
3.21071531250000000000e+005	0.00000000000000000000e+000	3.21066000000000000000e+005	1.00015764469999995467e-004	0.00000000000000000000e+000	1.12661209110000001488e+002	0.00000000000000000000e+000	-3.85342075727566861086e-005	0.00000000000000000000e+000	9.22944634810681077469e-005	0.00000000000000000000e+000	3.29120000934926792979e+001	1	1
3.21072625000000000000e+005	0.00000000000000000000e+000	3.21068000000000000000e+005	1.00113538789999996482e-004	0.00000000000000000000e+000	1.12691055300000002148e+002	0.00000000000000000000e+000	-3.86199974618028487130e-005	0.00000000000000000000e+000	9.23645843660175557910e-005	0.00000000000000000000e+000	3.30900000934489071369e+001	1	1
3.21075250000000000000e+005	0.00000000000000000000e+000	3.21070000000000000000e+005	1.00201643359999997655e-004	0.00000000000000000000e+000	1.12708389280000005783e+002	0.00000000000000000000e+000	-3.86819511990691471885e-005	0.00000000000000000000e+000	9.24341710812482243807e-005	0.00000000000000000000e+000	3.32670000934740528464e+001	1	1
3.21077656250000000000e+005	0.00000000000000000000e+000	3.21072000000000000000e+005	1.00322795329999998339e-004	0.00000000000000000000e+000	1.12747825620000000413e+002	0.00000000000000000000e+000	-3.87924104645210121394e-005	0.00000000000000000000e+000	9.25192528783992640916e-005	0.00000000000000000000e+000	3.34410000934731215239e+001	1	1
3.21078937500000000000e+005	0.00000000000000000000e+000	3.21074000000000000000e+005	1.00392840980000004657e-004	0.00000000000000000000e+000	1.12768318179999994300e+002	0.00000000000000000000e+000	-3.88526067319813745273e-005	0.00000000000000000000e+000	9.25699598690934028758e-005	0.00000000000000000000e+000	3.36180000934982672334e+001	1	1
3.21081093750000000000e+005	0.00000000000000000000e+000	3.21076000000000000000e+005	1.00489531180000002419e-004	0.00000000000000000000e+000	1.12778030400000005784e+002	0.00000000000000000000e+000	-3.89057325030736875248e-005	0.00000000000000000000e+000	9.26525221198833321724e-005	0.00000000000000000000e+000	3.37930000934284180403e+001	1	1
3.21083156250000000000e+005	0.00000000000000000000e+000	3.21078000000000000000e+005	1.00571865910000003718e-004	0.00000000000000000000e+000	1.12798820500000005040e+002	0.00000000000000000000e+000	-3.89712538620994836222e-005	0.00000000000000000000e+000	9.27143008658039708683e-005	0.00000000000000000000e+000	3.39730000934796407819e+001	1	1
3.21084843750000000000e+005	0.00000000000000000000e+000	3.21080000000000000000e+005	1.00659352029999998694e-004	0.00000000000000000000e+000	1.12822647090000003800e+002	0.00000000000000000000e+000	-3.90437400673789193487e-005	0.00000000000000000000e+000	9.27787233833836150112e-005	0.00000000000000000000e+000	3.41510000934358686209e+001	1	1
3.21086781250000000000e+005	0.00000000000000000000e+000	3.21082000000000000000e+005	1.00751472929999996513e-004	0.00000000000000000000e+000	1.12849342350000000579e+002	0.00000000000000000000e+000	-3.91227347098028596021e-005	0.00000000000000000000e+000	9.28454141376455326920e-005	0.00000000000000000000e+000	3.43260000934824347496e+001	1	1
3.21089937500000000000e+005	0.00000000000000000000e+000	3.21084000000000000000e+005	1.00828190630000003166e-004	0.00000000000000000000e+000	1.12870903020000000083e+002	0.00000000000000000000e+000	-3.91874869009930783216e-005	0.00000000000000000000e+000	9.29013718741769569005e-005	0.00000000000000000000e+000	3.45030000935075804591e+001	1	1
3.21090218750000000000e+005	0.00000000000000000000e+000	3.21086000000000000000e+005	1.00915494839999995351e-004	0.00000000000000000000e+000	1.12886520390000001157e+002	0.00000000000000000000e+000	-3.92467612267178195566e-005	0.00000000000000000000e+000	9.29711182680678801214e-005	0.00000000000000000000e+000	3.46790000934852287173e+001	1	1
3.21092843750000000000e+005	0.00000000000000000000e+000	3.21088000000000000000e+005	1.00993900559999999120e-004	0.00000000000000000000e+000	1.12891891479999998182e+002	0.00000000000000000000e+000	-3.92859757839692720388e-005	0.00000000000000000000e+000	9.30396692654512197894e-005	0.00000000000000000000e+000	3.48550000934628769755e+001	1	1
3.21095031250000000000e+005	0.00000000000000000000e+000	3.21090000000000000000e+005	1.01064819319999994783e-004	0.00000000000000000000e+000	1.12915863040000004958e+002	0.00000000000000000000e+000	-3.93525127990588163753e-005	0.00000000000000000000e+000	9.30885462373548684938e-005	0.00000000000000000000e+000	3.50340000934666022658e+001	1	1
3.21097500000000000000e+005	0.00000000000000000000e+000	3.21092000000000000000e+005	1.01163575890000001153e-004	0.00000000000000000000e+000	1.12940597530000005122e+002	0.00000000000000000000e+000	-3.94311882902248923410e-005	0.00000000000000000000e+000	9.31624950120627664824e-005	0.00000000000000000000e+000	3.52120000934228301048e+001	1	1
3.21098125000000000000e+005	0.00000000000000000000e+000	3.21094000000000000000e+005	1.01217279730000004083e-004	0.00000000000000000000e+000	1.12954978940000003718e+002	0.00000000000000000000e+000	-3.94755160188665227012e-005	0.00000000000000000000e+000	9.32020458519301151770e-005	0.00000000000000000000e+000	3.53870000934693962336e+001	1	1
3.21100937500000000000e+005	0.00000000000000000000e+000	3.21096000000000000000e+005	1.01286233979999999374e-004	0.00000000000000000000e+000	1.12967346190000000661e+002	0.00000000000000000000e+000	-3.95225390800341440031e-005	0.00000000000000000000e+000	9.32570109885497020496e-005	0.00000000000000000000e+000	3.55650000934256240726e+001	1	1
3.21102500000000000000e+005	0.00000000000000000000e+000	3.21098000000000000000e+005	1.01348181489999995949e-004	0.00000000000000000000e+000	1.12971961980000003223e+002	0.00000000000000000000e+000	-3.95542287159650457463e-005	0.00000000000000000000e+000	9.33108615436332956491e-005	0.00000000000000000000e+000	3.57400000934721902013e+001	1	1
3.21104906250000000000e+005	0.00000000000000000000e+000	3.21100000000000000000e+005	1.01442783490000005653e-004	0.00000000000000000000e+000	1.12997291559999993638e+002	0.00000000000000000000e+000	-3.96324359675203881717e-005	0.00000000000000000000e+000	9.33804494606842915233e-005	0.00000000000000000000e+000	3.59120000934926792979e+001	1	1
3.21106156250000000000e+005	0.00000000000000000000e+000	3.21102000000000000000e+005	1.01511992399999997645e-004	0.00000000000000000000e+000	1.13008483889999993721e+002	0.00000000000000000000e+000	-3.96777279352490588448e-005	0.00000000000000000000e+000	9.34364088935036825930e-005	0.00000000000000000000e+000	3.60910000934964045882e+001	1	1
3.21109343750000000000e+005	0.00000000000000000000e+000	3.21104000000000000000e+005	1.01571517010000004566e-004	0.00000000000000000000e+000	1.13016471859999995786e+002	0.00000000000000000000e+000	-3.97140279824761177120e-005	0.00000000000000000000e+000	9.34856622649688612757e-005	0.00000000000000000000e+000	3.62660000934265553951e+001	1	1
3.21110781250000000000e+005	0.00000000000000000000e+000	3.21106000000000000000e+005	1.01647470729999994015e-004	0.00000000000000000000e+000	1.13027503969999997935e+002	0.00000000000000000000e+000	-3.97617386352668361811e-005	0.00000000000000000000e+000	9.35479152440444971075e-005	0.00000000000000000000e+000	3.64450000934302806854e+001	1	1
3.21112906250000000000e+005	0.00000000000000000000e+000	3.21108000000000000000e+005	1.01701843959999996920e-004	0.00000000000000000000e+000	1.13051292419999995786e+002	0.00000000000000000000e+000	-3.98218651736885001784e-005	0.00000000000000000000e+000	9.35814304173256523945e-005	0.00000000000000000000e+000	3.66220000934554263949e+001	1	1
3.21115343750000000000e+005	0.00000000000000000000e+000	3.21110000000000000000e+005	1.01757184890000006400e-004	0.00000000000000000000e+000	1.13061882019999998761e+002	0.00000000000000000000e+000	-3.98608389589327150797e-005	0.00000000000000000000e+000	9.36249870185714718439e-005	0.00000000000000000000e+000	3.68000000934116542339e+001	1	1
3.21116781250000000000e+005	0.00000000000000000000e+000	3.21112000000000000000e+005	1.01828431069999995884e-004	0.00000000000000000000e+000	1.13065986629999997604e+002	0.00000000000000000000e+000	-3.98954596630216317158e-005	0.00000000000000000000e+000	9.36876815406057297537e-005	0.00000000000000000000e+000	3.69800000934628769755e+001	1	1
3.21119156250000000000e+005	0.00000000000000000000e+000	3.21114000000000000000e+005	1.01884717879999995042e-004	0.00000000000000000000e+000	1.13089271550000006528e+002	0.00000000000000000000e+000	-3.99556046100156442053e-005	0.00000000000000000000e+000	9.37232383015828500027e-005	0.00000000000000000000e+000	3.71540000934619456530e+001	1	1
3.21120718750000000000e+005	0.00000000000000000000e+000	3.21116000000000000000e+005	1.01932164400000000912e-004	0.00000000000000000000e+000	1.13089294429999995373e+002	0.00000000000000000000e+000	-3.99742489112350822761e-005	0.00000000000000000000e+000	9.37668681531555076600e-005	0.00000000000000000000e+000	3.73340000935131683946e+001	1	1
3.21123500000000000000e+005	0.00000000000000000000e+000	3.21118000000000000000e+005	1.01999969050000003604e-004	0.00000000000000000000e+000	1.13108413699999999835e+002	0.00000000000000000000e+000	-4.00321475827564868060e-005	0.00000000000000000000e+000	9.38158880260340772954e-005	0.00000000000000000000e+000	3.75100000934908166528e+001	1	1
3.21124562500000000000e+005	0.00000000000000000000e+000	3.21120000000000000000e+005	1.02044774390000001353e-004	0.00000000000000000000e+000	1.13118766780000001404e+002	0.00000000000000000000e+000	-4.00666913165673247441e-005	0.00000000000000000000e+000	9.38498600278599653208e-005	0.00000000000000000000e+000	3.76790000934852287173e+001	1	1
3.21127625000000000000e+005	0.00000000000000000000e+000	3.21122000000000000000e+005	1.02110891019999993376e-004	0.00000000000000000000e+000	1.13123931880000000660e+002	0.00000000000000000000e+000	-4.01011169365949704350e-005	0.00000000000000000000e+000	9.39070523727363770010e-005	0.00000000000000000000e+000	3.78550000934628769755e+001	1	1
3.21128656250000000000e+005	0.00000000000000000000e+000	3.21124000000000000000e+005	1.02178586529999993610e-004	0.00000000000000000000e+000	1.13119689940000000661e+002	0.00000000000000000000e+000	-4.01207451973473739324e-005	0.00000000000000000000e+000	9.39722796896947856890e-005	0.00000000000000000000e+000	3.80300000935094431043e+001	1	1
3.21131000000000000000e+005	0.00000000000000000000e+000	3.21126000000000000000e+005	1.02234480439999996047e-004	0.00000000000000000000e+000	1.13145980829999999173e+002	0.00000000000000000000e+000	-4.01858318413137965519e-005	0.00000000000000000000e+000	9.40052546938648130514e-005	0.00000000000000000000e+000	3.82060000934870913625e+001	1	1
3.21132718750000000000e+005	0.00000000000000000000e+000	3.21128000000000000000e+005	1.02252954089999994179e-004	0.00000000000000000000e+000	1.13146652220000007105e+002	0.00000000000000000000e+000	-4.01941951203715693735e-005	0.00000000000000000000e+000	9.40217703447299678332e-005	0.00000000000000000000e+000	3.83820000934647396207e+001	1	1
3.21134562500000000000e+005	0.00000000000000000000e+000	3.21130000000000000000e+005	1.02336976849999995807e-004	0.00000000000000000000e+000	1.13161697390000000496e+002	0.00000000000000000000e+000	-4.02519311482389563375e-005	0.00000000000000000000e+000	9.40884629996412824972e-005	0.00000000000000000000e+000	3.85600000934209674597e+001	1	1
3.21136906250000000000e+005	0.00000000000000000000e+000	3.21132000000000000000e+005	1.02375233839999997673e-004	0.00000000000000000000e+000	1.13163803099999995538e+002	0.00000000000000000000e+000	-4.02704378328521531475e-005	0.00000000000000000000e+000	9.41221564805283820651e-005	0.00000000000000000000e+000	3.87360000935150310397e+001	1	1
3.21138562500000000000e+005	0.00000000000000000000e+000	3.21134000000000000000e+005	1.02430785770000004294e-004	0.00000000000000000000e+000	1.13183135989999996696e+002	0.00000000000000000000e+000	-4.03240636826996933233e-005	0.00000000000000000000e+000	9.41596291495097972336e-005	0.00000000000000000000e+000	3.89130000934237614274e+001	1	1
3.21141593750000000000e+005	0.00000000000000000000e+000	3.21136000000000000000e+005	1.02490361310000001782e-004	0.00000000000000000000e+000	1.13185852049999994051e+002	0.00000000000000000000e+000	-4.03519829763704466217e-005	0.00000000000000000000e+000	9.42124812927090681848e-005	0.00000000000000000000e+000	3.90890000935178250074e+001	1	1
3.21143593750000000000e+005	0.00000000000000000000e+000	3.21138000000000000000e+005	1.02526762930000005735e-004	0.00000000000000000000e+000	1.13195526119999996695e+002	0.00000000000000000000e+000	-4.03822271582141890684e-005	0.00000000000000000000e+000	9.42391258801078410745e-005	0.00000000000000000000e+000	3.92640000934479758143e+001	1	1
3.21144750000000000000e+005	0.00000000000000000000e+000	3.21140000000000000000e+005	1.02579891969999998811e-004	0.00000000000000000000e+000	1.13210151670000001900e+002	0.00000000000000000000e+000	-4.04272201040446410515e-005	0.00000000000000000000e+000	9.42776437509762916265e-005	0.00000000000000000000e+000	3.94390000934945419431e+001	1	1
3.21146781250000000000e+005	0.00000000000000000000e+000	3.21142000000000000000e+005	1.02631252960000006642e-004	0.00000000000000000000e+000	1.13207725519999996777e+002	0.00000000000000000000e+000	-4.04434675564977898330e-005	0.00000000000000000000e+000	9.43265605020453484861e-005	0.00000000000000000000e+000	3.96130000934936106205e+001	1	1
3.21149875000000000000e+005	0.00000000000000000000e+000	3.21144000000000000000e+005	1.02667028839999993411e-004	0.00000000000000000000e+000	1.13218734740000002148e+002	0.00000000000000000000e+000	-4.04756957567914554146e-005	0.00000000000000000000e+000	9.43516659303747729165e-005	0.00000000000000000000e+000	3.97880000934237614274e+001	1	1
3.21151312500000000000e+005	0.00000000000000000000e+000	3.21146000000000000000e+005	1.02721758590000001254e-004	0.00000000000000000000e+000	1.13224998470000002726e+002	0.00000000000000000000e+000	-4.05075925811365417008e-005	0.00000000000000000000e+000	9.43975350901859707516e-005	0.00000000000000000000e+000	3.99630000934703275561e+001	1	1
3.21153750000000000000e+005	0.00000000000000000000e+000	3.21148000000000000000e+005	1.02765101470000001023e-004	0.00000000000000000000e+000	1.13228904720000002726e+002	0.00000000000000000000e+000	-4.05311228914064715259e-005	0.00000000000000000000e+000	9.44346025421884365924e-005	0.00000000000000000000e+000	4.01420000934740528464e+001	1	1
3.21155093750000000000e+005	0.00000000000000000000e+000	3.21150000000000000000e+005	1.02815101850000002346e-004	0.00000000000000000000e+000	1.13237541199999995456e+002	0.00000000000000000000e+000	-4.05650843828891060055e-005	0.00000000000000000000e+000	9.44744362112574944225e-005	0.00000000000000000000e+000	4.03200000934302806854e+001	1	1
