Fext	FextSD	Fgen	R	RSD	Theta	ThetaSD	X	XSD	Y	YSD	Time	Interval	Round
3.20705281250000000000e+005	0.00000000000000000000e+000	3.20700000000000000000e+005	1.11684355940000004941e-004	0.00000000000000000000e+000	1.13409973140000005287e+002	0.00000000000000000000e+000	-4.43730436162663300476e-005	0.00000000000000000000e+000	1.02491113575575612353e-004	0.00000000000000000000e+000	6.30999946617521345615e-001	1	1
3.20707156250000000000e+005	0.00000000000000000000e+000	3.20702000000000000000e+005	1.11660425320000001974e-004	0.00000000000000000000e+000	1.13412704469999994217e+002	0.00000000000000000000e+000	-4.43684205249230225777e-005	0.00000000000000000000e+000	1.02467037835427289267e-004	0.00000000000000000000e+000	8.08999946573749184608e-001	1	1
3.20708281250000000000e+005	0.00000000000000000000e+000	3.20704000000000000000e+005	1.11714536620000003619e-004	0.00000000000000000000e+000	1.13409111019999997438e+002	0.00000000000000000000e+000	-4.43834920414931736717e-005	0.00000000000000000000e+000	1.02519477790437624665e-004	0.00000000000000000000e+000	9.87999946577474474907e-001	1	1
3.20711468750000000000e+005	0.00000000000000000000e+000	3.20706000000000000000e+005	1.11741021100000002039e-004	0.00000000000000000000e+000	1.13408660889999993060e+002	0.00000000000000000000e+000	-4.43932085500167470196e-005	0.00000000000000000000e+000	1.02544131139258116385e-004	0.00000000000000000000e+000	1.16499994660262018442e+000	1	1
3.20713187500000000000e+005	0.00000000000000000000e+000	3.20708000000000000000e+005	1.11783330790000002674e-004	0.00000000000000000000e+000	1.13401557920000001900e+002	0.00000000000000000000e+000	-4.43973000499759155521e-005	0.00000000000000000000e+000	1.02588463244065463439e-004	0.00000000000000000000e+000	1.34299994655884802341e+000	1	1
3.20715312500000000000e+005	0.00000000000000000000e+000	3.20710000000000000000e+005	1.11817738799999995139e-004	0.00000000000000000000e+000	1.13406707760000003304e+002	0.00000000000000000000e+000	-4.44201894566091177096e-005	0.00000000000000000000e+000	1.02616048837323570577e-004	0.00000000000000000000e+000	1.52199994656257331371e+000	1	1
3.20717062500000000000e+005	0.00000000000000000000e+000	3.20712000000000000000e+005	1.11853543789999996237e-004	0.00000000000000000000e+000	1.13393531800000005205e+002	0.00000000000000000000e+000	-4.44108064629315609146e-005	0.00000000000000000000e+000	1.02659122963784778335e-004	0.00000000000000000000e+000	1.69999994663521647453e+000	1	1
3.20719218750000000000e+005	0.00000000000000000000e+000	3.20714000000000000000e+005	1.11896428280000006725e-004	0.00000000000000000000e+000	1.13396781919999995125e+002	0.00000000000000000000e+000	-4.44336590332560201952e-005	0.00000000000000000000e+000	1.02695961978733764060e-004	0.00000000000000000000e+000	1.87399994663428515196e+000	1	1
3.20720156250000000000e+005	0.00000000000000000000e+000	3.20716000000000000000e+005	1.11932844449999995906e-004	0.00000000000000000000e+000	1.13387718199999994795e+002	0.00000000000000000000e+000	-4.44318682625872979483e-005	0.00000000000000000000e+000	1.02736413940549724862e-004	0.00000000000000000000e+000	2.04799994663335382938e+000	1	1
3.20723312500000000000e+005	0.00000000000000000000e+000	3.20718000000000000000e+005	1.11965942779999999535e-004	0.00000000000000000000e+000	1.13384208680000000413e+002	0.00000000000000000000e+000	-4.44387118571781136343e-005	0.00000000000000000000e+000	1.02769515086376320569e-004	0.00000000000000000000e+000	2.22599994658958166838e+000	1	1
3.20725437500000000000e+005	0.00000000000000000000e+000	3.20720000000000000000e+005	1.12015550260000004137e-004	0.00000000000000000000e+000	1.13386405940000003056e+002	0.00000000000000000000e+000	-4.44623436779327063737e-005	0.00000000000000000000e+000	1.02813342979965317392e-004	0.00000000000000000000e+000	2.40599994664080440998e+000	1	1
3.20727625000000000000e+005	0.00000000000000000000e+000	3.20722000000000000000e+005	1.12034431370000000985e-004	0.00000000000000000000e+000	1.13376029970000004710e+002	0.00000000000000000000e+000	-4.44512153258207098525e-005	0.00000000000000000000e+000	1.02838724556738656652e-004	0.00000000000000000000e+000	2.58399994659703224897e+000	1	1
3.20729468750000000000e+005	0.00000000000000000000e+000	3.20724000000000000000e+005	1.12091860499999998522e-004	0.00000000000000000000e+000	1.13371192930000006527e+002	0.00000000000000000000e+000	-4.44653146424132340235e-005	0.00000000000000000000e+000	1.02895194173987784727e-004	0.00000000000000000000e+000	2.75899994664359837770e+000	1	1
3.20730875000000000000e+005	0.00000000000000000000e+000	3.20726000000000000000e+005	1.12148001790000003438e-004	0.00000000000000000000e+000	1.13369300839999993968e+002	0.00000000000000000000e+000	-4.44841854729933442337e-005	0.00000000000000000000e+000	1.02948198373231243857e-004	0.00000000000000000000e+000	2.93599994655232876539e+000	1	1
3.20732468750000000000e+005	0.00000000000000000000e+000	3.20728000000000000000e+005	1.12166693729999996146e-004	0.00000000000000000000e+000	1.13357048030000001404e+002	0.00000000000000000000e+000	-4.44695793927448587896e-005	0.00000000000000000000e+000	1.02974869220368432611e-004	0.00000000000000000000e+000	3.11199994664639234543e+000	1	1
3.20735062500000000000e+005	0.00000000000000000000e+000	3.20730000000000000000e+005	1.12226683999999996911e-004	0.00000000000000000000e+000	1.13361740109999999504e+002	0.00000000000000000000e+000	-4.45018003242091667775e-005	0.00000000000000000000e+000	1.03026299407190554389e-004	0.00000000000000000000e+000	3.28799994662404060364e+000	1	1
3.20736937500000000000e+005	0.00000000000000000000e+000	3.20732000000000000000e+005	1.12261877800000006711e-004	0.00000000000000000000e+000	1.13354988099999999918e+002	0.00000000000000000000e+000	-4.45036106647436703523e-005	0.00000000000000000000e+000	1.03063853241488340151e-004	0.00000000000000000000e+000	3.46499994664918631315e+000	1	1
3.20739781250000000000e+005	0.00000000000000000000e+000	3.20734000000000000000e+005	1.12302404889999996214e-004	0.00000000000000000000e+000	1.13357254029999992895e+002	0.00000000000000000000e+000	-4.45237540866167045531e-005	0.00000000000000000000e+000	1.03099299057326167944e-004	0.00000000000000000000e+000	3.64399994653649628162e+000	1	1
3.20740906250000000000e+005	0.00000000000000000000e+000	3.20736000000000000000e+005	1.12334950239999993332e-004	0.00000000000000000000e+000	1.13337547299999997108e+002	0.00000000000000000000e+000	-4.45011834778431884492e-005	0.00000000000000000000e+000	1.03144489501352470506e-004	0.00000000000000000000e+000	3.82099994656164199114e+000	1	1
3.20743125000000000000e+005	0.00000000000000000000e+000	3.20738000000000000000e+005	1.12370420539999996048e-004	0.00000000000000000000e+000	1.13342643739999999752e+002	0.00000000000000000000e+000	-4.45244123279851192893e-005	0.00000000000000000000e+000	1.03173097846211923303e-004	0.00000000000000000000e+000	4.00099994661286473274e+000	1	1
3.20745062500000000000e+005	0.00000000000000000000e+000	3.20740000000000000000e+005	1.12430760049999993976e-004	0.00000000000000000000e+000	1.13348403930000003470e+002	0.00000000000000000000e+000	-4.45586983654912120473e-005	0.00000000000000000000e+000	1.03224019517716151173e-004	0.00000000000000000000e+000	4.17699994659051299095e+000	1	1
3.20747312500000000000e+005	0.00000000000000000000e+000	3.20742000000000000000e+005	1.12486028229999995994e-004	0.00000000000000000000e+000	1.13334564209999996365e+002	0.00000000000000000000e+000	-4.45556551367351136826e-005	0.00000000000000000000e+000	1.03285527264456011690e-004	0.00000000000000000000e+000	4.35599994659423828125e+000	1	1
3.20749343750000000000e+005	0.00000000000000000000e+000	3.20744000000000000000e+005	1.12541747510000003413e-004	0.00000000000000000000e+000	1.13322517399999995291e+002	0.00000000000000000000e+000	-4.45559973182313863015e-005	0.00000000000000000000e+000	1.03346059603558900982e-004	0.00000000000000000000e+000	4.52999994659330695868e+000	1	1
3.20750968750000000000e+005	0.00000000000000000000e+000	3.20746000000000000000e+005	1.12569941849999995164e-004	0.00000000000000000000e+000	1.13318695070000003966e+002	0.00000000000000000000e+000	-4.45602633639093689139e-005	0.00000000000000000000e+000	1.03374923153787235622e-004	0.00000000000000000000e+000	4.70699994661845266819e+000	1	1
3.20753281250000000000e+005	0.00000000000000000000e+000	3.20748000000000000000e+005	1.12612229710000002797e-004	0.00000000000000000000e+000	1.13315361019999997438e+002	0.00000000000000000000e+000	-4.45709850700063138734e-005	0.00000000000000000000e+000	1.03416350593835403579e-004	0.00000000000000000000e+000	4.88699994655326008797e+000	1	1
3.20754562500000000000e+005	0.00000000000000000000e+000	3.20750000000000000000e+005	1.12671034000000005624e-004	0.00000000000000000000e+000	1.13309440609999995786e+002	0.00000000000000000000e+000	-4.45835674230680214245e-005	0.00000000000000000000e+000	1.03474960345302405100e-004	0.00000000000000000000e+000	5.06299994664732366800e+000	1	1
3.20757343750000000000e+005	0.00000000000000000000e+000	3.20752000000000000000e+005	1.12760171760000005932e-004	0.00000000000000000000e+000	1.13302192689999998265e+002	0.00000000000000000000e+000	-4.46057386474547014799e-005	0.00000000000000000000e+000	1.03562466246510701223e-004	0.00000000000000000000e+000	5.23699994664639234543e+000	1	1
3.20759218750000000000e+005	0.00000000000000000000e+000	3.20754000000000000000e+005	1.12796973549999997614e-004	0.00000000000000000000e+000	1.13288536070000006362e+002	0.00000000000000000000e+000	-4.45956029763859329628e-005	0.00000000000000000000e+000	1.03606898598558380274e-004	0.00000000000000000000e+000	5.41599994665011763573e+000	1	1
3.20760312500000000000e+005	0.00000000000000000000e+000	3.20756000000000000000e+005	1.12838788479999993291e-004	0.00000000000000000000e+000	1.13293464659999997934e+002	0.00000000000000000000e+000	-4.46210504149176275380e-005	0.00000000000000000000e+000	1.03641468754082973088e-004	0.00000000000000000000e+000	5.59399994660634547472e+000	1	1
3.20763250000000000000e+005	0.00000000000000000000e+000	3.20758000000000000000e+005	1.12902074760000000159e-004	0.00000000000000000000e+000	1.13276832580000004214e+002	0.00000000000000000000e+000	-4.46159721146489429526e-005	0.00000000000000000000e+000	1.03712552361695823852e-004	0.00000000000000000000e+000	5.77099994663149118423e+000	1	1
3.20764843750000000000e+005	0.00000000000000000000e+000	3.20760000000000000000e+005	1.12949113829999996973e-004	0.00000000000000000000e+000	1.13277511599999996861e+002	0.00000000000000000000e+000	-4.46357903556367065028e-005	0.00000000000000000000e+000	1.03755233768277669551e-004	0.00000000000000000000e+000	5.94499994663055986166e+000	1	1
3.20766406250000000000e+005	0.00000000000000000000e+000	3.20762000000000000000e+005	1.12991001520000003324e-004	0.00000000000000000000e+000	1.13263420100000004709e+002	0.00000000000000000000e+000	-4.46268150464075108799e-005	0.00000000000000000000e+000	1.03804690661387643571e-004	0.00000000000000000000e+000	6.11999994656071066856e+000	1	1
3.20769687500000000000e+005	0.00000000000000000000e+000	3.20764000000000000000e+005	1.13053385580000006518e-004	0.00000000000000000000e+000	1.13256851199999999835e+002	0.00000000000000000000e+000	-4.46395462324525096605e-005	0.00000000000000000000e+000	1.03867121377560509086e-004	0.00000000000000000000e+000	6.29799994663335382938e+000	1	1
3.20771718750000000000e+005	0.00000000000000000000e+000	3.20766000000000000000e+005	1.13133573899999994314e-004	0.00000000000000000000e+000	1.13242256159999996612e+002	0.00000000000000000000e+000	-4.46447304431566452604e-005	0.00000000000000000000e+000	1.03952169708210710860e-004	0.00000000000000000000e+000	6.47299994656350463629e+000	1	1
3.20773125000000000000e+005	0.00000000000000000000e+000	3.20768000000000000000e+005	1.13181107739999999300e-004	0.00000000000000000000e+000	1.13242210389999996778e+002	0.00000000000000000000e+000	-4.46634051543225491410e-005	0.00000000000000000000e+000	1.03995881597659060999e-004	0.00000000000000000000e+000	6.65299994661472737789e+000	1	1
3.20775218750000000000e+005	0.00000000000000000000e+000	3.20770000000000000000e+005	1.13232657899999997718e-004	0.00000000000000000000e+000	1.13233001709999996365e+002	0.00000000000000000000e+000	-4.46670252287606676478e-005	0.00000000000000000000e+000	1.04050428506141629621e-004	0.00000000000000000000e+000	6.82699994661379605532e+000	1	1
3.20776500000000000000e+005	0.00000000000000000000e+000	3.20772000000000000000e+005	1.13307207359999997866e-004	0.00000000000000000000e+000	1.13221328740000004132e+002	0.00000000000000000000e+000	-4.46752195850598266035e-005	0.00000000000000000000e+000	1.04128036545153028936e-004	0.00000000000000000000e+000	7.01399994664825499058e+000	1	1
3.20778812500000000000e+005	0.00000000000000000000e+000	3.20774000000000000000e+005	1.13379195679999994787e-004	0.00000000000000000000e+000	1.13210830689999994547e+002	0.00000000000000000000e+000	-4.46845116412553786047e-005	0.00000000000000000000e+000	1.04202382086141591660e-004	0.00000000000000000000e+000	7.18799994664732366800e+000	1	1
3.20780656250000000000e+005	0.00000000000000000000e+000	3.20776000000000000000e+005	1.13425761810000003539e-004	0.00000000000000000000e+000	1.13202377319999996530e+002	0.00000000000000000000e+000	-4.46874833500567235291e-005	0.00000000000000000000e+000	1.04251773481400580586e-004	0.00000000000000000000e+000	7.36299994657747447491e+000	1	1
3.20783437500000000000e+005	0.00000000000000000000e+000	3.20778000000000000000e+005	1.13512862300000006354e-004	0.00000000000000000000e+000	1.13194152829999993060e+002	0.00000000000000000000e+000	-4.47068224890503730716e-005	0.00000000000000000000e+000	1.04338247687371578776e-004	0.00000000000000000000e+000	7.54099994665011763573e+000	1	1
3.20785812500000000000e+005	0.00000000000000000000e+000	3.20780000000000000000e+005	1.13575697470000004609e-004	0.00000000000000000000e+000	1.13180259699999993472e+002	0.00000000000000000000e+000	-4.47062546524511935622e-005	0.00000000000000000000e+000	1.04406847719616321934e-004	0.00000000000000000000e+000	7.71499994664918631315e+000	1	1
3.20787343750000000000e+005	0.00000000000000000000e+000	3.20782000000000000000e+005	1.13656817119999996855e-004	0.00000000000000000000e+000	1.13163398740000005205e+002	0.00000000000000000000e+000	-4.47074367379869048512e-005	0.00000000000000000000e+000	1.04494579659272397178e-004	0.00000000000000000000e+000	7.88899994664825499058e+000	1	1
3.20789031250000000000e+005	0.00000000000000000000e+000	3.20784000000000000000e+005	1.13726615379999997481e-004	0.00000000000000000000e+000	1.13163017269999997438e+002	0.00000000000000000000e+000	-4.47341960641669996726e-005	0.00000000000000000000e+000	1.04559049098024595755e-004	0.00000000000000000000e+000	8.06599994655698537827e+000	1	1
3.20791406250000000000e+005	0.00000000000000000000e+000	3.20786000000000000000e+005	1.13783884440000001995e-004	0.00000000000000000000e+000	1.13149246219999994878e+002	0.00000000000000000000e+000	-4.47315780325363890856e-005	0.00000000000000000000e+000	1.04622455930714896590e-004	0.00000000000000000000e+000	8.23999994655605405569e+000	1	1
3.20793343750000000000e+005	0.00000000000000000000e+000	3.20788000000000000000e+005	1.13881556899999994772e-004	0.00000000000000000000e+000	1.13138710020000004874e+002	0.00000000000000000000e+000	-4.47507193266232400656e-005	0.00000000000000000000e+000	1.04720495232393383429e-004	0.00000000000000000000e+000	8.41699994658119976521e+000	1	1
3.20795500000000000000e+005	0.00000000000000000000e+000	3.20790000000000000000e+005	1.13951471580000005630e-004	0.00000000000000000000e+000	1.13119537350000001652e+002	0.00000000000000000000e+000	-4.47431266481479304352e-005	0.00000000000000000000e+000	1.04799763802192525178e-004	0.00000000000000000000e+000	8.59399994660634547472e+000	1	1
3.20796968750000000000e+005	0.00000000000000000000e+000	3.20792000000000000000e+005	1.14020469479999997267e-004	0.00000000000000000000e+000	1.13107818600000001652e+002	0.00000000000000000000e+000	-4.47487700315356791750e-005	0.00000000000000000000e+000	1.04872375014130136506e-004	0.00000000000000000000e+000	8.76699994655791670084e+000	1	1
3.20798468750000000000e+005	0.00000000000000000000e+000	3.20794000000000000000e+005	1.14110676799999998833e-004	0.00000000000000000000e+000	1.13097885129999994547e+002	0.00000000000000000000e+000	-4.47659760657216987205e-005	0.00000000000000000000e+000	1.04963107550402155320e-004	0.00000000000000000000e+000	8.94599994656164199114e+000	1	1
3.20800906250000000000e+005	0.00000000000000000000e+000	3.20796000000000000000e+005	1.14182257680000003464e-004	0.00000000000000000000e+000	1.13075546259999995868e+002	0.00000000000000000000e+000	-4.47531046616231824959e-005	0.00000000000000000000e+000	1.05046406849771507223e-004	0.00000000000000000000e+000	9.12499994656536728144e+000	1	1
3.20803125000000000000e+005	0.00000000000000000000e+000	3.20798000000000000000e+005	1.14264374129999999848e-004	0.00000000000000000000e+000	1.13072822569999999587e+002	0.00000000000000000000e+000	-4.47802924797702155504e-005	0.00000000000000000000e+000	1.05124081925821587116e-004	0.00000000000000000000e+000	9.30099994654301553965e+000	1	1
3.20805437500000000000e+005	0.00000000000000000000e+000	3.20800000000000000000e+005	1.14390430100000002069e-004	0.00000000000000000000e+000	1.13060859679999992977e+002	0.00000000000000000000e+000	-4.48077196684121978006e-005	0.00000000000000000000e+000	1.05249412143631338032e-004	0.00000000000000000000e+000	9.47599994658958166838e+000	1	1
3.20807250000000000000e+005	0.00000000000000000000e+000	3.20802000000000000000e+005	1.14485344969999993259e-004	0.00000000000000000000e+000	1.13031112669999998843e+002	0.00000000000000000000e+000	-4.47902035283181509506e-005	0.00000000000000000000e+000	1.05360010823802311341e-004	0.00000000000000000000e+000	9.65499994659330695868e+000	1	1
3.20809906250000000000e+005	0.00000000000000000000e+000	3.20804000000000000000e+005	1.14561458760000002837e-004	0.00000000000000000000e+000	1.13010757449999999835e+002	0.00000000000000000000e+000	-4.47825230935034620497e-005	0.00000000000000000000e+000	1.05445974122291691571e-004	0.00000000000000000000e+000	9.82999994663987308741e+000	1	1
3.20811843750000000000e+005	0.00000000000000000000e+000	3.20806000000000000000e+005	1.14649075840000003613e-004	0.00000000000000000000e+000	1.13003761289999999917e+002	0.00000000000000000000e+000	-4.48038871832473289090e-005	0.00000000000000000000e+000	1.05532091253025581243e-004	0.00000000000000000000e+000	1.00079999465961009264e+001	1	1
3.20812750000000000000e+005	0.00000000000000000000e+000	3.20808000000000000000e+005	1.14744841990000004698e-004	0.00000000000000000000e+000	1.12990493770000000495e+002	0.00000000000000000000e+000	-4.48168529567486876664e-005	0.00000000000000000000e+000	1.05630622711234807239e-004	0.00000000000000000000e+000	1.01879999466473236680e+001	1	1
3.20815156250000000000e+005	0.00000000000000000000e+000	3.20810000000000000000e+005	1.14835369459999995525e-004	0.00000000000000000000e+000	1.12970008849999999256e+002	0.00000000000000000000e+000	-4.48144123248281044396e-005	0.00000000000000000000e+000	1.05729988777995221531e-004	0.00000000000000000000e+000	1.03649999465560540557e+001	1	1
3.20817125000000000000e+005	0.00000000000000000000e+000	3.20812000000000000000e+005	1.14936345199999998966e-004	0.00000000000000000000e+000	1.12946105959999997026e+002	0.00000000000000000000e+000	-4.48096664676569453995e-005	0.00000000000000000000e+000	1.05841661168893714411e-004	0.00000000000000000000e+000	1.05419999465811997652e+001	1	1
3.20818937500000000000e+005	0.00000000000000000000e+000	3.20814000000000000000e+005	1.15031958560000001249e-004	0.00000000000000000000e+000	1.12922973630000001322e+002	0.00000000000000000000e+000	-4.48041715588071723592e-005	0.00000000000000000000e+000	1.05947806494889419974e-004	0.00000000000000000000e+000	1.07199999465374276042e+001	1	1
3.20821281250000000000e+005	0.00000000000000000000e+000	3.20816000000000000000e+005	1.15156770330000003981e-004	0.00000000000000000000e+000	1.12908058170000003884e+002	0.00000000000000000000e+000	-4.48251727115436330293e-005	0.00000000000000000000e+000	1.06074434451552235921e-004	0.00000000000000000000e+000	1.08989999465411528945e+001	1	1
3.20823468750000000000e+005	0.00000000000000000000e+000	3.20818000000000000000e+005	1.15265946080000001510e-004	0.00000000000000000000e+000	1.12891036990000003470e+002	0.00000000000000000000e+000	-4.48361257671802892967e-005	0.00000000000000000000e+000	1.06188323990479566573e-004	0.00000000000000000000e+000	1.10749999466352164745e+001	1	1
3.20824656250000000000e+005	0.00000000000000000000e+000	3.20820000000000000000e+005	1.15375965830000001161e-004	0.00000000000000000000e+000	1.12870368959999993308e+002	0.00000000000000000000e+000	-4.48405769472108562367e-005	0.00000000000000000000e+000	1.06305861316517206408e-004	0.00000000000000000000e+000	1.12529999465914443135e+001	1	1
3.20827281250000000000e+005	0.00000000000000000000e+000	3.20822000000000000000e+005	1.15511189510000004043e-004	0.00000000000000000000e+000	1.12843551640000001157e+002	0.00000000000000000000e+000	-4.48433115425386378877e-005	0.00000000000000000000e+000	1.06451455189273739535e-004	0.00000000000000000000e+000	1.14309999465476721525e+001	1	1
3.20829750000000000000e+005	0.00000000000000000000e+000	3.20824000000000000000e+005	1.15605973409999999773e-004	0.00000000000000000000e+000	1.12820671079999996778e+002	0.00000000000000000000e+000	-4.48375592840998516927e-005	0.00000000000000000000e+000	1.06556719006914148119e-004	0.00000000000000000000e+000	1.16069999466417357326e+001	1	1
3.20831156250000000000e+005	0.00000000000000000000e+000	3.20826000000000000000e+005	1.15723974890000002149e-004	0.00000000000000000000e+000	1.12789138789999995538e+002	0.00000000000000000000e+000	-4.48246166173825978597e-005	0.00000000000000000000e+000	1.06690168757229067041e-004	0.00000000000000000000e+000	1.17829999466193839908e+001	1	1
3.20832406250000000000e+005	0.00000000000000000000e+000	3.20828000000000000000e+005	1.15872528110000003708e-004	0.00000000000000000000e+000	1.12771095279999997274e+002	0.00000000000000000000e+000	-4.48485132605316998990e-005	0.00000000000000000000e+000	1.06841254339897439272e-004	0.00000000000000000000e+000	1.19629999465541914105e+001	1	1
3.20835750000000000000e+005	0.00000000000000000000e+000	3.20830000000000000000e+005	1.16000737759999996888e-004	0.00000000000000000000e+000	1.12734489440000004379e+002	0.00000000000000000000e+000	-4.48297921079521133748e-005	0.00000000000000000000e+000	1.06988134390791599093e-004	0.00000000000000000000e+000	1.21409999466268345714e+001	1	1
3.20837687500000000000e+005	0.00000000000000000000e+000	3.20832000000000000000e+005	1.16114140840000001757e-004	0.00000000000000000000e+000	1.12699157709999994381e+002	0.00000000000000000000e+000	-4.48075702119610358161e-005	0.00000000000000000000e+000	1.07120377868599492592e-004	0.00000000000000000000e+000	1.23239999465877190232e+001	1	1
3.20839093750000000000e+005	0.00000000000000000000e+000	3.20834000000000000000e+005	1.16272029120000004775e-004	0.00000000000000000000e+000	1.12672111509999993473e+002	0.00000000000000000000e+000	-4.48178586887841009590e-005	0.00000000000000000000e+000	1.07287204727471145878e-004	0.00000000000000000000e+000	1.25019999465439468622e+001	1	1
3.20841000000000000000e+005	0.00000000000000000000e+000	3.20836000000000000000e+005	1.16424758739999996003e-004	0.00000000000000000000e+000	1.12633422850000002313e+002	0.00000000000000000000e+000	-4.48041788986760719320e-005	0.00000000000000000000e+000	1.07458410563727573819e-004	0.00000000000000000000e+000	1.26799999466165900230e+001	1	1
3.20843562500000000000e+005	0.00000000000000000000e+000	3.20838000000000000000e+005	1.16547002109999994161e-004	0.00000000000000000000e+000	1.12603515619999996034e+002	0.00000000000000000000e+000	-4.47950661728800219588e-005	0.00000000000000000000e+000	1.07594636238967056004e-004	0.00000000000000000000e+000	1.28539999466156587005e+001	1	1
3.20844718750000000000e+005	0.00000000000000000000e+000	3.20840000000000000000e+005	1.16711329609999993817e-004	0.00000000000000000000e+000	1.12567817689999998265e+002	0.00000000000000000000e+000	-4.47910860932645689490e-005	0.00000000000000000000e+000	1.07774269034495543155e-004	0.00000000000000000000e+000	1.30299999465933069587e+001	1	1
3.20847093750000000000e+005	0.00000000000000000000e+000	3.20842000000000000000e+005	1.16879986309999998710e-004	0.00000000000000000000e+000	1.12523445129999998926e+002	0.00000000000000000000e+000	-4.47722130568278472735e-005	0.00000000000000000000e+000	1.07964717096928480302e-004	0.00000000000000000000e+000	1.32079999465495347977e+001	1	1
3.20848718750000000000e+005	0.00000000000000000000e+000	3.20844000000000000000e+005	1.17050069089999996246e-004	0.00000000000000000000e+000	1.12479431149999996364e+002	0.00000000000000000000e+000	-4.47542940039176117520e-005	0.00000000000000000000e+000	1.08156238110359025116e-004	0.00000000000000000000e+000	1.33829999465961009264e+001	1	1
3.20851062500000000000e+005	0.00000000000000000000e+000	3.20846000000000000000e+005	1.17231320470000000152e-004	0.00000000000000000000e+000	1.12437850949999997852e+002	0.00000000000000000000e+000	-4.47449722278567513060e-005	0.00000000000000000000e+000	1.08356217908656129946e-004	0.00000000000000000000e+000	1.35579999466426670551e+001	1	1
3.20853937500000000000e+005	0.00000000000000000000e+000	3.20848000000000000000e+005	1.17405361379999999207e-004	0.00000000000000000000e+000	1.12385124210000000744e+002	0.00000000000000000000e+000	-4.47115179726971224928e-005	0.00000000000000000000e+000	1.08558274863529302819e-004	0.00000000000000000000e+000	1.37329999465728178620e+001	1	1
3.20854781250000000000e+005	0.00000000000000000000e+000	3.20850000000000000000e+005	1.17592353490000002211e-004	0.00000000000000000000e+000	1.12343055730000003223e+002	0.00000000000000000000e+000	-4.47028840991320653721e-005	0.00000000000000000000e+000	1.08764027842557772026e-004	0.00000000000000000000e+000	1.39079999466193839908e+001	1	1
3.20856312500000000000e+005	0.00000000000000000000e+000	3.20852000000000000000e+005	1.17753465020000000658e-004	0.00000000000000000000e+000	1.12280464170000001900e+002	0.00000000000000000000e+000	-4.46451244225519567016e-005	0.00000000000000000000e+000	1.08961880442250168884e-004	0.00000000000000000000e+000	1.40829999465495347977e+001	1	1
3.20858531250000000000e+005	0.00000000000000000000e+000	3.20854000000000000000e+005	1.17956777099999997284e-004	0.00000000000000000000e+000	1.12228088380000002644e+002	0.00000000000000000000e+000	-4.46224123255012101574e-005	0.00000000000000000000e+000	1.09190849351362953470e-004	0.00000000000000000000e+000	1.42599999465746805072e+001	1	1
3.20861000000000000000e+005	0.00000000000000000000e+000	3.20856000000000000000e+005	1.18174502860000002263e-004	0.00000000000000000000e+000	1.12168090820000003305e+002	0.00000000000000000000e+000	-4.45902015290430855346e-005	0.00000000000000000000e+000	1.09439147720582477443e-004	0.00000000000000000000e+000	1.44369999465998262167e+001	1	1
3.20862687500000000000e+005	0.00000000000000000000e+000	3.20858000000000000000e+005	1.18396310429999993235e-004	0.00000000000000000000e+000	1.12105155940000003056e+002	0.00000000000000000000e+000	-4.45534322876496786166e-005	0.00000000000000000000e+000	1.09693564053807372642e-004	0.00000000000000000000e+000	1.46099999465513974428e+001	1	1
3.20865500000000000000e+005	0.00000000000000000000e+000	3.20860000000000000000e+005	1.18615796960000002792e-004	0.00000000000000000000e+000	1.12036651610000006940e+002	0.00000000000000000000e+000	-4.45045992444187410442e-005	0.00000000000000000000e+000	1.09950206614401724248e-004	0.00000000000000000000e+000	1.47859999466454610229e+001	1	1
3.20866656250000000000e+005	0.00000000000000000000e+000	3.20862000000000000000e+005	1.18853007729999998483e-004	0.00000000000000000000e+000	1.11959075929999997356e+002	0.00000000000000000000e+000	-4.44443948994298644313e-005	0.00000000000000000000e+000	1.10230364276323467964e-004	0.00000000000000000000e+000	1.49609999465756118298e+001	1	1
3.20869968750000000000e+005	0.00000000000000000000e+000	3.20864000000000000000e+005	1.19080184959999998387e-004	0.00000000000000000000e+000	1.11895019529999999008e+002	0.00000000000000000000e+000	-4.44058461471632943116e-005	0.00000000000000000000e+000	1.10490774628754743624e-004	0.00000000000000000000e+000	1.51359999466221779585e+001	1	1
3.20871031250000000000e+005	0.00000000000000000000e+000	3.20866000000000000000e+005	1.19317832290000003909e-004	0.00000000000000000000e+000	1.11802993770000000495e+002	0.00000000000000000000e+000	-4.43165900106287061373e-005	0.00000000000000000000e+000	1.10782602209076182459e-004	0.00000000000000000000e+000	1.53139999465784057975e+001	1	1
3.20872062500000000000e+005	0.00000000000000000000e+000	3.20868000000000000000e+005	1.19607670059999993497e-004	0.00000000000000000000e+000	1.11709350589999999670e+002	0.00000000000000000000e+000	-4.42426803489800215792e-005	0.00000000000000000000e+000	1.11124164666015796542e-004	0.00000000000000000000e+000	1.54919999466510489583e+001	1	1
3.20874687500000000000e+005	0.00000000000000000000e+000	3.20870000000000000000e+005	1.19836484369999996739e-004	0.00000000000000000000e+000	1.11616493230000003223e+002	0.00000000000000000000e+000	-4.41468204946445511505e-005	0.00000000000000000000e+000	1.11408443245451045569e-004	0.00000000000000000000e+000	1.56679999466286972165e+001	1	1
3.20876812500000000000e+005	0.00000000000000000000e+000	3.20872000000000000000e+005	1.20134398460000006281e-004	0.00000000000000000000e+000	1.11512336730000001239e+002	0.00000000000000000000e+000	-4.40534667175361798874e-005	0.00000000000000000000e+000	1.11765673457967342277e-004	0.00000000000000000000e+000	1.58429999465588480234e+001	1	1
3.20878312500000000000e+005	0.00000000000000000000e+000	3.20874000000000000000e+005	1.20415352280000003023e-004	0.00000000000000000000e+000	1.11392288210000003801e+002	0.00000000000000000000e+000	-4.39216723772792964355e-005	0.00000000000000000000e+000	1.12119328219087367911e-004	0.00000000000000000000e+000	1.60199999465839937329e+001	1	1
3.20881656250000000000e+005	0.00000000000000000000e+000	3.20876000000000000000e+005	1.20730059279999994248e-004	0.00000000000000000000e+000	1.11257431030000006444e+002	0.00000000000000000000e+000	-4.37717553166020405643e-005	0.00000000000000000000e+000	1.12515690684703321620e-004	0.00000000000000000000e+000	1.61969999466091394424e+001	1	1
3.20882718750000000000e+005	0.00000000000000000000e+000	3.20878000000000000000e+005	1.21070443129999997449e-004	0.00000000000000000000e+000	1.11129638670000005618e+002	0.00000000000000000000e+000	-4.36433932905527419664e-005	0.00000000000000000000e+000	1.12930538039011840105e-004	0.00000000000000000000e+000	1.63739999466342851520e+001	1	1
3.20884218750000000000e+005	0.00000000000000000000e+000	3.20880000000000000000e+005	1.21395110910000000892e-004	0.00000000000000000000e+000	1.10974670410000001652e+002	0.00000000000000000000e+000	-4.34540065948815293893e-005	0.00000000000000000000e+000	1.13351322284758524827e-004	0.00000000000000000000e+000	1.65519999465905129910e+001	1	1
3.20887593750000000000e+005	0.00000000000000000000e+000	3.20882000000000000000e+005	1.21717988799999995769e-004	0.00000000000000000000e+000	1.10811408999999997604e+002	0.00000000000000000000e+000	-4.32455580769489078812e-005	0.00000000000000000000e+000	1.13776493636120467636e-004	0.00000000000000000000e+000	1.67299999465467408299e+001	1	1
3.20888593750000000000e+005	0.00000000000000000000e+000	3.20884000000000000000e+005	1.22051031209999998658e-004	0.00000000000000000000e+000	1.10633865360000001488e+002	0.00000000000000000000e+000	-4.30101518260798013440e-005	0.00000000000000000000e+000	1.14221631310894690750e-004	0.00000000000000000000e+000	1.69069999465718865395e+001	1	1
3.20891625000000000000e+005	0.00000000000000000000e+000	3.20886000000000000000e+005	1.22451441709999994407e-004	0.00000000000000000000e+000	1.10442993160000000330e+002	0.00000000000000000000e+000	-4.27692553028474018871e-005	0.00000000000000000000e+000	1.14739471750995025712e-004	0.00000000000000000000e+000	1.70829999465495347977e+001	1	1
3.20893187500000000000e+005	0.00000000000000000000e+000	3.20888000000000000000e+005	1.22818106319999993106e-004	0.00000000000000000000e+000	1.10234199520000004213e+002	0.00000000000000000000e+000	-4.24776599536708608911e-005	0.00000000000000000000e+000	1.15238603101960269330e-004	0.00000000000000000000e+000	1.72619999465532600880e+001	1	1
3.20895687500000000000e+005	0.00000000000000000000e+000	3.20890000000000000000e+005	1.23206002169999991524e-004	0.00000000000000000000e+000	1.09994743349999993143e+002	0.00000000000000000000e+000	-4.21283086053687177725e-005	0.00000000000000000000e+000	1.15779638040394908922e-004	0.00000000000000000000e+000	1.74389999465784057975e+001	1	1
3.20896875000000000000e+005	0.00000000000000000000e+000	3.20892000000000000000e+005	1.23619902300000012504e-004	0.00000000000000000000e+000	1.09731414790000002313e+002	0.00000000000000000000e+000	-4.17354854762111990643e-005	0.00000000000000000000e+000	1.16361632408309360713e-004	0.00000000000000000000e+000	1.76159999466035515070e+001	1	1
3.20899218750000000000e+005	0.00000000000000000000e+000	3.20894000000000000000e+005	1.24038735520000002266e-004	0.00000000000000000000e+000	1.09453109740000002148e+002	0.00000000000000000000e+000	-4.13092736479815197644e-005	0.00000000000000000000e+000	1.16957906188836546269e-004	0.00000000000000000000e+000	1.77949999466072767973e+001	1	1
3.20900906250000000000e+005	0.00000000000000000000e+000	3.20896000000000000000e+005	1.24456448250000000205e-004	0.00000000000000000000e+000	1.09125381469999993556e+002	0.00000000000000000000e+000	-4.07764675513138381119e-005	0.00000000000000000000e+000	1.17586934669807502050e-004	0.00000000000000000000e+000	1.79719999466324225068e+001	1	1
3.20902843750000000000e+005	0.00000000000000000000e+000	3.20898000000000000000e+005	1.24923055410000003211e-004	0.00000000000000000000e+000	1.08776130679999994300e+002	0.00000000000000000000e+000	-4.02091417743433442210e-005	0.00000000000000000000e+000	1.18275080599172235582e-004	0.00000000000000000000e+000	1.81469999465625733137e+001	1	1
3.20905750000000000000e+005	0.00000000000000000000e+000	3.20900000000000000000e+005	1.25337392090000003704e-004	0.00000000000000000000e+000	1.08385246280000004049e+002	0.00000000000000000000e+000	-3.95319974559912208916e-005	0.00000000000000000000e+000	1.18939829464573802341e-004	0.00000000000000000000e+000	1.83249999466352164745e+001	1	1
3.20907906250000000000e+005	0.00000000000000000000e+000	3.20902000000000000000e+005	1.25770078739999990750e-004	0.00000000000000000000e+000	1.07949073789999999917e+002	0.00000000000000000000e+000	-3.87587556120950262354e-005	0.00000000000000000000e+000	1.19648951393932782470e-004	0.00000000000000000000e+000	1.85019999465439468622e+001	1	1
3.20908531250000000000e+005	0.00000000000000000000e+000	3.20904000000000000000e+005	1.26228216689999993847e-004	0.00000000000000000000e+000	1.07460845950000006610e+002	0.00000000000000000000e+000	-3.78752762875102236208e-005	0.00000000000000000000e+000	1.20411901965222518235e-004	0.00000000000000000000e+000	1.86769999465905129910e+001	1	1
3.20910875000000000000e+005	0.00000000000000000000e+000	3.20906000000000000000e+005	1.26606406410000000640e-004	0.00000000000000000000e+000	1.06914398190000000000e+002	0.00000000000000000000e+000	-3.68351967055036537695e-005	0.00000000000000000000e+000	1.21129477947033768834e-004	0.00000000000000000000e+000	1.88549999465467408299e+001	1	1
3.20913093750000000000e+005	0.00000000000000000000e+000	3.20908000000000000000e+005	1.26991784780000008942e-004	0.00000000000000000000e+000	1.06270668029999995952e+002	0.00000000000000000000e+000	-3.55799588071053590711e-005	0.00000000000000000000e+000	1.21905618955380919111e-004	0.00000000000000000000e+000	1.90289999465458095074e+001	1	1
3.20914187500000000000e+005	0.00000000000000000000e+000	3.20910000000000000000e+005	1.27293620609999997900e-004	0.00000000000000000000e+000	1.05581733700000000908e+002	0.00000000000000000000e+000	-3.41926848602004793045e-005	0.00000000000000000000e+000	1.22615358540656058366e-004	0.00000000000000000000e+000	1.92059999465709552169e+001	1	1
3.20916750000000000000e+005	0.00000000000000000000e+000	3.20912000000000000000e+005	1.27486157000000001642e-004	0.00000000000000000000e+000	1.04828804020000006858e+002	0.00000000000000000000e+000	-3.26277542088245487675e-005	0.00000000000000000000e+000	1.23240212114054638803e-004	0.00000000000000000000e+000	1.93849999465746805072e+001	1	1
3.20918562500000000000e+005	0.00000000000000000000e+000	3.20914000000000000000e+005	1.27565421280000009527e-004	0.00000000000000000000e+000	1.04035873409999993555e+002	0.00000000000000000000e+000	-3.09383560387106133012e-005	0.00000000000000000000e+000	1.23756837516017108346e-004	0.00000000000000000000e+000	1.95579999466426670551e+001	1	1
3.20921093750000000000e+005	0.00000000000000000000e+000	3.20916000000000000000e+005	1.27447710839999995636e-004	0.00000000000000000000e+000	1.03155075069999995208e+002	0.00000000000000000000e+000	-2.90054929686244524444e-005	0.00000000000000000000e+000	1.24103184391067628218e-004	0.00000000000000000000e+000	1.97329999465728178620e+001	1	1
3.20922875000000000000e+005	0.00000000000000000000e+000	3.20918000000000000000e+005	1.27094317579999990147e-004	0.00000000000000000000e+000	1.02219932560000003718e+002	0.00000000000000000000e+000	-2.69013915273015148460e-005	0.00000000000000000000e+000	1.24214655717514777834e-004	0.00000000000000000000e+000	1.99089999465504661202e+001	1	1
3.20925718750000000000e+005	0.00000000000000000000e+000	3.20920000000000000000e+005	1.26427024949999993429e-004	0.00000000000000000000e+000	1.01224464420000003884e+002	0.00000000000000000000e+000	-2.46094195066405437261e-005	0.00000000000000000000e+000	1.24008746099838048846e-004	0.00000000000000000000e+000	2.00839999465970322490e+001	1	1
3.20927093750000000000e+005	0.00000000000000000000e+000	3.20922000000000000000e+005	1.25490987559999996482e-004	0.00000000000000000000e+000	1.00188629149999997026e+002	0.00000000000000000000e+000	-2.21980236407190819519e-005	0.00000000000000000000e+000	1.23512087283917905900e-004	0.00000000000000000000e+000	2.02589999466435983777e+001	1	1
3.20929125000000000000e+005	0.00000000000000000000e+000	3.20924000000000000000e+005	1.24239260910000013293e-004	0.00000000000000000000e+000	9.91878356929999966951e+001	0.00000000000000000000e+000	-1.98374789376964579663e-005	0.00000000000000000000e+000	1.22645294980523028843e-004	0.00000000000000000000e+000	2.04359999465523287654e+001	1	1
3.20931156250000000000e+005	0.00000000000000000000e+000	3.20926000000000000000e+005	1.22672689029999987861e-004	0.00000000000000000000e+000	9.82264556880000014871e+001	0.00000000000000000000e+000	-1.75527330588315533678e-005	0.00000000000000000000e+000	1.21410420458939520517e-004	0.00000000000000000000e+000	2.06109999465988948941e+001	1	1
3.20932656250000000000e+005	0.00000000000000000000e+000	3.20928000000000000000e+005	1.20834854899999995974e-004	0.00000000000000000000e+000	9.73500595090000047094e+001	0.00000000000000000000e+000	-1.54585422676923549929e-005	0.00000000000000000000e+000	1.19841961055642030149e-004	0.00000000000000000000e+000	2.07879999466240406036e+001	1	1
3.20935031250000000000e+005	0.00000000000000000000e+000	3.20930000000000000000e+005	1.18818883490000003493e-004	0.00000000000000000000e+000	9.66015930180000026439e+001	0.00000000000000000000e+000	-1.36599821696919485054e-005	0.00000000000000000000e+000	1.18031063542331480262e-004	0.00000000000000000000e+000	2.09649999466491863132e+001	1	1
3.20937187500000000000e+005	0.00000000000000000000e+000	3.20932000000000000000e+005	1.16649986009999994318e-004	0.00000000000000000000e+000	9.59966125490000052878e+001	0.00000000000000000000e+000	-1.21863816204968404550e-005	0.00000000000000000000e+000	1.16011686217953104714e-004	0.00000000000000000000e+000	2.11399999465793371201e+001	1	1
3.20938937500000000000e+005	0.00000000000000000000e+000	3.20934000000000000000e+005	1.14365699120000003665e-004	0.00000000000000000000e+000	9.55059432980000053703e+001	0.00000000000000000000e+000	-1.09732717506335703201e-005	0.00000000000000000000e+000	1.13838044793000177238e-004	0.00000000000000000000e+000	2.13159999465569853783e+001	1	1
3.20940843750000000000e+005	0.00000000000000000000e+000	3.20936000000000000000e+005	1.12074652860000000009e-004	0.00000000000000000000e+000	9.51763229369999947949e+001	0.00000000000000000000e+000	-1.01114875118979622814e-005	0.00000000000000000000e+000	1.11617586580190126817e-004	0.00000000000000000000e+000	2.14929999465821310878e+001	1	1
3.20943468750000000000e+005	0.00000000000000000000e+000	3.20938000000000000000e+005	1.09713073470000006403e-004	0.00000000000000000000e+000	9.49982452389999991738e+001	0.00000000000000000000e+000	-9.55877398618937130473e-006	0.00000000000000000000e+000	1.09295875174292685334e-004	0.00000000000000000000e+000	2.16699999466072767973e+001	1	1
3.20945406250000000000e+005	0.00000000000000000000e+000	3.20940000000000000000e+005	1.07565494549999996063e-004	0.00000000000000000000e+000	9.49772796630000044615e+001	0.00000000000000000000e+000	-9.33245459330284047423e-006	0.00000000000000000000e+000	1.07159884793937791440e-004	0.00000000000000000000e+000	2.18539999466156587005e+001	1	1
3.20947687500000000000e+005	0.00000000000000000000e+000	3.20942000000000000000e+005	1.05394108689999994335e-004	0.00000000000000000000e+000	9.50712203979999941339e+001	0.00000000000000000000e+000	-9.31620128244495746548e-006	0.00000000000000000000e+000	1.04981553333071355350e-004	0.00000000000000000000e+000	2.20279999466147273779e+001	1	1
3.20949625000000000000e+005	0.00000000000000000000e+000	3.20944000000000000000e+005	1.03366022809999995465e-004	0.00000000000000000000e+000	9.53136596679999996695e+001	0.00000000000000000000e+000	-9.57251479889190445133e-006	0.00000000000000000000e+000	1.02921822914202383439e-004	0.00000000000000000000e+000	2.22059999465709552169e+001	1	1
3.20951406250000000000e+005	0.00000000000000000000e+000	3.20946000000000000000e+005	1.01502293550000000240e-004	0.00000000000000000000e+000	9.56538314820000010741e+001	0.00000000000000000000e+000	-9.99979085506434732164e-006	0.00000000000000000000e+000	1.01008513397462406811e-004	0.00000000000000000000e+000	2.23819999465486034751e+001	1	1
3.20953812500000000000e+005	0.00000000000000000000e+000	3.20948000000000000000e+005	9.97995884970000033841e-005	0.00000000000000000000e+000	9.61178283689999943817e+001	0.00000000000000000000e+000	-1.06359854214156355232e-005	0.00000000000000000000e+000	9.92312132259097739312e-005	0.00000000000000000000e+000	2.25579999466426670551e+001	1	1
3.20955625000000000000e+005	0.00000000000000000000e+000	3.20950000000000000000e+005	9.82512210609999954393e-005	0.00000000000000000000e+000	9.66493911740000015698e+001	0.00000000000000000000e+000	-1.13768434100638287949e-005	0.00000000000000000000e+000	9.75903164970806652348e-005	0.00000000000000000000e+000	2.27359999465988948941e+001	1	1
3.20957031250000000000e+005	0.00000000000000000000e+000	3.20952000000000000000e+005	9.70028631850000032074e-005	0.00000000000000000000e+000	9.72539901730000053703e+001	0.00000000000000000000e+000	-1.22483599512857088741e-005	0.00000000000000000000e+000	9.62264680043467529992e-005	0.00000000000000000000e+000	2.29129999466240406036e+001	1	1
3.20959375000000000000e+005	0.00000000000000000000e+000	3.20954000000000000000e+005	9.58606251519999980710e-005	0.00000000000000000000e+000	9.78788375849999994216e+001	0.00000000000000000000e+000	-1.31404459804123423488e-005	0.00000000000000000000e+000	9.49557166997759983379e-005	0.00000000000000000000e+000	2.30899999466491863132e+001	1	1
3.20961687500000000000e+005	0.00000000000000000000e+000	3.20956000000000000000e+005	9.48911329030000032193e-005	0.00000000000000000000e+000	9.85359725950000040484e+001	0.00000000000000000000e+000	-1.40847190286389542247e-005	0.00000000000000000000e+000	9.38400116874412262066e-005	0.00000000000000000000e+000	2.32659999466268345714e+001	1	1
3.20962937500000000000e+005	0.00000000000000000000e+000	3.20958000000000000000e+005	9.40850950430000048047e-005	0.00000000000000000000e+000	9.92117385859999956210e+001	0.00000000000000000000e+000	-1.50614615905576351701e-005	0.00000000000000000000e+000	9.28717259665529304901e-005	0.00000000000000000000e+000	2.34419999466044828296e+001	1	1
3.20965687500000000000e+005	0.00000000000000000000e+000	3.20960000000000000000e+005	9.33993505900000019941e-005	0.00000000000000000000e+000	9.98948593140000014046e+001	0.00000000000000000000e+000	-1.60498083290308685123e-005	0.00000000000000000000e+000	9.20100121901693061540e-005	0.00000000000000000000e+000	2.36189999466296285391e+001	1	1
3.20967125000000000000e+005	0.00000000000000000000e+000	3.20962000000000000000e+005	9.28474401009999960677e-005	0.00000000000000000000e+000	1.00562034609999997770e+002	0.00000000000000000000e+000	-1.70189327236727135941e-005	0.00000000000000000000e+000	9.12743286047938278153e-005	0.00000000000000000000e+000	2.37949999466072767973e+001	1	1
3.20968687500000000000e+005	0.00000000000000000000e+000	3.20964000000000000000e+005	9.23915576999999950576e-005	0.00000000000000000000e+000	1.01239471440000002644e+002	0.00000000000000000000e+000	-1.80080442379161775781e-005	0.00000000000000000000e+000	9.06195910217966150643e-005	0.00000000000000000000e+000	2.39689999466063454747e+001	1	1
3.20970593750000000000e+005	0.00000000000000000000e+000	3.20966000000000000000e+005	9.20703605520000037182e-005	0.00000000000000000000e+000	1.01878883360000003222e+002	0.00000000000000000000e+000	-1.89520859474730875337e-005	0.00000000000000000000e+000	9.00986666406050130430e-005	0.00000000000000000000e+000	2.41459999466314911842e+001	1	1
3.20972812500000000000e+005	0.00000000000000000000e+000	3.20968000000000000000e+005	9.18277510210000012109e-005	0.00000000000000000000e+000	1.02485885620000004792e+002	0.00000000000000000000e+000	-1.98530747821709049091e-005	0.00000000000000000000e+000	8.96559606455047482156e-005	0.00000000000000000000e+000	2.43229999465402215719e+001	1	1
3.20975218750000000000e+005	0.00000000000000000000e+000	3.20970000000000000000e+005	9.16634089660000011667e-005	0.00000000000000000000e+000	1.03087272639999994794e+002	0.00000000000000000000e+000	-2.07557965337731407539e-005	0.00000000000000000000e+000	8.92825708272156586117e-005	0.00000000000000000000e+000	2.45089999466435983777e+001	1	1
3.20976687500000000000e+005	0.00000000000000000000e+000	3.20972000000000000000e+005	9.15481286939999943991e-005	0.00000000000000000000e+000	1.03669509890000000496e+002	0.00000000000000000000e+000	-2.16347517268892020124e-005	0.00000000000000000000e+000	8.89550301280880308889e-005	0.00000000000000000000e+000	2.46859999465523287654e+001	1	1
3.20978875000000000000e+005	0.00000000000000000000e+000	3.20974000000000000000e+005	9.15097698449999981700e-005	0.00000000000000000000e+000	1.04200973509999997191e+002	0.00000000000000000000e+000	-2.24495269984901159766e-005	0.00000000000000000000e+000	8.87133401165176210855e-005	0.00000000000000000000e+000	2.48619999466463923454e+001	1	1
3.20981187500000000000e+005	0.00000000000000000000e+000	3.20976000000000000000e+005	9.15199852899999951412e-005	0.00000000000000000000e+000	1.04708824160000006032e+002	0.00000000000000000000e+000	-2.32375540098960926805e-005	0.00000000000000000000e+000	8.85207534486629702558e-005	0.00000000000000000000e+000	2.50359999466454610229e+001	1	1
3.20983000000000000000e+005	0.00000000000000000000e+000	3.20978000000000000000e+005	9.15865675779999939164e-005	0.00000000000000000000e+000	1.05206985470000006444e+002	0.00000000000000000000e+000	-2.40237795328635697178e-005	0.00000000000000000000e+000	8.83796208278578472595e-005	0.00000000000000000000e+000	2.52129999465541914105e+001	1	1
3.20984156250000000000e+005	0.00000000000000000000e+000	3.20980000000000000000e+005	9.16384815350000040812e-005	0.00000000000000000000e+000	1.05658958440000006362e+002	0.00000000000000000000e+000	-2.47342122200864415521e-005	0.00000000000000000000e+000	8.82373506169142885185e-005	0.00000000000000000000e+000	2.53849999465746805072e+001	1	1
3.20986843750000000000e+005	0.00000000000000000000e+000	3.20982000000000000000e+005	9.17700672290000063307e-005	0.00000000000000000000e+000	1.06092834469999999669e+002	0.00000000000000000000e+000	-2.54381545725161223586e-005	0.00000000000000000000e+000	8.81739504114449764664e-005	0.00000000000000000000e+000	2.55599999466212466359e+001	1	1
3.20988906250000000000e+005	0.00000000000000000000e+000	3.20984000000000000000e+005	9.19043013709999935144e-005	0.00000000000000000000e+000	1.06510391240000004132e+002	0.00000000000000000000e+000	-2.61182101103690375522e-005	0.00000000000000000000e+000	8.81149233167810677940e-005	0.00000000000000000000e+000	2.57349999465513974428e+001	1	1
3.20992062500000000000e+005	0.00000000000000000000e+000	3.20986000000000000000e+005	9.20554011830000001610e-005	0.00000000000000000000e+000	1.06883918760000000248e+002	0.00000000000000000000e+000	-2.67359817742217689696e-005	0.00000000000000000000e+000	8.80873666624877512408e-005	0.00000000000000000000e+000	2.59159999466501176357e+001	1	1
3.20993312500000000000e+005	0.00000000000000000000e+000	3.20988000000000000000e+005	9.22453982639999940001e-005	0.00000000000000000000e+000	1.07237632750000003057e+002	0.00000000000000000000e+000	-2.73355767394854897085e-005	0.00000000000000000000e+000	8.81020984154388481441e-005	0.00000000000000000000e+000	2.60919999466277658939e+001	1	1
3.20994937500000000000e+005	0.00000000000000000000e+000	3.20990000000000000000e+005	9.24149790079999936421e-005	0.00000000000000000000e+000	1.07586013789999995538e+002	0.00000000000000000000e+000	-2.79220004270865155551e-005	0.00000000000000000000e+000	8.80959149858769578626e-005	0.00000000000000000000e+000	2.62669999465579167008e+001	1	1
3.20996656250000000000e+005	0.00000000000000000000e+000	3.20992000000000000000e+005	9.26090651769999941576e-005	0.00000000000000000000e+000	1.07889755249999993225e+002	0.00000000000000000000e+000	-2.84482483808398072900e-005	0.00000000000000000000e+000	8.81313571722339822966e-005	0.00000000000000000000e+000	2.64459999465616419911e+001	1	1
3.20999031250000000000e+005	0.00000000000000000000e+000	3.20994000000000000000e+005	9.27976434469999995934e-005	0.00000000000000000000e+000	1.08191246030000002065e+002	0.00000000000000000000e+000	-2.89704723860975632240e-005	0.00000000000000000000e+000	8.81595959555333971930e-005	0.00000000000000000000e+000	2.66209999466082081199e+001	1	1
3.21000687500000000000e+005	0.00000000000000000000e+000	3.20996000000000000000e+005	9.29949965209999934897e-005	0.00000000000000000000e+000	1.08466003420000006940e+002	0.00000000000000000000e+000	-2.94554100260762717427e-005	0.00000000000000000000e+000	8.82068489298678382439e-005	0.00000000000000000000e+000	2.67979999466333538294e+001	1	1
3.21003312500000000000e+005	0.00000000000000000000e+000	3.20998000000000000000e+005	9.32287803150000024544e-005	0.00000000000000000000e+000	1.08720870970000007105e+002	0.00000000000000000000e+000	-2.99225206566755551373e-005	0.00000000000000000000e+000	8.82963659307298869613e-005	0.00000000000000000000e+000	2.69779999465681612492e+001	1	1
3.21004812500000000000e+005	0.00000000000000000000e+000	3.21000000000000000000e+005	9.34349009190000060702e-005	0.00000000000000000000e+000	1.08980072019999994382e+002	0.00000000000000000000e+000	-3.03886965706310820535e-005	0.00000000000000000000e+000	8.83550102171996892169e-005	0.00000000000000000000e+000	2.71539999465458095074e+001	1	1
3.21007406250000000000e+005	0.00000000000000000000e+000	3.21002000000000000000e+005	9.36517681110000043635e-005	0.00000000000000000000e+000	1.09209327700000002892e+002	0.00000000000000000000e+000	-3.08133380162264501004e-005	0.00000000000000000000e+000	8.84375026253811016971e-005	0.00000000000000000000e+000	2.73319999466184526682e+001	1	1
3.21008375000000000000e+005	0.00000000000000000000e+000	3.21004000000000000000e+005	9.38624143599999964183e-005	0.00000000000000000000e+000	1.09435363769999995043e+002	0.00000000000000000000e+000	-3.12320808922287150729e-005	0.00000000000000000000e+000	8.85138969463530850918e-005	0.00000000000000000000e+000	2.75109999466221779585e+001	1	1
3.21011281250000000000e+005	0.00000000000000000000e+000	3.21006000000000000000e+005	9.40916434050000045431e-005	0.00000000000000000000e+000	1.09629142759999993473e+002	0.00000000000000000000e+000	-3.16082679617247353345e-005	0.00000000000000000000e+000	8.86236692713266403787e-005	0.00000000000000000000e+000	2.76859999465523287654e+001	1	1
3.21013250000000000000e+005	0.00000000000000000000e+000	3.21008000000000000000e+005	9.42932529140000049491e-005	0.00000000000000000000e+000	1.09815002440000000661e+002	0.00000000000000000000e+000	-3.19639266714217518367e-005	0.00000000000000000000e+000	8.87103428966856373886e-005	0.00000000000000000000e+000	2.78619999466463923454e+001	1	1
3.21015562500000000000e+005	0.00000000000000000000e+000	3.21010000000000000000e+005	9.44946950770000058430e-005	0.00000000000000000000e+000	1.09991050720000004048e+002	0.00000000000000000000e+000	-3.23052164185901578581e-005	0.00000000000000000000e+000	8.88010157027680711297e-005	0.00000000000000000000e+000	2.80389999465551227331e+001	1	1
3.21016843750000000000e+005	0.00000000000000000000e+000	3.21012000000000000000e+005	9.47275620999999984784e-005	0.00000000000000000000e+000	1.10178512569999995208e+002	0.00000000000000000000e+000	-3.26759110920201212617e-005	0.00000000000000000000e+000	8.89134177484801976497e-005	0.00000000000000000000e+000	2.82149999466491863132e+001	1	1
3.21018625000000000000e+005	0.00000000000000000000e+000	3.21014000000000000000e+005	9.49511231740000043048e-005	0.00000000000000000000e+000	1.10342582699999994134e+002	0.00000000000000000000e+000	-3.30081031394438507900e-005	0.00000000000000000000e+000	8.90291015294434939569e-005	0.00000000000000000000e+000	2.83889999466482549906e+001	1	1
3.21020968750000000000e+005	0.00000000000000000000e+000	3.21016000000000000000e+005	9.51498805080000010538e-005	0.00000000000000000000e+000	1.10486785889999993060e+002	0.00000000000000000000e+000	-3.33016319611606126838e-005	0.00000000000000000000e+000	8.91319306949540175657e-005	0.00000000000000000000e+000	2.85629999466473236680e+001	1	1
3.21024031250000000000e+005	0.00000000000000000000e+000	3.21018000000000000000e+005	9.53650378509999959971e-005	0.00000000000000000000e+000	1.10632278439999993225e+002	0.00000000000000000000e+000	-3.36036739580966299472e-005	0.00000000000000000000e+000	8.92484371899060187697e-005	0.00000000000000000000e+000	2.87399999465560540557e+001	1	1
3.21025218750000000000e+005	0.00000000000000000000e+000	3.21020000000000000000e+005	9.55709401749999946972e-005	0.00000000000000000000e+000	1.10766967769999993720e+002	0.00000000000000000000e+000	-3.38863900239321915266e-005	0.00000000000000000000e+000	8.93617209832005103282e-005	0.00000000000000000000e+000	2.89159999466501176357e+001	1	1
3.21027312500000000000e+005	0.00000000000000000000e+000	3.21022000000000000000e+005	9.57901866059999963169e-005	0.00000000000000000000e+000	1.10896347050000002810e+002	0.00000000000000000000e+000	-3.41662911270198822429e-005	0.00000000000000000000e+000	8.94898005397040896764e-005	0.00000000000000000000e+000	2.90939999466063454747e+001	1	1
3.21029812500000000000e+005	0.00000000000000000000e+000	3.21024000000000000000e+005	9.59749668249999961494e-005	0.00000000000000000000e+000	1.11005508419999998182e+002	0.00000000000000000000e+000	-3.44029631322938624430e-005	0.00000000000000000000e+000	8.95970445091682723580e-005	0.00000000000000000000e+000	2.92689999465364962816e+001	1	1
3.21031687500000000000e+005	0.00000000000000000000e+000	3.21026000000000000000e+005	9.61659898169999952230e-005	0.00000000000000000000e+000	1.11127838130000000660e+002	0.00000000000000000000e+000	-3.46630335403316211301e-005	0.00000000000000000000e+000	8.97015702385704750098e-005	0.00000000000000000000e+000	2.94449999466305598617e+001	1	1
3.21032406250000000000e+005	0.00000000000000000000e+000	3.21028000000000000000e+005	9.63362108449999953504e-005	0.00000000000000000000e+000	1.11218025209999993308e+002	0.00000000000000000000e+000	-3.48657923500716212650e-005	0.00000000000000000000e+000	8.98055791350068759746e-005	0.00000000000000000000e+000	2.96199999465607106686e+001	1	1
3.21034375000000000000e+005	0.00000000000000000000e+000	3.21030000000000000000e+005	9.65290528260000002319e-005	0.00000000000000000000e+000	1.11327873229999994464e+002	0.00000000000000000000e+000	-3.51080417625134947159e-005	0.00000000000000000000e+000	8.99182041807236544142e-005	0.00000000000000000000e+000	2.97949999466072767973e+001	1	1
3.21036562500000000000e+005	0.00000000000000000000e+000	3.21032000000000000000e+005	9.67348169069999979470e-005	0.00000000000000000000e+000	1.11430725100000003636e+002	0.00000000000000000000e+000	-3.53445788681389010751e-005	0.00000000000000000000e+000	9.00465743194305120924e-005	0.00000000000000000000e+000	2.99779999465681612492e+001	1	1
3.21038937500000000000e+005	0.00000000000000000000e+000	3.21034000000000000000e+005	9.69200918920000046653e-005	0.00000000000000000000e+000	1.11505043029999995952e+002	0.00000000000000000000e+000	-3.55292665193590571113e-005	0.00000000000000000000e+000	9.01730305188312692257e-005	0.00000000000000000000e+000	3.01529999466147273779e+001	1	1
3.21041281250000000000e+005	0.00000000000000000000e+000	3.21036000000000000000e+005	9.70830442380000009596e-005	0.00000000000000000000e+000	1.11594581599999997934e+002	0.00000000000000000000e+000	-3.57301127606189761307e-005	0.00000000000000000000e+000	9.02689122601514366134e-005	0.00000000000000000000e+000	3.03279999465448781848e+001	1	1
3.21043218750000000000e+005	0.00000000000000000000e+000	3.21038000000000000000e+005	9.72679263209999967615e-005	0.00000000000000000000e+000	1.11667144780000000992e+002	0.00000000000000000000e+000	-3.59126676482658332718e-005	0.00000000000000000000e+000	9.03954080314519329729e-005	0.00000000000000000000e+000	3.05049999465700238943e+001	1	1
3.21044781250000000000e+005	0.00000000000000000000e+000	3.21040000000000000000e+005	9.74166032390000021304e-005	0.00000000000000000000e+000	1.11755493160000000330e+002	0.00000000000000000000e+000	-3.61071184868945157034e-005	0.00000000000000000000e+000	9.04780115895464714330e-005	0.00000000000000000000e+000	3.06859999465523287654e+001	1	1
3.21046531250000000000e+005	0.00000000000000000000e+000	3.21042000000000000000e+005	9.75932343860000010112e-005	0.00000000000000000000e+000	1.11824638370000002396e+002	0.00000000000000000000e+000	-3.62819477156464388580e-005	0.00000000000000000000e+000	9.05983425228068457767e-005	0.00000000000000000000e+000	3.08559999465942382812e+001	1	1
3.21049468750000000000e+005	0.00000000000000000000e+000	3.21044000000000000000e+005	9.77439412959999967415e-005	0.00000000000000000000e+000	1.11889656070000000909e+002	0.00000000000000000000e+000	-3.64409194648300082536e-005	0.00000000000000000000e+000	9.06969539104465641375e-005	0.00000000000000000000e+000	3.10329999466193839908e+001	1	1
3.21050718750000000000e+005	0.00000000000000000000e+000	3.21046000000000000000e+005	9.79073302010000025460e-005	0.00000000000000000000e+000	1.11962066649999997026e+002	0.00000000000000000000e+000	-3.66166196621014870165e-005	0.00000000000000000000e+000	9.08023593945038920341e-005	0.00000000000000000000e+000	3.12089999465970322490e+001	1	1
3.21053281250000000000e+005	0.00000000000000000000e+000	3.21048000000000000000e+005	9.80521217570000060875e-005	0.00000000000000000000e+000	1.12015541080000005536e+002	0.00000000000000000000e+000	-3.67556262639213195955e-005	0.00000000000000000000e+000	9.09023790612572006511e-005	0.00000000000000000000e+000	3.13879999466007575393e+001	1	1
3.21054843750000000000e+005	0.00000000000000000000e+000	3.21050000000000000000e+005	9.81945049719999945442e-005	0.00000000000000000000e+000	1.12071083070000000248e+002	0.00000000000000000000e+000	-3.68972303187112558908e-005	0.00000000000000000000e+000	9.09986549433787310359e-005	0.00000000000000000000e+000	3.15679999466519802809e+001	1	1
3.21057031250000000000e+005	0.00000000000000000000e+000	3.21052000000000000000e+005	9.83655336309999949905e-005	0.00000000000000000000e+000	1.12139450069999995208e+002	0.00000000000000000000e+000	-3.70702404985189022820e-005	0.00000000000000000000e+000	9.11129819284461775833e-005	0.00000000000000000000e+000	3.17439999466296285391e+001	1	1
3.21060000000000000000e+005	0.00000000000000000000e+000	3.21054000000000000000e+005	9.85029546429999993719e-005	0.00000000000000000000e+000	1.12177536009999997191e+002	0.00000000000000000000e+000	-3.71826707550557708590e-005	0.00000000000000000000e+000	9.12155747058693603616e-005	0.00000000000000000000e+000	3.19219999465858563781e+001	1	1
3.21061718750000000000e+005	0.00000000000000000000e+000	3.21056000000000000000e+005	9.86564846239999999108e-005	0.00000000000000000000e+000	1.12219406129999995869e+002	0.00000000000000000000e+000	-3.73073765844020156074e-005	0.00000000000000000000e+000	9.13305075577441465582e-005	0.00000000000000000000e+000	3.20939999466063454747e+001	1	1
3.21063593750000000000e+005	0.00000000000000000000e+000	3.21058000000000000000e+005	9.87725143199999960691e-005	0.00000000000000000000e+000	1.12267944339999999670e+002	0.00000000000000000000e+000	-3.74287020817835400645e-005	0.00000000000000000000e+000	9.14062462065240796541e-005	0.00000000000000000000e+000	3.22709999466314911842e+001	1	1
3.21064812500000000000e+005	0.00000000000000000000e+000	3.21060000000000000000e+005	9.89080072030000057373e-005	0.00000000000000000000e+000	1.12317649840000001404e+002	0.00000000000000000000e+000	-3.75594373751918475220e-005	0.00000000000000000000e+000	9.14990849841010409505e-005	0.00000000000000000000e+000	3.24479999465402215719e+001	1	1
3.21067093750000000000e+005	0.00000000000000000000e+000	3.21062000000000000000e+005	9.90341723079999952575e-005	0.00000000000000000000e+000	1.12353698730000004957e+002	0.00000000000000000000e+000	-3.76649820845002000855e-005	0.00000000000000000000e+000	9.15921197991667482372e-005	0.00000000000000000000e+000	3.26229999465867877007e+001	1	1
3.21069218750000000000e+005	0.00000000000000000000e+000	3.21064000000000000000e+005	9.91649212659999980185e-005	0.00000000000000000000e+000	1.12392311100000000579e+002	0.00000000000000000000e+000	-3.77765069730033446228e-005	0.00000000000000000000e+000	9.16876061995873449691e-005	0.00000000000000000000e+000	3.28009999465430155396e+001	1	1
3.21071750000000000000e+005	0.00000000000000000000e+000	3.21066000000000000000e+005	9.92870773189999980242e-005	0.00000000000000000000e+000	1.12444488530000000992e+002	0.00000000000000000000e+000	-3.79066259890506609227e-005	0.00000000000000000000e+000	9.17660690488336964424e-005	0.00000000000000000000e+000	3.29749999465420842171e+001	1	1
3.21073187500000000000e+005	0.00000000000000000000e+000	3.21068000000000000000e+005	9.94100628300000039401e-005	0.00000000000000000000e+000	1.12477157590000004461e+002	0.00000000000000000000e+000	-3.80059624557805119239e-005	0.00000000000000000000e+000	9.18580829849739005904e-005	0.00000000000000000000e+000	3.31499999465886503458e+001	1	1
3.21075093750000000000e+005	0.00000000000000000000e+000	3.21070000000000000000e+005	9.95297668850000038197e-005	0.00000000000000000000e+000	1.12505538939999993886e+002	0.00000000000000000000e+000	-3.80972789543768279911e-005	0.00000000000000000000e+000	9.19498332377761365842e-005	0.00000000000000000000e+000	3.33269999466137960553e+001	1	1
3.21076968750000000000e+005	0.00000000000000000000e+000	3.21072000000000000000e+005	9.96427770589999964876e-005	0.00000000000000000000e+000	1.12550025939999997604e+002	0.00000000000000000000e+000	-3.82119996774672816202e-005	0.00000000000000000000e+000	9.20245950856553117771e-005	0.00000000000000000000e+000	3.35019999465439468622e+001	1	1
3.21078906250000000000e+005	0.00000000000000000000e+000	3.21074000000000000000e+005	9.97418974290000020155e-005	0.00000000000000000000e+000	1.12569976810000000000e+002	0.00000000000000000000e+000	-3.82820846292267124244e-005	0.00000000000000000000e+000	9.21028126561718006463e-005	0.00000000000000000000e+000	3.36789999465690925717e+001	1	1
3.21081312500000000000e+005	0.00000000000000000000e+000	3.21076000000000000000e+005	9.98531832010000051404e-005	0.00000000000000000000e+000	1.12609008790000004296e+002	0.00000000000000000000e+000	-3.83876022957820386711e-005	0.00000000000000000000e+000	9.21794455687022408355e-005	0.00000000000000000000e+000	3.38549999465467408299e+001	1	1
3.21083031250000000000e+005	0.00000000000000000000e+000	3.21078000000000000000e+005	9.99622934609999965567e-005	0.00000000000000000000e+000	1.12640846249999995621e+002	0.00000000000000000000e+000	-3.84808199406526304240e-005	0.00000000000000000000e+000	9.22588023479502695057e-005	0.00000000000000000000e+000	3.40299999465933069587e+001	1	1
3.21085781250000000000e+005	0.00000000000000000000e+000	3.21080000000000000000e+005	1.00077682870000004818e-004	0.00000000000000000000e+000	1.12667404169999997521e+002	0.00000000000000000000e+000	-3.85680487937225760118e-005	0.00000000000000000000e+000	9.23474321292873113467e-005	0.00000000000000000000e+000	3.42089999465970322490e+001	1	1
3.21087250000000000000e+005	0.00000000000000000000e+000	3.21082000000000000000e+005	1.00199002190000006299e-004	0.00000000000000000000e+000	1.12693573000000000661e+002	0.00000000000000000000e+000	-3.86570281188661283829e-005	0.00000000000000000000e+000	9.24417341728768081517e-005	0.00000000000000000000e+000	3.43859999466221779585e+001	1	1
3.21089406250000000000e+005	0.00000000000000000000e+000	3.21084000000000000000e+005	1.00284691139999998489e-004	0.00000000000000000000e+000	1.12723983759999995868e+002	0.00000000000000000000e+000	-3.87391887433480411372e-005	0.00000000000000000000e+000	9.25002407161865249736e-005	0.00000000000000000000e+000	3.45619999465998262167e+001	1	1
3.21091750000000000000e+005	0.00000000000000000000e+000	3.21086000000000000000e+005	1.00348304839999999177e-004	0.00000000000000000000e+000	1.12748847960000006196e+002	0.00000000000000000000e+000	-3.88039256311035861283e-005	0.00000000000000000000e+000	9.25420857765662792198e-005	0.00000000000000000000e+000	3.47379999465774744749e+001	1	1
3.21094125000000000000e+005	0.00000000000000000000e+000	3.21088000000000000000e+005	1.00480778200000005033e-004	0.00000000000000000000e+000	1.12761749269999995704e+002	0.00000000000000000000e+000	-3.88760163267877731125e-005	0.00000000000000000000e+000	9.26555024930355978531e-005	0.00000000000000000000e+000	3.49129999466240406036e+001	1	1
3.21095250000000000000e+005	0.00000000000000000000e+000	3.21090000000000000000e+005	1.00563491289999993933e-004	0.00000000000000000000e+000	1.12799644470000004048e+002	0.00000000000000000000e+000	-3.89693419338124809066e-005	0.00000000000000000000e+000	9.27060201372031060648e-005	0.00000000000000000000e+000	3.50879999465541914105e+001	1	1
3.21097687500000000000e+005	0.00000000000000000000e+000	3.21092000000000000000e+005	1.00659264720000002791e-004	0.00000000000000000000e+000	1.12808021550000006528e+002	0.00000000000000000000e+000	-3.90200218986743097753e-005	0.00000000000000000000e+000	9.27886063318013971576e-005	0.00000000000000000000e+000	3.52659999466268345714e+001	1	1
3.21099250000000000000e+005	0.00000000000000000000e+000	3.21094000000000000000e+005	1.00742443459999995873e-004	0.00000000000000000000e+000	1.12833900450000001570e+002	0.00000000000000000000e+000	-3.90942063520814474904e-005	0.00000000000000000000e+000	9.28476329477072271842e-005	0.00000000000000000000e+000	3.54519999466137960553e+001	1	1
3.21101437500000000000e+005	0.00000000000000000000e+000	3.21096000000000000000e+005	1.00831188319999999459e-004	0.00000000000000000000e+000	1.12855766299999999092e+002	0.00000000000000000000e+000	-3.91641066699659033548e-005	0.00000000000000000000e+000	9.29144837297546149959e-005	0.00000000000000000000e+000	3.56299999465700238943e+001	1	1
3.21102875000000000000e+005	0.00000000000000000000e+000	3.21098000000000000000e+005	1.00911063779999995429e-004	0.00000000000000000000e+000	1.12881408690000000661e+002	0.00000000000000000000e+000	-3.92367436529479995748e-005	0.00000000000000000000e+000	9.29705369497459230711e-005	0.00000000000000000000e+000	3.58069999465951696038e+001	1	1
3.21104875000000000000e+005	0.00000000000000000000e+000	3.21100000000000000000e+005	1.00990910139999993836e-004	0.00000000000000000000e+000	1.12891616819999995869e+002	0.00000000000000000000e+000	-3.92843665363970645488e-005	0.00000000000000000000e+000	9.30371026888711702809e-005	0.00000000000000000000e+000	3.59829999465728178620e+001	1	1
3.21106875000000000000e+005	0.00000000000000000000e+000	3.21102000000000000000e+005	1.01066652859999999694e-004	0.00000000000000000000e+000	1.12908416750000000661e+002	0.00000000000000000000e+000	-3.93411281898614848267e-005	0.00000000000000000000e+000	9.30953487187874097674e-005	0.00000000000000000000e+000	3.61579999466193839908e+001	1	1
3.21109343750000000000e+005	0.00000000000000000000e+000	3.21104000000000000000e+005	1.01148092650000005093e-004	0.00000000000000000000e+000	1.12935722350000006031e+002	0.00000000000000000000e+000	-3.94172273521909257224e-005	0.00000000000000000000e+000	9.31515906176522411357e-005	0.00000000000000000000e+000	3.63339999465970322490e+001	1	1
3.21111687500000000000e+005	0.00000000000000000000e+000	3.21106000000000000000e+005	1.01222874949999998599e-004	0.00000000000000000000e+000	1.12953163149999994630e+002	0.00000000000000000000e+000	-3.94747443006179734182e-005	0.00000000000000000000e+000	9.32084490566395355848e-005	0.00000000000000000000e+000	3.65089999466435983777e+001	1	1
3.21113718750000000000e+005	0.00000000000000000000e+000	3.21108000000000000000e+005	1.01295903729999999215e-004	0.00000000000000000000e+000	1.12965911869999999340e+002	0.00000000000000000000e+000	-3.95239774840514044955e-005	0.00000000000000000000e+000	9.32669036492453953609e-005	0.00000000000000000000e+000	3.66869999465998262167e+001	1	1
3.21115562500000000000e+005	0.00000000000000000000e+000	3.21110000000000000000e+005	1.01378318500000005409e-004	0.00000000000000000000e+000	1.12977622990000000414e+002	0.00000000000000000000e+000	-3.95752125720418438727e-005	0.00000000000000000000e+000	9.33346988625620703917e-005	0.00000000000000000000e+000	3.68639999466249719262e+001	1	1
3.21117312500000000000e+005	0.00000000000000000000e+000	3.21112000000000000000e+005	1.01446537879999997825e-004	0.00000000000000000000e+000	1.12987434390000004214e+002	0.00000000000000000000e+000	-3.96178364011269030934e-005	0.00000000000000000000e+000	9.33907227016250106018e-005	0.00000000000000000000e+000	3.70399999466026201844e+001	1	1
3.21118562500000000000e+005	0.00000000000000000000e+000	3.21114000000000000000e+005	1.01502992039999997780e-004	0.00000000000000000000e+000	1.13011627200000006610e+002	0.00000000000000000000e+000	-3.96793354987114038645e-005	0.00000000000000000000e+000	9.34259478274264160841e-005	0.00000000000000000000e+000	3.72159999465802684426e+001	1	1
3.21120218750000000000e+005	0.00000000000000000000e+000	3.21116000000000000000e+005	1.01580575569999999558e-004	0.00000000000000000000e+000	1.13030387880000006362e+002	0.00000000000000000000e+000	-3.97402765255591060517e-005	0.00000000000000000000e+000	9.34843503202786196187e-005	0.00000000000000000000e+000	3.73929999466054141521e+001	1	1
3.21123812500000000000e+005	0.00000000000000000000e+000	3.21118000000000000000e+005	1.01670921140000004358e-004	0.00000000000000000000e+000	1.13039520260000003304e+002	0.00000000000000000000e+000	-3.97905346784291054450e-005	0.00000000000000000000e+000	9.35611540943185980698e-005	0.00000000000000000000e+000	3.75699999466305598617e+001	1	1
3.21124937500000000000e+005	0.00000000000000000000e+000	3.21120000000000000000e+005	1.01716468629999999204e-004	0.00000000000000000000e+000	1.13051368710000005535e+002	0.00000000000000000000e+000	-3.98277161589506473356e-005	0.00000000000000000000e+000	9.35948343452769619850e-005	0.00000000000000000000e+000	3.77479999465867877007e+001	1	1
3.21127093750000000000e+005	0.00000000000000000000e+000	3.21122000000000000000e+005	1.01798505059999997119e-004	0.00000000000000000000e+000	1.13053886410000004048e+002	0.00000000000000000000e+000	-3.98639540706860215987e-005	0.00000000000000000000e+000	9.36685688921373488160e-005	0.00000000000000000000e+000	3.79219999465858563781e+001	1	1
3.21129437500000000000e+005	0.00000000000000000000e+000	3.21124000000000000000e+005	1.01861507570000006510e-004	0.00000000000000000000e+000	1.13076324459999995042e+002	0.00000000000000000000e+000	-3.99253275685852341637e-005	0.00000000000000000000e+000	9.37109115470249643158e-005	0.00000000000000000000e+000	3.81059999465942382812e+001	1	1
3.21131093750000000000e+005	0.00000000000000000000e+000	3.21126000000000000000e+005	1.01877652919999994773e-004	0.00000000000000000000e+000	1.13085174559999998678e+002	0.00000000000000000000e+000	-3.99461325731783128902e-005	0.00000000000000000000e+000	9.37195959068008618799e-005	0.00000000000000000000e+000	3.82829999466193839908e+001	1	1
3.21133687500000000000e+005	0.00000000000000000000e+000	3.21128000000000000000e+005	1.01971505500000002818e-004	0.00000000000000000000e+000	1.13086044310000005453e+002	0.00000000000000000000e+000	-3.99843560516960496538e-005	0.00000000000000000000e+000	9.38053261018143214782e-005	0.00000000000000000000e+000	3.84579999465495347977e+001	1	1
3.21135187500000000000e+005	0.00000000000000000000e+000	3.21130000000000000000e+005	1.02042933580000005434e-004	0.00000000000000000000e+000	1.13110656739999996034e+002	0.00000000000000000000e+000	-4.00526842257150830903e-005	0.00000000000000000000e+000	9.38538373212701782823e-005	0.00000000000000000000e+000	3.86329999465961009264e+001	1	1
3.21137000000000000000e+005	0.00000000000000000000e+000	3.21132000000000000000e+005	1.02100129879999999274e-004	0.00000000000000000000e+000	1.13124946589999993307e+002	0.00000000000000000000e+000	-4.00985537233964072249e-005	0.00000000000000000000e+000	9.38964456771648070142e-005	0.00000000000000000000e+000	3.88109999465523287654e+001	1	1
3.21138437500000000000e+005	0.00000000000000000000e+000	3.21134000000000000000e+005	1.02154648629999996422e-004	0.00000000000000000000e+000	1.13127357480000000578e+002	0.00000000000000000000e+000	-4.01239183288936842133e-005	0.00000000000000000000e+000	9.39448956285280544149e-005	0.00000000000000000000e+000	3.89849999465513974428e+001	1	1
3.21140937500000000000e+005	0.00000000000000000000e+000	3.21136000000000000000e+005	1.02202160630000005192e-004	0.00000000000000000000e+000	1.13141639710000006858e+002	0.00000000000000000000e+000	-4.01660073833963113255e-005	0.00000000000000000000e+000	9.39785799441408744442e-005	0.00000000000000000000e+000	3.91639999465551227331e+001	1	1
3.21143031250000000000e+005	0.00000000000000000000e+000	3.21138000000000000000e+005	1.02253863590000005626e-004	0.00000000000000000000e+000	1.13143592830000002891e+002	0.00000000000000000000e+000	-4.01895321033883193155e-005	0.00000000000000000000e+000	9.40247527430572373371e-005	0.00000000000000000000e+000	3.93389999466016888618e+001	1	1
3.21145156250000000000e+005	0.00000000000000000000e+000	3.21140000000000000000e+005	1.02323880129999997615e-004	0.00000000000000000000e+000	1.13144592290000005619e+002	0.00000000000000000000e+000	-4.02186924530165371030e-005	0.00000000000000000000e+000	9.40884329884831188727e-005	0.00000000000000000000e+000	3.95169999465579167008e+001	1	1
3.21146656250000000000e+005	0.00000000000000000000e+000	3.21142000000000000000e+005	1.02359968880000006528e-004	0.00000000000000000000e+000	1.13166679380000005040e+002	0.00000000000000000000e+000	-4.02691574201690261764e-005	0.00000000000000000000e+000	9.41061007043869374861e-005	0.00000000000000000000e+000	3.96959999465616419911e+001	1	1
3.21149500000000000000e+005	0.00000000000000000000e+000	3.21144000000000000000e+005	1.02422709460000001106e-004	0.00000000000000000000e+000	1.13183403020000000083e+002	0.00000000000000000000e+000	-4.03213230718672347168e-005	0.00000000000000000000e+000	9.41520170727195833491e-005	0.00000000000000000000e+000	3.98729999465867877007e+001	1	1
3.21151468750000000000e+005	0.00000000000000000000e+000	3.21146000000000000000e+005	1.02474135929999998285e-004	0.00000000000000000000e+000	1.13191009519999994382e+002	0.00000000000000000000e+000	-4.03540738169659406057e-005	0.00000000000000000000e+000	9.41939343109469122027e-005	0.00000000000000000000e+000	4.00469999465858563781e+001	1	1
3.21153218750000000000e+005	0.00000000000000000000e+000	3.21148000000000000000e+005	1.02534118920000004828e-004	0.00000000000000000000e+000	1.13182975769999998761e+002	0.00000000000000000000e+000	-4.03644794106961814738e-005	0.00000000000000000000e+000	9.42547311523627844064e-005	0.00000000000000000000e+000	4.02239999466110020876e+001	1	1
3.21155906250000000000e+005	0.00000000000000000000e+000	3.21150000000000000000e+005	1.02571983009999996420e-004	0.00000000000000000000e+000	1.13190032959999996365e+002	0.00000000000000000000e+000	-4.03909987691659279493e-005	0.00000000000000000000e+000	9.42845635140395833037e-005	0.00000000000000000000e+000	4.04029999466147273779e+001	1	1
