Fext	FextSD	Fgen	R	RSD	Theta	ThetaSD	X	XSD	Y	YSD	Time	Interval	Round
9.99945983889999979510e+002	0.00000000000000000000e+000	1.00000000000000000000e+003	7.54455268379999988149e-001	0.00000000000000000000e+000	5.55023651119999996695e+001	0.00000000000000000000e+000	4.27302513513950099622e-001	0.00000000000000000000e+000	6.21783976901140733595e-001	0.00000000000000000000e+000	9.09000009531155228615e-001	1	1
1.09997778319999997620e+003	0.00000000000000000000e+000	1.10000000000000000000e+003	7.78468370439999945987e-001	0.00000000000000000000e+000	5.30648536679999978105e+001	0.00000000000000000000e+000	4.67789947636453373736e-001	0.00000000000000000000e+000	6.22242371319884579606e-001	0.00000000000000000000e+000	1.15500000957399606705e+000	1	1
1.20003698729999996431e+003	0.00000000000000000000e+000	1.20000000000000000000e+003	7.98338353630000052696e-001	0.00000000000000000000e+000	5.09091224670000030983e+001	0.00000000000000000000e+000	5.03394046224445168569e-001	0.00000000000000000000e+000	6.19627760112827830064e-001	0.00000000000000000000e+000	1.40400000952649861574e+000	1	1
1.30000256349999995109e+003	0.00000000000000000000e+000	1.30000000000000000000e+003	8.15126359460000005086e-001	0.00000000000000000000e+000	4.90150375369999977693e+001	0.00000000000000000000e+000	5.34609540711999176033e-001	0.00000000000000000000e+000	6.15323996660473437892e-001	0.00000000000000000000e+000	1.65300000947900116444e+000	1	1
1.40001879880000001322e+003	0.00000000000000000000e+000	1.40000000000000000000e+003	8.29210221770000033281e-001	0.00000000000000000000e+000	4.73238868709999991324e+001	0.00000000000000000000e+000	5.62082828887114027694e-001	0.00000000000000000000e+000	6.09633074363679750007e-001	0.00000000000000000000e+000	1.90100000950042158365e+000	1	1
1.50005590819999997620e+003	0.00000000000000000000e+000	1.50000000000000000000e+003	8.41325521469999948465e-001	0.00000000000000000000e+000	4.57948036189999996282e+001	0.00000000000000000000e+000	5.86597502051520724997e-001	0.00000000000000000000e+000	6.03101984463393581137e-001	0.00000000000000000000e+000	2.14500000956468284130e+000	1	1
1.60002136229999996431e+003	0.00000000000000000000e+000	1.60000000000000000000e+003	8.51703345779999954068e-001	0.00000000000000000000e+000	4.44115142819999988433e+001	0.00000000000000000000e+000	6.08399012844136777289e-001	0.00000000000000000000e+000	5.96027877186232069029e-001	0.00000000000000000000e+000	2.39100000949110835791e+000	1	1
1.70008361820000004627e+003	0.00000000000000000000e+000	1.70000000000000000000e+003	8.60576450820000005137e-001	0.00000000000000000000e+000	4.31767158509999973148e+001	0.00000000000000000000e+000	6.27572593427800140553e-001	0.00000000000000000000e+000	5.88850123277776860142e-001	0.00000000000000000000e+000	2.63700000953394919634e+000	1	1
1.80000964359999989028e+003	0.00000000000000000000e+000	1.80000000000000000000e+003	8.68324637409999988691e-001	0.00000000000000000000e+000	4.20544586179999981823e+001	0.00000000000000000000e+000	6.44738425383121760426e-001	0.00000000000000000000e+000	5.81635658095083329933e-001	0.00000000000000000000e+000	2.89100000949110835791e+000	1	1
1.90020898439999996299e+003	0.00000000000000000000e+000	1.90000000000000000000e+003	8.75055611129999966202e-001	0.00000000000000000000e+000	4.10296897890000025200e+001	0.00000000000000000000e+000	6.60115287697805697142e-001	0.00000000000000000000e+000	5.74430265147773067014e-001	0.00000000000000000000e+000	3.14000000956002622843e+000	1	1
2.00000537110000004759e+003	0.00000000000000000000e+000	2.00000000000000000000e+003	8.81003141400000022720e-001	0.00000000000000000000e+000	4.00788497919999997521e+001	0.00000000000000000000e+000	6.74107596117578422579e-001	0.00000000000000000000e+000	5.67226131285617052313e-001	0.00000000000000000000e+000	3.38400000950787216425e+000	1	1
2.10004077150000011898e+003	0.00000000000000000000e+000	2.10000000000000000000e+003	8.86256873610000051045e-001	0.00000000000000000000e+000	3.92173271180000000413e+001	0.00000000000000000000e+000	6.86630459941668824797e-001	0.00000000000000000000e+000	5.60347978939215840555e-001	0.00000000000000000000e+000	3.63000000955071300268e+000	1	1
2.20011376950000021679e+003	0.00000000000000000000e+000	2.20000000000000000000e+003	8.90911281109999952932e-001	0.00000000000000000000e+000	3.84246444699999969430e+001	0.00000000000000000000e+000	6.97963256805557152873e-001	0.00000000000000000000e+000	5.53687820850740086698e-001	0.00000000000000000000e+000	3.87400000949855893850e+000	1	1
2.30019433590000016920e+003	0.00000000000000000000e+000	2.30000000000000000000e+003	8.94984722140000021895e-001	0.00000000000000000000e+000	3.76926956180000019003e+001	0.00000000000000000000e+000	7.08202747950496203089e-001	0.00000000000000000000e+000	5.47217069049731885677e-001	0.00000000000000000000e+000	4.12000000954139977694e+000	1	1
2.40033178709999992861e+003	0.00000000000000000000e+000	2.40000000000000000000e+003	8.98711740969999950401e-001	0.00000000000000000000e+000	3.70042495730000027265e+001	0.00000000000000000000e+000	7.17702998684284665387e-001	0.00000000000000000000e+000	5.40911452122169400525e-001	0.00000000000000000000e+000	4.36800000956282019615e+000	1	1
2.50000732419999985723e+003	0.00000000000000000000e+000	2.50000000000000000000e+003	9.02036964889999959283e-001	0.00000000000000000000e+000	3.63873825069999980997e+001	0.00000000000000000000e+000	7.26161825134650551483e-001	0.00000000000000000000e+000	5.35125863461182516012e-001	0.00000000000000000000e+000	4.61400000948924571276e+000	1	1
2.60008764650000011898e+003	0.00000000000000000000e+000	2.60000000000000000000e+003	9.04923915859999983269e-001	0.00000000000000000000e+000	3.57893753050000000826e+001	0.00000000000000000000e+000	7.34049199162010390651e-001	0.00000000000000000000e+000	5.29206072059842824729e-001	0.00000000000000000000e+000	4.86000000953208655119e+000	1	1
2.70023730470000009518e+003	0.00000000000000000000e+000	2.70000000000000000000e+003	9.07648146150000001420e-001	0.00000000000000000000e+000	3.52360687259999991738e+001	0.00000000000000000000e+000	7.41350548266066167180e-001	0.00000000000000000000e+000	5.23664512636797585543e-001	0.00000000000000000000e+000	5.10600000957492738962e+000	1	1
2.79998999020000019300e+003	0.00000000000000000000e+000	2.80000000000000000000e+003	9.10098075870000022825e-001	0.00000000000000000000e+000	3.47277870180000007849e+001	0.00000000000000000000e+000	7.47980361588261644101e-001	0.00000000000000000000e+000	5.18463003868713578903e-001	0.00000000000000000000e+000	5.35100000957027077675e+000	1	1
2.90015014650000011898e+003	0.00000000000000000000e+000	2.90000000000000000000e+003	9.12239730359999945186e-001	0.00000000000000000000e+000	3.42444458009999976866e+001	0.00000000000000000000e+000	7.54097781327778160509e-001	0.00000000000000000000e+000	5.13339908680211509662e-001	0.00000000000000000000e+000	5.59900000959169119596e+000	1	1
3.00003613279999990482e+003	0.00000000000000000000e+000	3.00000000000000000000e+003	9.14273321629999968785e-001	0.00000000000000000000e+000	3.37973823550000034288e+001	0.00000000000000000000e+000	7.59770171721972809031e-001	0.00000000000000000000e+000	5.08571521819613181492e-001	0.00000000000000000000e+000	5.84700000949669629335e+000	1	1
3.10002734379999992598e+003	0.00000000000000000000e+000	3.10000000000000000000e+003	9.16087210179999944515e-001	0.00000000000000000000e+000	3.33663673399999964886e+001	0.00000000000000000000e+000	7.65089340807354356677e-001	0.00000000000000000000e+000	5.03839336731803144609e-001	0.00000000000000000000e+000	6.09300000953953713179e+000	1	1
3.20003686520000019300e+003	0.00000000000000000000e+000	3.20000000000000000000e+003	9.17705893519999982288e-001	0.00000000000000000000e+000	3.29782867429999981823e+001	0.00000000000000000000e+000	7.69842287670037817016e-001	0.00000000000000000000e+000	4.99526735136673449844e-001	0.00000000000000000000e+000	6.33800000953488051891e+000	1	1
3.29993383790000007139e+003	0.00000000000000000000e+000	3.30000000000000000000e+003	9.19257462020000026826e-001	0.00000000000000000000e+000	3.25876884460000013632e+001	0.00000000000000000000e+000	7.74537061276265315080e-001	0.00000000000000000000e+000	4.95102638034759956476e-001	0.00000000000000000000e+000	6.58500000950880348682e+000	1	1
3.40016259769999987839e+003	0.00000000000000000000e+000	3.40000000000000000000e+003	9.20726299290000049780e-001	0.00000000000000000000e+000	3.22321662900000021068e+001	0.00000000000000000000e+000	7.78836739038351155706e-001	0.00000000000000000000e+000	4.91070516451930727531e-001	0.00000000000000000000e+000	6.82900000957306474447e+000	1	1
3.50000927730000012161e+003	0.00000000000000000000e+000	3.50000000000000000000e+003	9.21979010110000052336e-001	0.00000000000000000000e+000	3.19007053380000016318e+001	0.00000000000000000000e+000	7.82728082967145022408e-001	0.00000000000000000000e+000	4.87218681105305695400e-001	0.00000000000000000000e+000	7.07200000958982855082e+000	1	1
3.60036669919999985723e+003	0.00000000000000000000e+000	3.60000000000000000000e+003	9.23137485980000005448e-001	0.00000000000000000000e+000	3.15826187129999986780e+001	0.00000000000000000000e+000	7.86407768001771922961e-001	0.00000000000000000000e+000	4.83472481582919055842e-001	0.00000000000000000000e+000	7.31900000956375151873e+000	1	1
3.70003662110000004759e+003	0.00000000000000000000e+000	3.70000000000000000000e+003	9.24246370790000049134e-001	0.00000000000000000000e+000	3.12709846499999990499e+001	0.00000000000000000000e+000	7.89973537235131639811e-001	0.00000000000000000000e+000	4.79763654716257537114e-001	0.00000000000000000000e+000	7.56300000951159745455e+000	1	1
3.80001879879999978584e+003	0.00000000000000000000e+000	3.80000000000000000000e+003	9.25255835059999975911e-001	0.00000000000000000000e+000	3.09832630159999986574e+001	0.00000000000000000000e+000	7.93238222440099227661e-001	0.00000000000000000000e+000	4.76310279935935776408e-001	0.00000000000000000000e+000	7.80900000955443829298e+000	1	1
3.89992260739999983343e+003	0.00000000000000000000e+000	3.90000000000000000000e+003	9.26138401030000002478e-001	0.00000000000000000000e+000	3.07070007320000009088e+001	0.00000000000000000000e+000	7.96284432779493900334e-001	0.00000000000000000000e+000	4.72930692570745325742e-001	0.00000000000000000000e+000	8.05600000952836126089e+000	1	1
4.00027636720000009518e+003	0.00000000000000000000e+000	4.00000000000000000000e+003	9.26950037480000044177e-001	0.00000000000000000000e+000	3.04514675140000008469e+001	0.00000000000000000000e+000	7.99085406470824155534e-001	0.00000000000000000000e+000	4.69785999311954083346e-001	0.00000000000000000000e+000	8.30000000959262251854e+000	1	1
4.09995654300000023795e+003	0.00000000000000000000e+000	4.10000000000000000000e+003	9.27816033359999958741e-001	0.00000000000000000000e+000	3.01956501009999982443e+001	0.00000000000000000000e+000	8.01923453014683929041e-001	0.00000000000000000000e+000	4.66649083643041695524e-001	0.00000000000000000000e+000	8.54500000958796590567e+000	1	1
4.19995898440000019036e+003	0.00000000000000000000e+000	4.20000000000000000000e+003	9.28555846209999979912e-001	0.00000000000000000000e+000	2.99589691159999986780e+001	0.00000000000000000000e+000	8.04485230132690465332e-001	0.00000000000000000000e+000	4.63701923684947892035e-001	0.00000000000000000000e+000	8.79000000958330929279e+000	1	1
4.30008056639999995241e+003	0.00000000000000000000e+000	4.30000000000000000000e+003	9.29261028770000052646e-001	0.00000000000000000000e+000	2.97266387939999994217e+001	0.00000000000000000000e+000	8.06971270802841367242e-001	0.00000000000000000000e+000	4.60785663502594200480e-001	0.00000000000000000000e+000	9.03900000953581184149e+000	1	1
4.40010253910000028554e+003	0.00000000000000000000e+000	4.40000000000000000000e+003	9.29891526699999970695e-001	0.00000000000000000000e+000	2.95071754460000015285e+001	0.00000000000000000000e+000	8.09279039305519698466e-001	0.00000000000000000000e+000	4.58001842757419286301e-001	0.00000000000000000000e+000	9.29300000949297100306e+000	1	1
4.50022802729999966687e+003	0.00000000000000000000e+000	4.50000000000000000000e+003	9.30453419689999949860e-001	0.00000000000000000000e+000	2.92931156160000014665e+001	0.00000000000000000000e+000	8.11474547218241193391e-001	0.00000000000000000000e+000	4.55250069115607725045e-001	0.00000000000000000000e+000	9.54000000958330929279e+000	1	1
4.60011523440000019036e+003	0.00000000000000000000e+000	4.60000000000000000000e+003	9.31121528150000044022e-001	0.00000000000000000000e+000	2.90925025939999990499e+001	0.00000000000000000000e+000	8.13647380291305233335e-001	0.00000000000000000000e+000	4.52730870086729741963e-001	0.00000000000000000000e+000	9.78600000950973480940e+000	1	1
4.70018701169999985723e+003	0.00000000000000000000e+000	4.70000000000000000000e+003	9.31590735909999967390e-001	0.00000000000000000000e+000	2.88993186950000016111e+001	0.00000000000000000000e+000	8.15580000376501357273e-001	0.00000000000000000000e+000	4.50211686009149847365e-001	0.00000000000000000000e+000	1.00330000094836577773e+001	1	1
4.80011572270000033313e+003	0.00000000000000000000e+000	4.80000000000000000000e+003	9.32063758369999995068e-001	0.00000000000000000000e+000	2.87128944399999994630e+001	0.00000000000000000000e+000	8.17455400777912677412e-001	0.00000000000000000000e+000	4.47782890925760845846e-001	0.00000000000000000000e+000	1.02810000095050781965e+001	1	1
4.90009912110000004759e+003	0.00000000000000000000e+000	4.90000000000000000000e+003	9.32588517669999950144e-001	0.00000000000000000000e+000	2.85376987460000002272e+001	0.00000000000000000000e+000	8.19281784128845891324e-001	0.00000000000000000000e+000	4.45531930937147158112e-001	0.00000000000000000000e+000	1.05250000095693394542e+001	1	1
5.00006787110000004759e+003	0.00000000000000000000e+000	5.00000000000000000000e+003	9.32954967020000025535e-001	0.00000000000000000000e+000	2.83683052059999987193e+001	0.00000000000000000000e+000	8.20917848656024018439e-001	0.00000000000000000000e+000	4.43281915089319356049e-001	0.00000000000000000000e+000	1.07750000095693394542e+001	1	1
5.10012841800000023795e+003	0.00000000000000000000e+000	5.10000000000000000000e+003	9.33368444440000000206e-001	0.00000000000000000000e+000	2.82023544309999998347e+001	0.00000000000000000000e+000	8.22562710689189846569e-001	0.00000000000000000000e+000	4.41097767008627683616e-001	0.00000000000000000000e+000	1.10220000095432624221e+001	1	1
5.19988867190000019036e+003	0.00000000000000000000e+000	5.20000000000000000000e+003	9.33785974980000044177e-001	0.00000000000000000000e+000	2.80408439640000004545e+001	0.00000000000000000000e+000	8.24171364515366322578e-001	0.00000000000000000000e+000	4.38973585745461747365e-001	0.00000000000000000000e+000	1.12640000095125287771e+001	1	1
5.30010742190000019036e+003	0.00000000000000000000e+000	5.30000000000000000000e+003	9.34145271779999952777e-001	0.00000000000000000000e+000	2.78890495300000011980e+001	0.00000000000000000000e+000	8.25649015334961489110e-001	0.00000000000000000000e+000	4.36956625153273769957e-001	0.00000000000000000000e+000	1.15100000095553696156e+001	1	1
5.39992724610000004759e+003	0.00000000000000000000e+000	5.40000000000000000000e+003	9.34439599509999996307e-001	0.00000000000000000000e+000	2.77412223820000001240e+001	0.00000000000000000000e+000	8.27034142266015237510e-001	0.00000000000000000000e+000	4.34961943920069538105e-001	0.00000000000000000000e+000	1.17550000095507130027e+001	1	1
5.50007519529999990482e+003	0.00000000000000000000e+000	5.50000000000000000000e+003	9.34782445429999997444e-001	0.00000000000000000000e+000	2.75979576110000017763e+001	0.00000000000000000000e+000	8.28422989758483496736e-001	0.00000000000000000000e+000	4.33051463828153460067e-001	0.00000000000000000000e+000	1.20010000095935538411e+001	1	1
5.60011523440000019036e+003	0.00000000000000000000e+000	5.60000000000000000000e+003	9.35080885890000046423e-001	0.00000000000000000000e+000	2.74599781040000010535e+001	0.00000000000000000000e+000	8.29728275772044221448e-001	0.00000000000000000000e+000	4.31192824083585279915e-001	0.00000000000000000000e+000	1.22500000095460563898e+001	1	1
5.70010253910000028554e+003	0.00000000000000000000e+000	5.70000000000000000000e+003	9.35293614859999955513e-001	0.00000000000000000000e+000	2.73300609590000007643e+001	0.00000000000000000000e+000	8.30892847257436062414e-001	0.00000000000000000000e+000	4.29407990580423393201e-001	0.00000000000000000000e+000	1.24970000095199793577e+001	1	1
5.80006494139999995241e+003	0.00000000000000000000e+000	5.80000000000000000000e+003	9.35605823990000029511e-001	0.00000000000000000000e+000	2.72041282650000013632e+001	0.00000000000000000000e+000	8.32112326176803085431e-001	0.00000000000000000000e+000	4.27723432265098790772e-001	0.00000000000000000000e+000	1.27430000095628201962e+001	1	1
5.89977246089999971446e+003	0.00000000000000000000e+000	5.90000000000000000000e+003	9.35848057269999977770e-001	0.00000000000000000000e+000	2.70799827579999998761e+001	0.00000000000000000000e+000	8.33252818671712636167e-001	0.00000000000000000000e+000	4.26029724868675296889e-001	0.00000000000000000000e+000	1.29880000095581635833e+001	1	1
5.99992529300000023795e+003	0.00000000000000000000e+000	6.00000000000000000000e+003	9.36026751999999961917e-001	0.00000000000000000000e+000	2.69521522520000011980e+001	0.00000000000000000000e+000	8.34360529161169428569e-001	0.00000000000000000000e+000	4.24250619136333939618e-001	0.00000000000000000000e+000	1.32320000095060095191e+001	1	1
6.09996337889999995241e+003	0.00000000000000000000e+000	6.10000000000000000000e+003	9.36188697810000025612e-001	0.00000000000000000000e+000	2.68437976839999983270e+001	0.00000000000000000000e+000	8.35305850332205501729e-001	0.00000000000000000000e+000	4.22745093771618729583e-001	0.00000000000000000000e+000	1.34750000095227733254e+001	1	1
6.20008544919999985723e+003	0.00000000000000000000e+000	6.20000000000000000000e+003	9.36415851120000031216e-001	0.00000000000000000000e+000	2.67408065800000009915e+001	0.00000000000000000000e+000	8.36267258568856197698e-001	0.00000000000000000000e+000	4.21345129881103452885e-001	0.00000000000000000000e+000	1.37190000095870345831e+001	1	1
6.29995068360000004759e+003	0.00000000000000000000e+000	6.30000000000000000000e+003	9.36646401880000034623e-001	0.00000000000000000000e+000	2.66304912569999991945e+001	0.00000000000000000000e+000	8.37283044412486132657e-001	0.00000000000000000000e+000	4.19837570608097621072e-001	0.00000000000000000000e+000	1.39640000095823779702e+001	1	1
6.40006494139999995241e+003	0.00000000000000000000e+000	6.40000000000000000000e+003	9.36860144139999961865e-001	0.00000000000000000000e+000	2.65236701970000012807e+001	0.00000000000000000000e+000	8.38255571100480989521e-001	0.00000000000000000000e+000	4.18371279125405559629e-001	0.00000000000000000000e+000	1.42100000095088034868e+001	1	1
6.50002783199999976205e+003	0.00000000000000000000e+000	6.50000000000000000000e+003	9.36968386170000000490e-001	0.00000000000000000000e+000	2.64252796170000010534e+001	0.00000000000000000000e+000	8.39069710897124343418e-001	0.00000000000000000000e+000	4.16979348333979704666e-001	0.00000000000000000000e+000	1.44530000095255672932e+001	1	1
6.60019287110000004759e+003	0.00000000000000000000e+000	6.60000000000000000000e+003	9.37117099760000016317e-001	0.00000000000000000000e+000	2.63263645169999982443e+001	0.00000000000000000000e+000	8.39921620230901333493e-001	0.00000000000000000000e+000	4.15596114672997507533e-001	0.00000000000000000000e+000	1.46990000095684081316e+001	1	1
6.70021240229999966687e+003	0.00000000000000000000e+000	6.70000000000000000000e+003	9.37341153620000033797e-001	0.00000000000000000000e+000	2.62312126160000005370e+001	0.00000000000000000000e+000	8.40811628216233231115e-001	0.00000000000000000000e+000	4.14299703265690766329e-001	0.00000000000000000000e+000	1.49440000095637515187e+001	1	1
6.79986376949999976205e+003	0.00000000000000000000e+000	6.80000000000000000000e+003	9.37449038030000014743e-001	0.00000000000000000000e+000	2.61354293820000016524e+001	0.00000000000000000000e+000	8.41599905189671426697e-001	0.00000000000000000000e+000	4.12941035122580846206e-001	0.00000000000000000000e+000	1.51900000094901770353e+001	1	1
6.90007910160000028554e+003	0.00000000000000000000e+000	6.90000000000000000000e+003	9.37562406059999964292e-001	0.00000000000000000000e+000	2.60485324859999991531e+001	0.00000000000000000000e+000	8.42327071028310725431e-001	0.00000000000000000000e+000	4.11713942768378082793e-001	0.00000000000000000000e+000	1.54360000095330178738e+001	1	1
7.00030810550000023795e+003	0.00000000000000000000e+000	7.00000000000000000000e+003	9.37697708610000013607e-001	0.00000000000000000000e+000	2.59628524779999985128e+001	0.00000000000000000000e+000	8.43063452838973326209e-001	0.00000000000000000000e+000	4.10513102372716820465e-001	0.00000000000000000000e+000	1.56800000094808638096e+001	1	1
7.10017871089999971446e+003	0.00000000000000000000e+000	7.10000000000000000000e+003	9.37896013260000049883e-001	0.00000000000000000000e+000	2.58739242549999985954e+001	0.00000000000000000000e+000	8.43878016403096675724e-001	0.00000000000000000000e+000	4.09290636492672721403e-001	0.00000000000000000000e+000	1.59260000095237046480e+001	1	1
7.20016357419999985723e+003	0.00000000000000000000e+000	7.20000000000000000000e+003	9.37989294530000017325e-001	0.00000000000000000000e+000	2.57917804719999992358e+001	0.00000000000000000000e+000	8.44547929209539693929e-001	0.00000000000000000000e+000	4.08120952562797845165e-001	0.00000000000000000000e+000	1.61700000095879659057e+001	1	1
7.30009228520000033313e+003	0.00000000000000000000e+000	7.30000000000000000000e+003	9.38078820710000038652e-001	0.00000000000000000000e+000	2.57095584869999989053e+001	0.00000000000000000000e+000	8.45213394563209985400e-001	0.00000000000000000000e+000	4.06947406326173710678e-001	0.00000000000000000000e+000	1.64130000094883143902e+001	1	1
7.40016210940000019036e+003	0.00000000000000000000e+000	7.40000000000000000000e+003	9.38161134719999956211e-001	0.00000000000000000000e+000	2.56345443730000006610e+001	0.00000000000000000000e+000	8.45819675153971384240e-001	0.00000000000000000000e+000	4.05876079390678434766e-001	0.00000000000000000000e+000	1.66560000095050781965e+001	1	1
7.50003808589999971446e+003	0.00000000000000000000e+000	7.50000000000000000000e+003	9.38296973709999981850e-001	0.00000000000000000000e+000	2.55538902280000002065e+001	0.00000000000000000000e+000	8.46512731944111584959e-001	0.00000000000000000000e+000	4.04743629387617542825e-001	0.00000000000000000000e+000	1.69050000095739960670e+001	1	1
7.60014648440000019036e+003	0.00000000000000000000e+000	7.60000000000000000000e+003	9.38352882859999959386e-001	0.00000000000000000000e+000	2.54867115019999985748e+001	0.00000000000000000000e+000	8.47037176160485794085e-001	0.00000000000000000000e+000	4.03774881553747577723e-001	0.00000000000000000000e+000	1.71500000095693394542e+001	1	1
7.70016650389999995241e+003	0.00000000000000000000e+000	7.70000000000000000000e+003	9.38395380969999970411e-001	0.00000000000000000000e+000	2.54128093720000016731e+001	0.00000000000000000000e+000	8.47595660549536167316e-001	0.00000000000000000000e+000	4.02700244901125936625e-001	0.00000000000000000000e+000	1.73960000094957649708e+001	1	1
7.80010253910000028554e+003	0.00000000000000000000e+000	7.80000000000000000000e+003	9.38536942010000041492e-001	0.00000000000000000000e+000	2.53395118709999991324e+001	0.00000000000000000000e+000	8.48238075411362202338e-001	0.00000000000000000000e+000	4.01676186672685731072e-001	0.00000000000000000000e+000	1.76410000094911083579e+001	1	1
7.90059521479999966687e+003	0.00000000000000000000e+000	7.90000000000000000000e+003	9.38598692420000046965e-001	0.00000000000000000000e+000	2.52732563020000000620e+001	0.00000000000000000000e+000	8.48757837379707336112e-001	0.00000000000000000000e+000	4.00721398104788073535e-001	0.00000000000000000000e+000	1.78880000095814466476e+001	1	1
8.00008886720000009518e+003	0.00000000000000000000e+000	8.00000000000000000000e+003	9.38585162159999986109e-001	0.00000000000000000000e+000	2.51940288539999990292e+001	0.00000000000000000000e+000	8.49298892066701949233e-001	0.00000000000000000000e+000	3.99541610550373293975e-001	0.00000000000000000000e+000	1.81320000095292925835e+001	1	1
8.10004882809999980964e+003	0.00000000000000000000e+000	8.10000000000000000000e+003	9.38676476479999966074e-001	0.00000000000000000000e+000	2.51428642270000004544e+001	0.00000000000000000000e+000	8.49738002923949298228e-001	0.00000000000000000000e+000	3.98821832255615293938e-001	0.00000000000000000000e+000	1.83790000095032155514e+001	1	1
8.20022558589999971446e+003	0.00000000000000000000e+000	8.20000000000000000000e+003	9.38797533509999948542e-001	0.00000000000000000000e+000	2.50787487029999986987e+001	0.00000000000000000000e+000	8.50293407698819336815e-001	0.00000000000000000000e+000	3.97922014656627076601e-001	0.00000000000000000000e+000	1.86260000095935538411e+001	1	1
8.30037792970000009518e+003	0.00000000000000000000e+000	8.30000000000000000000e+003	9.38797235490000048230e-001	0.00000000000000000000e+000	2.50179290770000015698e+001	0.00000000000000000000e+000	8.50715053806021526128e-001	0.00000000000000000000e+000	3.97019075853396075093e-001	0.00000000000000000000e+000	1.88710000095888972282e+001	1	1
8.40005859380000038072e+003	0.00000000000000000000e+000	8.40000000000000000000e+003	9.38851654529999968268e-001	0.00000000000000000000e+000	2.49574623110000004544e+001	0.00000000000000000000e+000	8.51182909200572046515e-001	0.00000000000000000000e+000	3.96144019642565292649e-001	0.00000000000000000000e+000	1.91180000095628201962e+001	1	1
8.50007714839999971446e+003	0.00000000000000000000e+000	8.50000000000000000000e+003	9.38945055010000029228e-001	0.00000000000000000000e+000	2.48996009829999991325e+001	0.00000000000000000000e+000	8.51667247943347471839e-001	0.00000000000000000000e+000	3.95323557492260502233e-001	0.00000000000000000000e+000	1.93640000094892457128e+001	1	1
8.59994140619999961928e+003	0.00000000000000000000e+000	8.60000000000000000000e+003	9.39011633400000045313e-001	0.00000000000000000000e+000	2.48386497499999983063e+001	0.00000000000000000000e+000	8.52147730546575554733e-001	0.00000000000000000000e+000	3.94445297835906427686e-001	0.00000000000000000000e+000	1.96080000095535069704e+001	1	1
8.69990722660000028554e+003	0.00000000000000000000e+000	8.70000000000000000000e+003	9.38987970350000034081e-001	0.00000000000000000000e+000	2.47851314539999982856e+001	0.00000000000000000000e+000	8.52494315090444709782e-001	0.00000000000000000000e+000	3.93639239914526650743e-001	0.00000000000000000000e+000	1.98520000095013529062e+001	1	1
8.80035644529999990482e+003	0.00000000000000000000e+000	8.80000000000000000000e+003	9.39092040060000021739e-001	0.00000000000000000000e+000	2.47292137150000002066e+001	0.00000000000000000000e+000	8.52972606717418591060e-001	0.00000000000000000000e+000	3.92850597420628444567e-001	0.00000000000000000000e+000	2.01020000095013529062e+001	1	1
8.90037597660000028554e+003	0.00000000000000000000e+000	8.90000000000000000000e+003	9.39164936539999994913e-001	0.00000000000000000000e+000	2.46769046779999996488e+001	0.00000000000000000000e+000	8.53397149320520354010e-001	0.00000000000000000000e+000	3.92102134089820808516e-001	0.00000000000000000000e+000	2.03470000094966962934e+001	1	1
9.00012597660000028554e+003	0.00000000000000000000e+000	9.00000000000000000000e+003	9.39139485360000025871e-001	0.00000000000000000000e+000	2.46267414090000009708e+001	0.00000000000000000000e+000	8.53716977000342214232e-001	0.00000000000000000000e+000	3.91344216954387646989e-001	0.00000000000000000000e+000	2.05920000094920396805e+001	1	1
9.10020507809999980964e+003	0.00000000000000000000e+000	9.10000000000000000000e+003	9.39166724679999953551e-001	0.00000000000000000000e+000	2.45712871550000002685e+001	0.00000000000000000000e+000	8.54120115873507446125e-001	0.00000000000000000000e+000	3.90529082663999382863e-001	0.00000000000000000000e+000	2.08360000095563009381e+001	1	1
9.19992675779999990482e+003	0.00000000000000000000e+000	9.20000000000000000000e+003	9.39267694949999953913e-001	0.00000000000000000000e+000	2.45230503079999984095e+001	0.00000000000000000000e+000	8.54540458552352499844e-001	0.00000000000000000000e+000	3.89851776286605389288e-001	0.00000000000000000000e+000	2.10810000095516443253e+001	1	1
9.30014453119999961928e+003	0.00000000000000000000e+000	9.30000000000000000000e+003	9.39263045789999972968e-001	0.00000000000000000000e+000	2.44730606080000008262e+001	0.00000000000000000000e+000	8.54876041562317223743e-001	0.00000000000000000000e+000	3.89104128414812566739e-001	0.00000000000000000000e+000	2.13280000095255672932e+001	1	1
9.40042089839999971446e+003	0.00000000000000000000e+000	9.40000000000000000000e+003	9.39229667190000006016e-001	0.00000000000000000000e+000	2.44259109499999986781e+001	0.00000000000000000000e+000	8.55165561270072482891e-001	0.00000000000000000000e+000	3.88386702330911603998e-001	0.00000000000000000000e+000	2.15730000095209106803e+001	1	1
9.50012890619999961928e+003	0.00000000000000000000e+000	9.50000000000000000000e+003	9.39294457439999952442e-001	0.00000000000000000000e+000	2.43819484710000011773e+001	0.00000000000000000000e+000	8.55522326590294701631e-001	0.00000000000000000000e+000	3.87757174637727297650e-001	0.00000000000000000000e+000	2.18190000095637515187e+001	1	1
9.59963378910000028554e+003	0.00000000000000000000e+000	9.60000000000000000000e+003	9.39363539220000043350e-001	0.00000000000000000000e+000	2.43366642000000013013e+001	0.00000000000000000000e+000	8.55891470117231878412e-001	0.00000000000000000000e+000	3.87109351729570339007e-001	0.00000000000000000000e+000	2.20620000095805153251e+001	1	1
9.69988769529999990482e+003	0.00000000000000000000e+000	9.70000000000000000000e+003	9.39394056799999987994e-001	0.00000000000000000000e+000	2.42901096340000002272e+001	0.00000000000000000000e+000	8.56233541674024434265e-001	0.00000000000000000000e+000	3.86426339764150084122e-001	0.00000000000000000000e+000	2.23050000094808638096e+001	1	1
9.80025488279999990482e+003	0.00000000000000000000e+000	9.80000000000000000000e+003	9.39387321470000036250e-001	0.00000000000000000000e+000	2.42444210049999995249e+001	0.00000000000000000000e+000	8.56535271055456348677e-001	0.00000000000000000000e+000	3.85740676072069410552e-001	0.00000000000000000000e+000	2.25500000095926225185e+001	1	1
9.90028710940000019036e+003	0.00000000000000000000e+000	9.90000000000000000000e+003	9.39366161819999989646e-001	0.00000000000000000000e+000	2.42048301700000010328e+001	0.00000000000000000000e+000	8.56782310247989897789e-001	0.00000000000000000000e+000	3.85140050914671405735e-001	0.00000000000000000000e+000	2.27940000095404684544e+001	1	1
1.00006416019999996934e+004	0.00000000000000000000e+000	1.00000000000000000000e+004	9.39352691169999975962e-001	0.00000000000000000000e+000	2.41636409759999999380e+001	0.00000000000000000000e+000	8.57046670670582599882e-001	0.00000000000000000000e+000	3.84518507618022531425e-001	0.00000000000000000000e+000	2.30470000095665454865e+001	1	1
1.00999208980000003066e+004	0.00000000000000000000e+000	1.01000000000000000000e+004	9.39314067360000004570e-001	0.00000000000000000000e+000	2.41218166349999982856e+001	0.00000000000000000000e+000	8.57291879092037190091e-001	0.00000000000000000000e+000	3.83877000070635410189e-001	0.00000000000000000000e+000	2.32950000095879659057e+001	1	1
1.01998037110000004759e+004	0.00000000000000000000e+000	1.02000000000000000000e+004	9.39369976519999982933e-001	0.00000000000000000000e+000	2.40840320589999983270e+001	0.00000000000000000000e+000	8.57595888351068924571e-001	0.00000000000000000000e+000	3.83334377626800282268e-001	0.00000000000000000000e+000	2.35380000094883143902e+001	1	1
1.03001738280000008672e+004	0.00000000000000000000e+000	1.03000000000000000000e+004	9.39431786540000035579e-001	0.00000000000000000000e+000	2.40422344209999998554e+001	0.00000000000000000000e+000	8.57931752722948748335e-001	0.00000000000000000000e+000	3.82733836015925477092e-001	0.00000000000000000000e+000	2.37830000094836577773e+001	1	1
1.04004580079999996087e+004	0.00000000000000000000e+000	1.04000000000000000000e+004	9.39382493500000026465e-001	0.00000000000000000000e+000	2.40069236759999995456e+001	0.00000000000000000000e+000	8.58122435329675248283e-001	0.00000000000000000000e+000	3.82184974950801725768e-001	0.00000000000000000000e+000	2.40300000095739960670e+001	1	1
1.05003417969999991328e+004	0.00000000000000000000e+000	1.05000000000000000000e+004	9.39362943170000019855e-001	0.00000000000000000000e+000	2.39670791630000010741e+001	0.00000000000000000000e+000	8.58370141414138698721e-001	0.00000000000000000000e+000	3.81580187286599259444e-001	0.00000000000000000000e+000	2.42750000095693394542e+001	1	1
1.06005244139999995241e+004	0.00000000000000000000e+000	1.06000000000000000000e+004	9.39444184299999984766e-001	0.00000000000000000000e+000	2.39302024839999987194e+001	0.00000000000000000000e+000	8.58689813705295512669e-001	0.00000000000000000000e+000	3.81060597876318241095e-001	0.00000000000000000000e+000	2.45180000095861032605e+001	1	1
1.07001445309999999154e+004	0.00000000000000000000e+000	1.07000000000000000000e+004	9.39495861529999976014e-001	0.00000000000000000000e+000	2.38931102750000015078e+001	0.00000000000000000000e+000	8.58983573830891855572e-001	0.00000000000000000000e+000	3.80525549366537985119e-001	0.00000000000000000000e+000	2.47660000094911083579e+001	1	1
1.08002304690000000846e+004	0.00000000000000000000e+000	1.08000000000000000000e+004	9.39417004589999993236e-001	0.00000000000000000000e+000	2.38563899990000010121e+001	0.00000000000000000000e+000	8.59155152747298700433e-001	0.00000000000000000000e+000	3.79943064182798218020e-001	0.00000000000000000000e+000	2.50100000095553696156e+001	1	1
1.08999990230000003066e+004	0.00000000000000000000e+000	1.09000000000000000000e+004	9.39461886879999985567e-001	0.00000000000000000000e+000	2.38266925809999996488e+001	0.00000000000000000000e+000	8.59393025594681891910e-001	0.00000000000000000000e+000	3.79515828997089799124e-001	0.00000000000000000000e+000	2.52580000095767900348e+001	1	1
1.09999433590000007825e+004	0.00000000000000000000e+000	1.10000000000000000000e+004	9.39512968059999953319e-001	0.00000000000000000000e+000	2.37933959960000009914e+001	0.00000000000000000000e+000	8.59660170003247459114e-001	0.00000000000000000000e+000	3.79036949733001782281e-001	0.00000000000000000000e+000	2.55050000095507130027e+001	1	1
1.11001679690000000846e+004	0.00000000000000000000e+000	1.11000000000000000000e+004	9.39466536049999967339e-001	0.00000000000000000000e+000	2.37571697240000005991e+001	0.00000000000000000000e+000	8.59857153570595444947e-001	0.00000000000000000000e+000	3.78474632982528091940e-001	0.00000000000000000000e+000	2.57500000095460563898e+001	1	1
1.12003212889999995241e+004	0.00000000000000000000e+000	1.12000000000000000000e+004	9.39415335660000017093e-001	0.00000000000000000000e+000	2.37200565340000011361e+001	0.00000000000000000000e+000	8.60055254031051097385e-001	0.00000000000000000000e+000	3.77896987136408235575e-001	0.00000000000000000000e+000	2.59940000094939023256e+001	1	1
1.12997763670000003913e+004	0.00000000000000000000e+000	1.13000000000000000000e+004	9.39483225349999950815e-001	0.00000000000000000000e+000	2.36935501100000003305e+001	0.00000000000000000000e+000	8.60292153464291442511e-001	0.00000000000000000000e+000	3.77526345308259070332e-001	0.00000000000000000000e+000	2.62400000095367431641e+001	1	1
1.14000644530000008672e+004	0.00000000000000000000e+000	1.14000000000000000000e+004	9.39498603340000015827e-001	0.00000000000000000000e+000	2.36621189120000003925e+001	0.00000000000000000000e+000	8.60513211744081019106e-001	0.00000000000000000000e+000	3.77060523114920054244e-001	0.00000000000000000000e+000	2.64850000095320865512e+001	1	1
1.15002529300000005605e+004	0.00000000000000000000e+000	1.15000000000000000000e+004	9.39434528349999964369e-001	0.00000000000000000000e+000	2.36323375700000006816e+001	0.00000000000000000000e+000	8.60650383493789972178e-001	0.00000000000000000000e+000	3.76587507026161338874e-001	0.00000000000000000000e+000	2.67310000095749273896e+001	1	1
1.16000712889999995241e+004	0.00000000000000000000e+000	1.16000000000000000000e+004	9.39470708370000018306e-001	0.00000000000000000000e+000	2.35992527010000010534e+001	0.00000000000000000000e+000	8.60900850853771104632e-001	0.00000000000000000000e+000	3.76104954613047715029e-001	0.00000000000000000000e+000	2.69750000095227733254e+001	1	1
1.16999677730000003066e+004	0.00000000000000000000e+000	1.17000000000000000000e+004	9.39532816409999971263e-001	0.00000000000000000000e+000	2.35696601870000002066e+001	0.00000000000000000000e+000	8.61151915913113130685e-001	0.00000000000000000000e+000	3.75685095299881754993e-001	0.00000000000000000000e+000	2.72220000094966962934e+001	1	1
1.18001875000000000000e+004	0.00000000000000000000e+000	1.18000000000000000000e+004	9.39458608629999969430e-001	0.00000000000000000000e+000	2.35377769470000011154e+001	0.00000000000000000000e+000	8.61292805651560966496e-001	0.00000000000000000000e+000	3.75176198954408457453e-001	0.00000000000000000000e+000	2.74680000095395371318e+001	1	1
