TimeAll	TimeExperiment	R	Theta
9.983200e+001	8.000016e-002	1.536671e-004	1.067523e+002
9.996500e+001	2.130001e-001	1.535061e-004	1.066001e+002
1.000740e+002	3.220000e-001	1.533832e-004	1.064457e+002
1.001680e+002	4.160001e-001	1.532313e-004	1.062947e+002
1.002620e+002	5.100000e-001	1.531324e-004	1.061503e+002
1.003550e+002	6.030002e-001	1.530372e-004	1.060160e+002
1.004640e+002	7.120001e-001	1.528998e-004	1.058551e+002
1.005580e+002	8.060000e-001	1.528012e-004	1.057088e+002
1.006520e+002	9.000001e-001	1.526724e-004	1.055460e+002
1.007450e+002	9.930000e-001	1.525793e-004	1.053930e+002
1.008390e+002	1.087000e+000	1.525128e-004	1.052484e+002
1.009480e+002	1.196000e+000	1.524161e-004	1.050917e+002
1.010420e+002	1.290000e+000	1.522956e-004	1.049011e+002
1.011510e+002	1.399000e+000	1.522108e-004	1.047433e+002
1.012600e+002	1.508000e+000	1.521107e-004	1.045571e+002
1.013540e+002	1.602000e+000	1.520258e-004	1.043691e+002
1.014190e+002	1.667000e+000	1.519651e-004	1.042056e+002
1.015180e+002	1.766000e+000	1.518824e-004	1.040238e+002
1.016120e+002	1.860000e+000	1.518539e-004	1.038480e+002
1.017080e+002	1.956000e+000	1.517901e-004	1.036735e+002
1.018010e+002	2.049000e+000	1.517361e-004	1.035001e+002
1.018930e+002	2.141000e+000	1.516965e-004	1.033270e+002
1.019880e+002	2.236000e+000	1.516546e-004	1.031322e+002
1.020810e+002	2.329000e+000	1.516136e-004	1.029585e+002
1.021760e+002	2.424000e+000	1.515872e-004	1.027755e+002
1.022730e+002	2.521000e+000	1.515746e-004	1.025845e+002
1.023670e+002	2.615000e+000	1.515656e-004	1.023933e+002
1.024970e+002	2.745000e+000	1.515646e-004	1.021777e+002
1.026070e+002	2.855000e+000	1.515671e-004	1.019871e+002
1.027000e+002	2.948000e+000	1.515559e-004	1.017513e+002
1.028090e+002	3.057000e+000	1.515983e-004	1.015508e+002
1.029190e+002	3.167000e+000	1.515963e-004	1.013197e+002
1.030120e+002	3.260000e+000	1.516753e-004	1.010808e+002
1.030780e+002	3.326000e+000	1.517181e-004	1.008704e+002
1.031730e+002	3.421000e+000	1.517838e-004	1.006643e+002
1.032660e+002	3.514000e+000	1.518373e-004	1.004510e+002
1.033980e+002	3.646000e+000	1.519215e-004	1.002178e+002
1.034650e+002	3.713000e+000	1.520178e-004	1.000004e+002
1.035600e+002	3.808000e+000	1.521005e-004	9.976601e+001
1.036650e+002	3.913000e+000	1.522184e-004	9.952303e+001
1.037580e+002	4.006000e+000	1.523232e-004	9.930290e+001
1.038630e+002	4.111000e+000	1.524887e-004	9.906077e+001
1.039950e+002	4.243000e+000	1.526394e-004	9.881301e+001
1.040890e+002	4.337000e+000	1.527863e-004	9.857805e+001
1.041820e+002	4.430000e+000	1.529671e-004	9.833812e+001
1.042760e+002	4.524000e+000	1.531526e-004	9.811146e+001
1.043850e+002	4.633000e+000	1.533290e-004	9.787340e+001
1.044780e+002	4.726000e+000	1.535473e-004	9.761469e+001
1.045720e+002	4.820000e+000	1.537717e-004	9.738725e+001
1.046810e+002	4.929000e+000	1.540007e-004	9.714098e+001
1.047900e+002	5.038000e+000	1.543111e-004	9.686777e+001
1.049000e+002	5.148000e+000	1.545894e-004	9.659122e+001
1.050090e+002	5.257000e+000	1.549209e-004	9.632343e+001
1.051020e+002	5.350000e+000	1.552442e-004	9.605129e+001
1.051960e+002	5.444000e+000	1.555848e-004	9.581059e+001
1.053050e+002	5.553000e+000	1.559286e-004	9.557549e+001
1.054140e+002	5.662000e+000	1.563165e-004	9.529350e+001
1.055080e+002	5.756000e+000	1.567174e-004	9.502835e+001
1.056170e+002	5.865000e+000	1.571310e-004	9.478916e+001
1.057110e+002	5.959000e+000	1.575840e-004	9.452861e+001
1.058200e+002	6.068000e+000	1.579877e-004	9.428778e+001
1.059290e+002	6.177000e+000	1.585267e-004	9.400537e+001
1.060230e+002	6.271000e+000	1.590290e-004	9.375687e+001
1.061160e+002	6.364000e+000	1.595071e-004	9.353796e+001
1.062100e+002	6.458000e+000	1.600175e-004	9.330317e+001
1.063190e+002	6.567000e+000	1.605047e-004	9.307656e+001
1.064280e+002	6.676000e+000	1.611721e-004	9.281874e+001
1.065220e+002	6.770000e+000	1.617758e-004	9.255679e+001
1.066310e+002	6.879000e+000	1.623605e-004	9.234381e+001
1.067250e+002	6.973000e+000	1.630457e-004	9.208621e+001
1.068180e+002	7.066000e+000	1.636680e-004	9.188468e+001
1.069120e+002	7.160000e+000	1.643034e-004	9.168138e+001
1.070210e+002	7.269000e+000	1.650092e-004	9.146822e+001
1.071150e+002	7.363000e+000	1.657446e-004	9.124845e+001
1.072240e+002	7.472000e+000	1.664497e-004	9.105054e+001
1.073330e+002	7.581000e+000	1.673104e-004	9.080647e+001
1.074270e+002	7.675000e+000	1.681239e-004	9.059732e+001
1.075200e+002	7.768000e+000	1.688706e-004	9.042606e+001
1.076140e+002	7.862000e+000	1.696821e-004	9.024806e+001
1.077080e+002	7.956000e+000	1.704363e-004	9.008353e+001
1.078010e+002	8.049000e+000	1.712748e-004	8.990371e+001
1.078950e+002	8.143000e+000	1.720935e-004	8.974964e+001
1.079880e+002	8.236000e+000	1.729565e-004	8.959528e+001
1.080820e+002	8.330000e+000	1.737890e-004	8.945146e+001
1.081910e+002	8.439000e+000	1.747206e-004	8.930789e+001
1.082580e+002	8.506000e+000	1.757441e-004	8.914437e+001
1.083510e+002	8.599000e+000	1.766439e-004	8.901214e+001
1.084450e+002	8.693000e+000	1.775875e-004	8.889306e+001
1.085480e+002	8.796000e+000	1.786494e-004	8.876292e+001
1.086800e+002	8.928000e+000	1.797498e-004	8.863292e+001
1.087450e+002	8.993000e+000	1.806997e-004	8.853384e+001
1.088390e+002	9.087000e+000	1.816872e-004	8.843923e+001
1.089330e+002	9.181000e+000	1.827253e-004	8.834991e+001
1.090800e+002	9.328000e+000	1.838678e-004	8.826321e+001
1.091740e+002	9.422000e+000	1.850775e-004	8.817210e+001
1.092680e+002	9.516000e+000	1.861498e-004	8.811536e+001
1.093610e+002	9.609000e+000	1.872077e-004	8.806677e+001
1.094550e+002	9.703000e+000	1.883198e-004	8.800937e+001
1.095480e+002	9.796000e+000	1.894117e-004	8.796557e+001
1.096580e+002	9.906000e+000	1.905149e-004	8.793414e+001
1.097510e+002	9.999000e+000	1.917980e-004	8.790433e+001
1.098160e+002	1.006400e+001	1.929187e-004	8.788827e+001
1.099090e+002	1.015700e+001	1.940197e-004	8.787640e+001
1.100000e+002	1.024800e+001	1.951189e-004	8.787135e+001
1.100940e+002	1.034200e+001	1.962461e-004	8.787543e+001
1.101880e+002	1.043600e+001	1.973807e-004	8.788845e+001
1.102820e+002	1.053000e+001	1.985718e-004	8.790650e+001
1.103740e+002	1.062200e+001	1.996726e-004	8.792994e+001
1.104670e+002	1.071500e+001	2.008197e-004	8.796706e+001
1.105970e+002	1.084500e+001	2.020342e-004	8.801453e+001
1.107060e+002	1.095400e+001	2.032352e-004	8.806675e+001
1.108150e+002	1.106300e+001	2.045116e-004	8.812722e+001
1.109250e+002	1.117300e+001	2.059848e-004	8.821023e+001
1.110340e+002	1.128200e+001	2.072339e-004	8.829138e+001
1.111430e+002	1.139100e+001	2.085407e-004	8.838492e+001
1.112370e+002	1.148500e+001	2.098471e-004	8.848710e+001
1.113460e+002	1.159400e+001	2.109720e-004	8.857693e+001
1.114550e+002	1.170300e+001	2.123036e-004	8.870240e+001
1.115490e+002	1.179700e+001	2.135708e-004	8.882807e+001
1.116420e+002	1.189000e+001	2.146841e-004	8.893983e+001
1.117510e+002	1.199900e+001	2.158041e-004	8.906725e+001
1.118600e+002	1.210800e+001	2.170261e-004	8.921735e+001
1.119540e+002	1.220200e+001	2.182995e-004	8.937500e+001
1.120480e+002	1.229600e+001	2.193689e-004	8.951172e+001
1.121410e+002	1.238900e+001	2.204336e-004	8.965733e+001
1.122350e+002	1.248300e+001	2.214429e-004	8.981348e+001
1.123030e+002	1.255100e+001	2.224933e-004	8.997338e+001
