TimeAll	TimeExperiment	R	Theta
1.348870e+002	8.199978e-002	1.558956e-004	1.079244e+002
1.350200e+002	2.149999e-001	1.557521e-004	1.077747e+002
1.351290e+002	3.239999e-001	1.555572e-004	1.076154e+002
1.352230e+002	4.180000e-001	1.554148e-004	1.074681e+002
1.353320e+002	5.270000e-001	1.552714e-004	1.073243e+002
1.354260e+002	6.209998e-001	1.551263e-004	1.071601e+002
1.355350e+002	7.299998e-001	1.549495e-004	1.070032e+002
1.356290e+002	8.239999e-001	1.548021e-004	1.068423e+002
1.357220e+002	9.169998e-001	1.546726e-004	1.066781e+002
1.358160e+002	1.011000e+000	1.545272e-004	1.065277e+002
1.359090e+002	1.104000e+000	1.544023e-004	1.063706e+002
1.360030e+002	1.198000e+000	1.542955e-004	1.062002e+002
1.361120e+002	1.307000e+000	1.541797e-004	1.060328e+002
1.362210e+002	1.416000e+000	1.540291e-004	1.058374e+002
1.363150e+002	1.510000e+000	1.539016e-004	1.056451e+002
1.364240e+002	1.619000e+000	1.537967e-004	1.054555e+002
1.365180e+002	1.713000e+000	1.536974e-004	1.052617e+002
1.366110e+002	1.806000e+000	1.536103e-004	1.050765e+002
1.367050e+002	1.900000e+000	1.534920e-004	1.048891e+002
1.368140e+002	2.009000e+000	1.534412e-004	1.046939e+002
1.369080e+002	2.103000e+000	1.533428e-004	1.044780e+002
1.370010e+002	2.196000e+000	1.532799e-004	1.042742e+002
1.370950e+002	2.290000e+000	1.532177e-004	1.040831e+002
1.371880e+002	2.383000e+000	1.531524e-004	1.038698e+002
1.372980e+002	2.493000e+000	1.531131e-004	1.036710e+002
1.373910e+002	2.586000e+000	1.530370e-004	1.034258e+002
1.374850e+002	2.680000e+000	1.530264e-004	1.032128e+002
1.375940e+002	2.789000e+000	1.530366e-004	1.029845e+002
1.377030e+002	2.898000e+000	1.529916e-004	1.027395e+002
1.377970e+002	2.992000e+000	1.530073e-004	1.024770e+002
1.379060e+002	3.101000e+000	1.529986e-004	1.022409e+002
1.380000e+002	3.195000e+000	1.530539e-004	1.019829e+002
1.381090e+002	3.304000e+000	1.530762e-004	1.017375e+002
1.382180e+002	3.413000e+000	1.531262e-004	1.014568e+002
1.383120e+002	3.507000e+000	1.532063e-004	1.011845e+002
1.384050e+002	3.600000e+000	1.532655e-004	1.009414e+002
1.384990e+002	3.694000e+000	1.533744e-004	1.006960e+002
1.385920e+002	3.787000e+000	1.534609e-004	1.004436e+002
1.387020e+002	3.897000e+000	1.535767e-004	1.001785e+002
1.387950e+002	3.990000e+000	1.537491e-004	9.989056e+001
1.389040e+002	4.099000e+000	1.538871e-004	9.962441e+001
1.389980e+002	4.193000e+000	1.540937e-004	9.933308e+001
1.391070e+002	4.302000e+000	1.542871e-004	9.905299e+001
1.392010e+002	4.396000e+000	1.545238e-004	9.873809e+001
1.392940e+002	4.489000e+000	1.547017e-004	9.848564e+001
1.393880e+002	4.583000e+000	1.549734e-004	9.819778e+001
1.394820e+002	4.677000e+000	1.552276e-004	9.793315e+001
1.395910e+002	4.786000e+000	1.554994e-004	9.765192e+001
1.396840e+002	4.879000e+000	1.558622e-004	9.733646e+001
1.397940e+002	4.989000e+000	1.561996e-004	9.705133e+001
1.398870e+002	5.082000e+000	1.565701e-004	9.673573e+001
1.399960e+002	5.191000e+000	1.569627e-004	9.644579e+001
1.400900e+002	5.285000e+000	1.574134e-004	9.613200e+001
1.401840e+002	5.379000e+000	1.578444e-004	9.585907e+001
1.402770e+002	5.472000e+000	1.582908e-004	9.557934e+001
1.403860e+002	5.581000e+000	1.587752e-004	9.528265e+001
1.404800e+002	5.675000e+000	1.593684e-004	9.496701e+001
1.405740e+002	5.769000e+000	1.598597e-004	9.469246e+001
1.406830e+002	5.878000e+000	1.604278e-004	9.441415e+001
1.407920e+002	5.987000e+000	1.611566e-004	9.408844e+001
1.408850e+002	6.080000e+000	1.618486e-004	9.378476e+001
1.409950e+002	6.190000e+000	1.625171e-004	9.351465e+001
1.410880e+002	6.283000e+000	1.632604e-004	9.321870e+001
1.411970e+002	6.392000e+000	1.640180e-004	9.294305e+001
1.412910e+002	6.486000e+000	1.648434e-004	9.266546e+001
1.413850e+002	6.580000e+000	1.656319e-004	9.241479e+001
1.414780e+002	6.673000e+000	1.664079e-004	9.218321e+001
1.415870e+002	6.782000e+000	1.672853e-004	9.192999e+001
1.416810e+002	6.876000e+000	1.682722e-004	9.166624e+001
1.417900e+002	6.985000e+000	1.691705e-004	9.144533e+001
1.418840e+002	7.079000e+000	1.701962e-004	9.120010e+001
1.419770e+002	7.172000e+000	1.711398e-004	9.099374e+001
1.420870e+002	7.282000e+000	1.721068e-004	9.079545e+001
1.421800e+002	7.375000e+000	1.732994e-004	9.056662e+001
1.422740e+002	7.469000e+000	1.742966e-004	9.039352e+001
1.423670e+002	7.562000e+000	1.753446e-004	9.021542e+001
1.424610e+002	7.656000e+000	1.764508e-004	9.005741e+001
1.425700e+002	7.765000e+000	1.776380e-004	8.988805e+001
1.426640e+002	7.859000e+000	1.788876e-004	8.972319e+001
1.427730e+002	7.968000e+000	1.800464e-004	8.959634e+001
1.428820e+002	8.077000e+000	1.814670e-004	8.944744e+001
1.429910e+002	8.186000e+000	1.828436e-004	8.932196e+001
1.430850e+002	8.280000e+000	1.842432e-004	8.921281e+001
1.431940e+002	8.389000e+000	1.856453e-004	8.911046e+001
1.432880e+002	8.483000e+000	1.870082e-004	8.903149e+001
1.433810e+002	8.576000e+000	1.883058e-004	8.897400e+001
1.434910e+002	8.686000e+000	1.896605e-004	8.891908e+001
1.435840e+002	8.779000e+000	1.911739e-004	8.887440e+001
1.436780e+002	8.873000e+000	1.925047e-004	8.884333e+001
1.437710e+002	8.966000e+000	1.938614e-004	8.882375e+001
1.438650e+002	9.060000e+000	1.952847e-004	8.882324e+001
1.439740e+002	9.169000e+000	1.967595e-004	8.883454e+001
1.440680e+002	9.263000e+000	1.983155e-004	8.885388e+001
1.441610e+002	9.356000e+000	1.997359e-004	8.888489e+001
1.442550e+002	9.450000e+000	2.011589e-004	8.893721e+001
1.443490e+002	9.544000e+000	2.025764e-004	8.899277e+001
1.444420e+002	9.637000e+000	2.040014e-004	8.906557e+001
1.445360e+002	9.731000e+000	2.054124e-004	8.914129e+001
1.446290e+002	9.824000e+000	2.068643e-004	8.922975e+001
1.447230e+002	9.918000e+000	2.083232e-004	8.932887e+001
1.448320e+002	1.002700e+001	2.097446e-004	8.945111e+001
1.449260e+002	1.012100e+001	2.113215e-004	8.959473e+001
1.450350e+002	1.023000e+001	2.127403e-004	8.973128e+001
1.451290e+002	1.032400e+001	2.142976e-004	8.989265e+001
1.452380e+002	1.043300e+001	2.156744e-004	9.005486e+001
1.453310e+002	1.052600e+001	2.171563e-004	9.023283e+001
1.454250e+002	1.062000e+001	2.184731e-004	9.041785e+001
1.455340e+002	1.072900e+001	2.198839e-004	9.061410e+001
1.456020e+002	1.079700e+001	2.212376e-004	9.082012e+001
1.456950e+002	1.089000e+001	2.224595e-004	9.101463e+001
