TimeAll	TimeExperiment	R	Theta
1.539200e+002	7.900000e-002	2.942960e-004	1.162051e+002
1.540530e+002	2.119999e-001	2.942263e-004	1.161643e+002
1.541460e+002	3.050001e-001	2.941371e-004	1.161245e+002
1.542400e+002	3.989999e-001	2.940503e-004	1.160924e+002
1.543340e+002	4.930000e-001	2.940015e-004	1.160486e+002
1.544430e+002	6.020000e-001	2.939603e-004	1.160071e+002
1.545360e+002	6.949999e-001	2.938568e-004	1.159666e+002
1.546300e+002	7.890000e-001	2.938110e-004	1.159305e+002
1.547230e+002	8.820000e-001	2.937445e-004	1.158856e+002
1.548170e+002	9.760001e-001	2.936784e-004	1.158502e+002
1.549260e+002	1.085000e+000	2.936294e-004	1.158074e+002
1.550200e+002	1.179000e+000	2.935578e-004	1.157678e+002
1.551290e+002	1.288000e+000	2.934841e-004	1.157241e+002
1.552380e+002	1.397000e+000	2.934203e-004	1.156701e+002
1.553320e+002	1.491000e+000	2.933872e-004	1.156292e+002
1.554250e+002	1.584000e+000	2.933430e-004	1.155933e+002
1.555350e+002	1.694000e+000	2.932481e-004	1.155431e+002
1.556280e+002	1.787000e+000	2.932190e-004	1.154997e+002
1.557370e+002	1.896000e+000	2.931793e-004	1.154557e+002
1.558470e+002	2.006000e+000	2.930936e-004	1.154056e+002
1.559400e+002	2.099000e+000	2.930342e-004	1.153599e+002
1.560340e+002	2.193000e+000	2.929913e-004	1.153161e+002
1.561270e+002	2.286000e+000	2.929601e-004	1.152720e+002
1.562210e+002	2.380000e+000	2.929037e-004	1.152300e+002
1.563150e+002	2.474000e+000	2.928573e-004	1.151884e+002
1.564240e+002	2.583000e+000	2.928425e-004	1.151428e+002
1.565330e+002	2.692000e+000	2.927746e-004	1.150879e+002
1.566420e+002	2.801000e+000	2.927448e-004	1.150381e+002
1.567510e+002	2.910000e+000	2.926997e-004	1.149819e+002
1.568610e+002	3.020000e+000	2.926853e-004	1.149215e+002
1.569700e+002	3.129000e+000	2.926073e-004	1.148724e+002
1.570790e+002	3.238000e+000	2.925824e-004	1.148206e+002
1.571730e+002	3.332000e+000	2.925537e-004	1.147613e+002
1.572660e+002	3.425000e+000	2.925391e-004	1.147138e+002
1.573600e+002	3.519000e+000	2.924828e-004	1.146697e+002
1.574690e+002	3.628000e+000	2.924575e-004	1.146232e+002
1.575630e+002	3.722000e+000	2.924571e-004	1.145665e+002
1.576720e+002	3.831000e+000	2.924128e-004	1.145145e+002
1.577650e+002	3.924000e+000	2.924078e-004	1.144603e+002
1.578750e+002	4.034000e+000	2.923954e-004	1.144023e+002
1.579840e+002	4.143000e+000	2.923897e-004	1.143445e+002
1.580930e+002	4.252000e+000	2.923544e-004	1.142837e+002
1.582020e+002	4.361000e+000	2.923760e-004	1.142256e+002
1.583110e+002	4.470000e+000	2.923297e-004	1.141652e+002
1.584050e+002	4.564000e+000	2.923500e-004	1.141007e+002
1.585140e+002	4.673000e+000	2.923303e-004	1.140544e+002
1.586080e+002	4.767000e+000	2.923453e-004	1.139872e+002
1.587010e+002	4.860000e+000	2.923311e-004	1.139357e+002
1.588110e+002	4.970000e+000	2.923233e-004	1.138783e+002
1.589040e+002	5.063000e+000	2.923540e-004	1.138171e+002
1.589980e+002	5.157000e+000	2.923422e-004	1.137668e+002
1.591070e+002	5.266000e+000	2.923678e-004	1.137026e+002
1.592010e+002	5.360000e+000	2.923723e-004	1.136371e+002
1.593100e+002	5.469000e+000	2.923962e-004	1.135760e+002
1.594190e+002	5.578000e+000	2.924587e-004	1.135101e+002
1.595130e+002	5.672000e+000	2.924719e-004	1.134461e+002
1.596220e+002	5.781000e+000	2.925119e-004	1.133826e+002
1.597310e+002	5.890000e+000	2.925344e-004	1.133145e+002
1.598400e+002	5.999000e+000	2.925815e-004	1.132474e+002
1.599490e+002	6.108000e+000	2.926274e-004	1.131810e+002
1.600430e+002	6.202000e+000	2.926732e-004	1.131139e+002
1.601370e+002	6.296000e+000	2.926927e-004	1.130510e+002
1.602460e+002	6.405000e+000	2.927550e-004	1.129905e+002
1.603390e+002	6.498000e+000	2.928151e-004	1.129176e+002
1.604330e+002	6.592000e+000	2.928699e-004	1.128537e+002
1.605270e+002	6.686000e+000	2.929293e-004	1.127967e+002
1.606360e+002	6.795000e+000	2.929878e-004	1.127367e+002
1.607450e+002	6.904000e+000	2.930812e-004	1.126635e+002
1.608380e+002	6.997000e+000	2.931431e-004	1.125940e+002
1.609320e+002	7.091000e+000	2.932458e-004	1.125294e+002
1.610260e+002	7.185000e+000	2.933262e-004	1.124678e+002
1.611190e+002	7.278000e+000	2.933998e-004	1.124030e+002
1.612130e+002	7.372000e+000	2.934727e-004	1.123411e+002
1.613060e+002	7.465000e+000	2.935779e-004	1.122789e+002
1.614000e+002	7.559000e+000	2.936694e-004	1.122177e+002
1.615090e+002	7.668000e+000	2.937449e-004	1.121538e+002
1.616030e+002	7.762000e+000	2.938655e-004	1.120805e+002
1.616960e+002	7.855000e+000	2.939688e-004	1.120219e+002
1.618060e+002	7.965000e+000	2.940879e-004	1.119536e+002
1.618990e+002	8.058000e+000	2.942192e-004	1.118830e+002
1.619930e+002	8.152000e+000	2.943605e-004	1.118187e+002
1.620860e+002	8.245000e+000	2.944755e-004	1.117564e+002
1.621800e+002	8.339000e+000	2.945976e-004	1.116937e+002
1.622740e+002	8.433000e+000	2.947340e-004	1.116283e+002
1.623830e+002	8.542000e+000	2.948994e-004	1.115587e+002
1.624760e+002	8.635000e+000	2.950315e-004	1.114863e+002
1.625860e+002	8.745000e+000	2.951705e-004	1.114141e+002
1.626790e+002	8.838000e+000	2.953207e-004	1.113479e+002
1.627730e+002	8.932000e+000	2.955030e-004	1.112816e+002
1.628820e+002	9.041000e+000	2.956992e-004	1.112109e+002
1.629760e+002	9.135000e+000	2.958630e-004	1.111352e+002
1.630690e+002	9.228000e+000	2.960436e-004	1.110666e+002
1.631630e+002	9.322000e+000	2.962213e-004	1.110054e+002
1.632720e+002	9.431000e+000	2.963862e-004	1.109437e+002
1.633810e+002	9.540000e+000	2.966478e-004	1.108571e+002
1.634750e+002	9.634000e+000	2.968389e-004	1.107869e+002
1.635680e+002	9.727000e+000	2.970583e-004	1.107187e+002
1.636780e+002	9.837000e+000	2.972899e-004	1.106476e+002
1.637870e+002	9.946000e+000	2.974842e-004	1.105782e+002
1.638960e+002	1.005500e+001	2.977460e-004	1.105027e+002
1.639900e+002	1.014900e+001	2.980060e-004	1.104288e+002
1.640990e+002	1.025800e+001	2.982458e-004	1.103683e+002
1.641920e+002	1.035100e+001	2.984883e-004	1.102893e+002
1.643020e+002	1.046100e+001	2.987687e-004	1.102209e+002
1.643950e+002	1.055400e+001	2.990268e-004	1.101558e+002
1.644890e+002	1.064800e+001	2.992866e-004	1.100897e+002
1.645820e+002	1.074100e+001	2.995092e-004	1.100295e+002
1.646760e+002	1.083500e+001	2.997459e-004	1.099652e+002
1.647850e+002	1.094400e+001	3.000424e-004	1.099004e+002
1.648790e+002	1.103800e+001	3.003348e-004	1.098343e+002
1.649720e+002	1.113100e+001	3.006311e-004	1.097717e+002
1.650660e+002	1.122500e+001	3.009162e-004	1.097119e+002
1.651750e+002	1.133400e+001	3.012315e-004	1.096453e+002
1.652690e+002	1.142800e+001	3.015413e-004	1.095829e+002
1.653620e+002	1.152100e+001	3.018196e-004	1.095233e+002
1.654720e+002	1.163100e+001	3.021630e-004	1.094673e+002
1.655650e+002	1.172400e+001	3.025150e-004	1.093973e+002
1.656590e+002	1.181800e+001	3.028120e-004	1.093414e+002
1.657520e+002	1.191100e+001	3.031705e-004	1.092791e+002
1.658460e+002	1.200500e+001	3.034956e-004	1.092251e+002
1.659550e+002	1.211400e+001	3.038229e-004	1.091655e+002
1.660640e+002	1.222300e+001	3.042457e-004	1.090995e+002
1.661580e+002	1.231700e+001	3.046175e-004	1.090397e+002
1.662670e+002	1.242600e+001	3.050210e-004	1.089814e+002
1.663610e+002	1.252000e+001	3.054011e-004	1.089216e+002
1.664700e+002	1.262900e+001	3.057900e-004	1.088635e+002
1.665640e+002	1.272300e+001	3.062545e-004	1.088035e+002
1.666730e+002	1.283200e+001	3.065990e-004	1.087494e+002
1.667820e+002	1.294100e+001	3.071231e-004	1.086858e+002
1.668910e+002	1.305000e+001	3.075823e-004	1.086199e+002
1.669850e+002	1.314400e+001	3.081104e-004	1.085636e+002
1.670940e+002	1.325300e+001	3.085111e-004	1.085101e+002
1.672030e+002	1.336200e+001	3.090989e-004	1.084549e+002
1.673120e+002	1.347100e+001	3.095660e-004	1.083991e+002
1.674060e+002	1.356500e+001	3.101109e-004	1.083440e+002
1.674990e+002	1.365800e+001	3.105398e-004	1.083018e+002
1.675930e+002	1.375200e+001	3.110028e-004	1.082539e+002
1.677020e+002	1.386100e+001	3.114594e-004	1.082100e+002
1.678110e+002	1.397000e+001	3.119757e-004	1.081657e+002
1.679050e+002	1.406400e+001	3.125459e-004	1.081214e+002
1.679990e+002	1.415800e+001	3.129959e-004	1.080769e+002
1.681080e+002	1.426700e+001	3.134944e-004	1.080391e+002
1.682170e+002	1.437600e+001	3.140554e-004	1.079980e+002
1.683110e+002	1.447000e+001	3.146375e-004	1.079609e+002
1.684040e+002	1.456300e+001	3.151200e-004	1.079245e+002
1.684980e+002	1.465700e+001	3.155966e-004	1.078931e+002
1.685910e+002	1.475000e+001	3.161314e-004	1.078646e+002
1.687010e+002	1.486000e+001	3.166980e-004	1.078381e+002
1.687940e+002	1.495300e+001	3.172695e-004	1.078007e+002
1.688880e+002	1.504700e+001	3.177795e-004	1.077750e+002
1.689970e+002	1.515600e+001	3.183068e-004	1.077484e+002
1.691060e+002	1.526500e+001	3.188908e-004	1.077261e+002
1.692000e+002	1.535900e+001	3.194757e-004	1.076981e+002
1.693090e+002	1.546800e+001	3.200065e-004	1.076759e+002
1.694030e+002	1.556200e+001	3.206066e-004	1.076562e+002
1.694960e+002	1.565500e+001	3.211134e-004	1.076386e+002
1.695900e+002	1.574900e+001	3.216550e-004	1.076211e+002
1.696990e+002	1.585800e+001	3.222209e-004	1.076082e+002
1.697930e+002	1.595200e+001	3.228247e-004	1.075906e+002
1.699020e+002	1.606100e+001	3.233208e-004	1.075748e+002
1.699950e+002	1.615400e+001	3.239314e-004	1.075613e+002
1.701050e+002	1.626400e+001	3.244724e-004	1.075579e+002
1.702140e+002	1.637300e+001	3.250896e-004	1.075490e+002
1.703070e+002	1.646600e+001	3.257159e-004	1.075434e+002
1.704170e+002	1.657600e+001	3.262770e-004	1.075415e+002
1.705260e+002	1.668500e+001	3.268894e-004	1.075329e+002
1.706190e+002	1.677800e+001	3.274818e-004	1.075344e+002
1.707130e+002	1.687200e+001	3.280095e-004	1.075319e+002
1.708070e+002	1.696600e+001	3.285784e-004	1.075374e+002
1.709160e+002	1.707500e+001	3.291018e-004	1.075353e+002
1.710250e+002	1.718400e+001	3.297659e-004	1.075397e+002
1.711190e+002	1.727800e+001	3.303959e-004	1.075493e+002
1.712280e+002	1.738700e+001	3.309577e-004	1.075568e+002
1.713370e+002	1.749600e+001	3.316245e-004	1.075650e+002
1.714310e+002	1.759000e+001	3.322526e-004	1.075818e+002
1.715400e+002	1.769900e+001	3.328211e-004	1.075929e+002
1.716490e+002	1.780800e+001	3.334860e-004	1.076073e+002
1.717430e+002	1.790200e+001	3.341055e-004	1.076234e+002
1.718360e+002	1.799500e+001	3.346181e-004	1.076432e+002
1.719300e+002	1.808900e+001	3.351833e-004	1.076621e+002
1.720390e+002	1.819800e+001	3.357443e-004	1.076817e+002
1.721330e+002	1.829200e+001	3.363701e-004	1.077096e+002
1.722260e+002	1.838500e+001	3.368816e-004	1.077270e+002
1.723200e+002	1.847900e+001	3.374097e-004	1.077502e+002
1.724290e+002	1.858800e+001	3.380051e-004	1.077834e+002
1.725230e+002	1.868200e+001	3.385820e-004	1.078071e+002
1.726160e+002	1.877500e+001	3.391029e-004	1.078314e+002
1.727100e+002	1.886900e+001	3.396176e-004	1.078623e+002
1.728190e+002	1.897800e+001	3.401239e-004	1.078900e+002
1.729280e+002	1.908700e+001	3.407051e-004	1.079235e+002
1.730220e+002	1.918100e+001	3.413236e-004	1.079632e+002
1.731310e+002	1.929000e+001	3.418179e-004	1.079970e+002
1.732240e+002	1.938300e+001	3.424131e-004	1.080355e+002
1.733180e+002	1.947700e+001	3.428534e-004	1.080727e+002
1.734270e+002	1.958600e+001	3.434104e-004	1.081066e+002
1.735210e+002	1.968000e+001	3.439554e-004	1.081537e+002
1.736140e+002	1.977300e+001	3.444465e-004	1.081919e+002
1.737080e+002	1.986700e+001	3.449128e-004	1.082286e+002
1.738020e+002	1.996100e+001	3.453789e-004	1.082667e+002
1.739110e+002	2.007000e+001	3.458450e-004	1.083093e+002
1.740040e+002	2.016300e+001	3.463946e-004	1.083583e+002
1.741140e+002	2.027300e+001	3.468716e-004	1.084044e+002
1.742230e+002	2.038200e+001	3.474263e-004	1.084593e+002
1.743160e+002	2.047500e+001	3.478798e-004	1.085098e+002
1.744100e+002	2.056900e+001	3.483615e-004	1.085519e+002
1.745040e+002	2.066300e+001	3.487770e-004	1.085989e+002
1.745970e+002	2.075600e+001	3.492085e-004	1.086451e+002
1.746910e+002	2.085000e+001	3.496502e-004	1.086907e+002
1.748000e+002	2.095900e+001	3.500661e-004	1.087457e+002
1.748940e+002	2.105300e+001	3.505730e-004	1.088046e+002
1.749870e+002	2.114600e+001	3.509709e-004	1.088561e+002
1.750810e+002	2.124000e+001	3.513925e-004	1.089093e+002
1.751900e+002	2.134900e+001	3.518175e-004	1.089631e+002
1.752990e+002	2.145800e+001	3.523125e-004	1.090293e+002
1.753930e+002	2.155200e+001	3.527578e-004	1.090928e+002
1.755020e+002	2.166100e+001	3.531874e-004	1.091480e+002
1.755960e+002	2.175500e+001	3.535810e-004	1.092089e+002
1.756890e+002	2.184800e+001	3.539585e-004	1.092645e+002
1.757980e+002	2.195700e+001	3.543264e-004	1.093207e+002
1.759080e+002	2.206700e+001	3.547521e-004	1.093848e+002
1.760010e+002	2.216000e+001	3.551375e-004	1.094467e+002
1.760950e+002	2.225400e+001	3.554831e-004	1.095025e+002
1.761880e+002	2.234700e+001	3.558677e-004	1.095624e+002
1.762820e+002	2.244100e+001	3.561601e-004	1.096239e+002
1.763760e+002	2.253500e+001	3.564952e-004	1.096790e+002
1.764690e+002	2.262800e+001	3.568319e-004	1.097367e+002
1.765350e+002	2.269400e+001	3.571383e-004	1.097955e+002
1.766270e+002	2.278600e+001	3.574771e-004	1.098526e+002
1.767230e+002	2.288200e+001	3.577934e-004	1.099139e+002
1.768150e+002	2.297400e+001	3.580782e-004	1.099726e+002
1.769080e+002	2.306700e+001	3.583432e-004	1.100312e+002
1.770010e+002	2.316000e+001	3.586586e-004	1.100879e+002
1.770960e+002	2.325500e+001	3.589283e-004	1.101501e+002
1.771910e+002	2.335000e+001	3.592350e-004	1.102117e+002
1.772860e+002	2.344500e+001	3.594646e-004	1.102677e+002
1.773860e+002	2.354500e+001	3.597637e-004	1.103336e+002
1.774800e+002	2.363900e+001	3.600452e-004	1.103911e+002
1.776110e+002	2.377000e+001	3.602760e-004	1.104559e+002
1.777200e+002	2.387900e+001	3.605489e-004	1.105197e+002
1.778140e+002	2.397300e+001	3.608199e-004	1.105865e+002
1.779070e+002	2.406600e+001	3.610798e-004	1.106506e+002
1.780170e+002	2.417600e+001	3.612868e-004	1.107135e+002
1.781100e+002	2.426900e+001	3.615536e-004	1.107846e+002
1.782040e+002	2.436300e+001	3.617794e-004	1.108499e+002
1.782970e+002	2.445600e+001	3.619707e-004	1.109080e+002
1.784070e+002	2.456600e+001	3.621946e-004	1.109671e+002
1.785160e+002	2.467500e+001	3.624240e-004	1.110370e+002
1.786250e+002	2.478400e+001	3.626746e-004	1.111078e+002
1.787340e+002	2.489300e+001	3.628761e-004	1.111780e+002
1.788280e+002	2.498700e+001	3.631084e-004	1.112490e+002
1.789370e+002	2.509600e+001	3.632893e-004	1.113068e+002
1.790310e+002	2.519000e+001	3.634813e-004	1.113730e+002
1.791400e+002	2.529900e+001	3.636583e-004	1.114349e+002
1.792490e+002	2.540800e+001	3.638219e-004	1.115000e+002
1.793580e+002	2.551700e+001	3.640240e-004	1.115723e+002
1.794520e+002	2.561100e+001	3.641855e-004	1.116398e+002
1.795610e+002	2.572000e+001	3.643244e-004	1.116967e+002
1.796550e+002	2.581400e+001	3.644924e-004	1.117600e+002
1.797480e+002	2.590700e+001	3.646413e-004	1.118221e+002
1.798420e+002	2.600100e+001	3.647591e-004	1.118789e+002
1.799350e+002	2.609400e+001	3.648739e-004	1.119356e+002
1.800450e+002	2.620400e+001	3.650131e-004	1.119916e+002
1.801380e+002	2.629700e+001	3.651260e-004	1.120568e+002
1.802470e+002	2.640600e+001	3.652408e-004	1.121133e+002
1.803410e+002	2.650000e+001	3.653850e-004	1.121783e+002
1.804340e+002	2.659300e+001	3.654714e-004	1.122366e+002
1.805280e+002	2.668700e+001	3.656050e-004	1.122886e+002
1.806370e+002	2.679600e+001	3.657182e-004	1.123490e+002
1.807460e+002	2.690500e+001	3.658015e-004	1.124109e+002
1.808560e+002	2.701500e+001	3.659077e-004	1.124790e+002
1.809490e+002	2.710800e+001	3.660209e-004	1.125457e+002
1.810430e+002	2.720200e+001	3.661085e-004	1.125996e+002
1.811520e+002	2.731100e+001	3.661762e-004	1.126593e+002
1.812460e+002	2.740500e+001	3.662927e-004	1.127178e+002
1.813390e+002	2.749800e+001	3.663346e-004	1.127777e+002
1.814330e+002	2.759200e+001	3.664077e-004	1.128319e+002
1.814990e+002	2.765800e+001	3.665062e-004	1.128825e+002
1.815930e+002	2.775200e+001	3.665530e-004	1.129352e+002
1.816880e+002	2.784700e+001	3.665970e-004	1.129869e+002
1.817830e+002	2.794200e+001	3.666381e-004	1.130411e+002
