TimeAll	TimeExperiment	R	Theta
1.823050e+002	7.800007e-002	2.927844e-004	1.138601e+002
1.824380e+002	2.110000e-001	2.927985e-004	1.138130e+002
1.825470e+002	3.200002e-001	2.928275e-004	1.137629e+002
1.826400e+002	4.130001e-001	2.928253e-004	1.137201e+002
1.827500e+002	5.230000e-001	2.928301e-004	1.136772e+002
1.828430e+002	6.160002e-001	2.928780e-004	1.136245e+002
1.829370e+002	7.100000e-001	2.928801e-004	1.135838e+002
1.830300e+002	8.030000e-001	2.929234e-004	1.135399e+002
1.831400e+002	9.130001e-001	2.929374e-004	1.134958e+002
1.832330e+002	1.006000e+000	2.929295e-004	1.134437e+002
1.833270e+002	1.100000e+000	2.929651e-004	1.134012e+002
1.834360e+002	1.209000e+000	2.930088e-004	1.133555e+002
1.835450e+002	1.318000e+000	2.930421e-004	1.133051e+002
1.836390e+002	1.412000e+000	2.930607e-004	1.132540e+002
1.837320e+002	1.505000e+000	2.930727e-004	1.132052e+002
1.838420e+002	1.615000e+000	2.931296e-004	1.131573e+002
1.839350e+002	1.708000e+000	2.931579e-004	1.131075e+002
1.840440e+002	1.817000e+000	2.932195e-004	1.130587e+002
1.841540e+002	1.927000e+000	2.932355e-004	1.130058e+002
1.842630e+002	2.036000e+000	2.933108e-004	1.129453e+002
1.843720e+002	2.145000e+000	2.933523e-004	1.128889e+002
1.844810e+002	2.254000e+000	2.934316e-004	1.128317e+002
1.845750e+002	2.348000e+000	2.934570e-004	1.127794e+002
1.846680e+002	2.441000e+000	2.935190e-004	1.127300e+002
1.847780e+002	2.551000e+000	2.935837e-004	1.126837e+002
1.848710e+002	2.644000e+000	2.936471e-004	1.126302e+002
1.849650e+002	2.738000e+000	2.937138e-004	1.125833e+002
1.850580e+002	2.831000e+000	2.937526e-004	1.125375e+002
1.851520e+002	2.925000e+000	2.938035e-004	1.124892e+002
1.852610e+002	3.034000e+000	2.938889e-004	1.124389e+002
1.853550e+002	3.128000e+000	2.939774e-004	1.123850e+002
1.854640e+002	3.237000e+000	2.940149e-004	1.123311e+002
1.855580e+002	3.331000e+000	2.940976e-004	1.122766e+002
1.856510e+002	3.424000e+000	2.941878e-004	1.122330e+002
1.857600e+002	3.533000e+000	2.942705e-004	1.121827e+002
1.858700e+002	3.643000e+000	2.943603e-004	1.121195e+002
1.859790e+002	3.752000e+000	2.944799e-004	1.120687e+002
1.860720e+002	3.845000e+000	2.945680e-004	1.120144e+002
1.861820e+002	3.955000e+000	2.946364e-004	1.119580e+002
1.862750e+002	4.048000e+000	2.947275e-004	1.119042e+002
1.863690e+002	4.142000e+000	2.948569e-004	1.118493e+002
1.864620e+002	4.235000e+000	2.949622e-004	1.118058e+002
1.865560e+002	4.329000e+000	2.950436e-004	1.117578e+002
1.866500e+002	4.423000e+000	2.951562e-004	1.117065e+002
1.867430e+002	4.516000e+000	2.952703e-004	1.116605e+002
1.868520e+002	4.625000e+000	2.953582e-004	1.116126e+002
1.869620e+002	4.735000e+000	2.954811e-004	1.115536e+002
1.870550e+002	4.828000e+000	2.955965e-004	1.114955e+002
1.871490e+002	4.922000e+000	2.957315e-004	1.114485e+002
1.872420e+002	5.015000e+000	2.958504e-004	1.113992e+002
1.873360e+002	5.109000e+000	2.959669e-004	1.113510e+002
1.874300e+002	5.203000e+000	2.960710e-004	1.113021e+002
1.875230e+002	5.296000e+000	2.962211e-004	1.112483e+002
1.876170e+002	5.390000e+000	2.963256e-004	1.112039e+002
1.877260e+002	5.499000e+000	2.964852e-004	1.111480e+002
1.878350e+002	5.608000e+000	2.966435e-004	1.110877e+002
1.879290e+002	5.702000e+000	2.968290e-004	1.110279e+002
1.880220e+002	5.795000e+000	2.969874e-004	1.109796e+002
1.881160e+002	5.889000e+000	2.970957e-004	1.109304e+002
1.882250e+002	5.998000e+000	2.972757e-004	1.108739e+002
1.883190e+002	6.092000e+000	2.974299e-004	1.108182e+002
1.884120e+002	6.185000e+000	2.976070e-004	1.107657e+002
1.885210e+002	6.294000e+000	2.977637e-004	1.107101e+002
1.886310e+002	6.404000e+000	2.979440e-004	1.106555e+002
1.887240e+002	6.497000e+000	2.981348e-004	1.106045e+002
1.888330e+002	6.606000e+000	2.983319e-004	1.105482e+002
1.889430e+002	6.716000e+000	2.985024e-004	1.104933e+002
1.890360e+002	6.809000e+000	2.986999e-004	1.104368e+002
1.891300e+002	6.903000e+000	2.989074e-004	1.103895e+002
1.892230e+002	6.996000e+000	2.991015e-004	1.103412e+002
1.893330e+002	7.106000e+000	2.992949e-004	1.102894e+002
1.894260e+002	7.199000e+000	2.995276e-004	1.102290e+002
1.895350e+002	7.308000e+000	2.997017e-004	1.101832e+002
1.896450e+002	7.418000e+000	2.999492e-004	1.101280e+002
1.897380e+002	7.511000e+000	3.001760e-004	1.100743e+002
1.898320e+002	7.605000e+000	3.003727e-004	1.100252e+002
1.899410e+002	7.714000e+000	3.006207e-004	1.099756e+002
1.900350e+002	7.808000e+000	3.008222e-004	1.099213e+002
1.901440e+002	7.917000e+000	3.010530e-004	1.098733e+002
1.902530e+002	8.026000e+000	3.013104e-004	1.098191e+002
1.903620e+002	8.135000e+000	3.015643e-004	1.097666e+002
1.904710e+002	8.244000e+000	3.018195e-004	1.097114e+002
1.905650e+002	8.338000e+000	3.021127e-004	1.096560e+002
1.906590e+002	8.432000e+000	3.023335e-004	1.096119e+002
1.907520e+002	8.525000e+000	3.025310e-004	1.095692e+002
1.908610e+002	8.634000e+000	3.027799e-004	1.095212e+002
1.909710e+002	8.744000e+000	3.030401e-004	1.094719e+002
1.910640e+002	8.837000e+000	3.033608e-004	1.094175e+002
1.911580e+002	8.931000e+000	3.035972e-004	1.093678e+002
1.912510e+002	9.024000e+000	3.038398e-004	1.093297e+002
1.913450e+002	9.118000e+000	3.041092e-004	1.092835e+002
1.914390e+002	9.212000e+000	3.043695e-004	1.092439e+002
1.915320e+002	9.305000e+000	3.046232e-004	1.091961e+002
1.916260e+002	9.399000e+000	3.049276e-004	1.091580e+002
1.917190e+002	9.492000e+000	3.051578e-004	1.091168e+002
1.918130e+002	9.586000e+000	3.054197e-004	1.090711e+002
1.919220e+002	9.695000e+000	3.057194e-004	1.090297e+002
1.920160e+002	9.789000e+000	3.060550e-004	1.089847e+002
1.921090e+002	9.882000e+000	3.063534e-004	1.089463e+002
1.922030e+002	9.976000e+000	3.066378e-004	1.089029e+002
1.923120e+002	1.008500e+001	3.069384e-004	1.088637e+002
1.924060e+002	1.017900e+001	3.072926e-004	1.088186e+002
1.924990e+002	1.027200e+001	3.075668e-004	1.087783e+002
1.926090e+002	1.038200e+001	3.078514e-004	1.087396e+002
1.927020e+002	1.047500e+001	3.082525e-004	1.086987e+002
1.928110e+002	1.058400e+001	3.085425e-004	1.086574e+002
1.929050e+002	1.067800e+001	3.089360e-004	1.086203e+002
1.929990e+002	1.077200e+001	3.092282e-004	1.085831e+002
1.930920e+002	1.086500e+001	3.095099e-004	1.085426e+002
1.931860e+002	1.095900e+001	3.098605e-004	1.085143e+002
1.932790e+002	1.105200e+001	3.102069e-004	1.084777e+002
1.933890e+002	1.116200e+001	3.105059e-004	1.084440e+002
1.934820e+002	1.125500e+001	3.109437e-004	1.084074e+002
1.935760e+002	1.134900e+001	3.112714e-004	1.083795e+002
1.936850e+002	1.145800e+001	3.116078e-004	1.083393e+002
1.937780e+002	1.155100e+001	3.120087e-004	1.083051e+002
1.938720e+002	1.164500e+001	3.123364e-004	1.082770e+002
1.939810e+002	1.175400e+001	3.127081e-004	1.082491e+002
1.940900e+002	1.186300e+001	3.131139e-004	1.082159e+002
1.941840e+002	1.195700e+001	3.135298e-004	1.081771e+002
1.942780e+002	1.205100e+001	3.138581e-004	1.081544e+002
1.943710e+002	1.214400e+001	3.142192e-004	1.081278e+002
1.944800e+002	1.225300e+001	3.145920e-004	1.080956e+002
1.945740e+002	1.234700e+001	3.149670e-004	1.080702e+002
1.946830e+002	1.245600e+001	3.153897e-004	1.080451e+002
1.947770e+002	1.255000e+001	3.158115e-004	1.080189e+002
1.948700e+002	1.264300e+001	3.161393e-004	1.079969e+002
1.949800e+002	1.275300e+001	3.165451e-004	1.079716e+002
1.950890e+002	1.286200e+001	3.170152e-004	1.079484e+002
1.951820e+002	1.295500e+001	3.174412e-004	1.079238e+002
1.952920e+002	1.306500e+001	3.178187e-004	1.079045e+002
1.954010e+002	1.317400e+001	3.182623e-004	1.078826e+002
1.954940e+002	1.326700e+001	3.186752e-004	1.078627e+002
1.956040e+002	1.337700e+001	3.190611e-004	1.078480e+002
1.957130e+002	1.348600e+001	3.195499e-004	1.078290e+002
1.958060e+002	1.357900e+001	3.199665e-004	1.078082e+002
1.959000e+002	1.367300e+001	3.203597e-004	1.077971e+002
1.959940e+002	1.376700e+001	3.207527e-004	1.077828e+002
1.961030e+002	1.387600e+001	3.211638e-004	1.077666e+002
1.961960e+002	1.396900e+001	3.215868e-004	1.077564e+002
1.963060e+002	1.407900e+001	3.219963e-004	1.077456e+002
1.964150e+002	1.418800e+001	3.224724e-004	1.077305e+002
1.965080e+002	1.428100e+001	3.228844e-004	1.077182e+002
1.966020e+002	1.437500e+001	3.233145e-004	1.077159e+002
1.966960e+002	1.446900e+001	3.236562e-004	1.077027e+002
1.968050e+002	1.457800e+001	3.241075e-004	1.076986e+002
1.969140e+002	1.468700e+001	3.245673e-004	1.076946e+002
1.970230e+002	1.479600e+001	3.250172e-004	1.076820e+002
1.971170e+002	1.489000e+001	3.254610e-004	1.076786e+002
1.972100e+002	1.498300e+001	3.258891e-004	1.076738e+002
1.973040e+002	1.507700e+001	3.263191e-004	1.076770e+002
1.973980e+002	1.517100e+001	3.267107e-004	1.076723e+002
1.974910e+002	1.526400e+001	3.271091e-004	1.076705e+002
1.975850e+002	1.535800e+001	3.275329e-004	1.076714e+002
1.976940e+002	1.546700e+001	3.279264e-004	1.076742e+002
1.977880e+002	1.556100e+001	3.283709e-004	1.076729e+002
1.978970e+002	1.567000e+001	3.287995e-004	1.076727e+002
1.979900e+002	1.576300e+001	3.292254e-004	1.076760e+002
1.980840e+002	1.585700e+001	3.296539e-004	1.076784e+002
1.981780e+002	1.595100e+001	3.300378e-004	1.076772e+002
1.982870e+002	1.606000e+001	3.304433e-004	1.076872e+002
1.983960e+002	1.616900e+001	3.309156e-004	1.076953e+002
1.984900e+002	1.626300e+001	3.313837e-004	1.077008e+002
1.985990e+002	1.637200e+001	3.317933e-004	1.077089e+002
1.986920e+002	1.646500e+001	3.322328e-004	1.077156e+002
1.988020e+002	1.657500e+001	3.326751e-004	1.077273e+002
1.988950e+002	1.666800e+001	3.331396e-004	1.077386e+002
1.989890e+002	1.676200e+001	3.334937e-004	1.077505e+002
1.990820e+002	1.685500e+001	3.339231e-004	1.077654e+002
1.991760e+002	1.694900e+001	3.342901e-004	1.077740e+002
1.992700e+002	1.704300e+001	3.347339e-004	1.077858e+002
1.993790e+002	1.715200e+001	3.351368e-004	1.078001e+002
1.994880e+002	1.726100e+001	3.356065e-004	1.078196e+002
1.995970e+002	1.737000e+001	3.361309e-004	1.078370e+002
1.996910e+002	1.746400e+001	3.365667e-004	1.078563e+002
1.997840e+002	1.755700e+001	3.370116e-004	1.078782e+002
1.998780e+002	1.765100e+001	3.374068e-004	1.078920e+002
1.999720e+002	1.774500e+001	3.377961e-004	1.079113e+002
2.000650e+002	1.783800e+001	3.382051e-004	1.079303e+002
2.001740e+002	1.794700e+001	3.386029e-004	1.079547e+002
2.002680e+002	1.804100e+001	3.390581e-004	1.079765e+002
2.003610e+002	1.813400e+001	3.394720e-004	1.079967e+002
2.004710e+002	1.824400e+001	3.398111e-004	1.080171e+002
2.005640e+002	1.833700e+001	3.402806e-004	1.080430e+002
2.006580e+002	1.843100e+001	3.406321e-004	1.080661e+002
2.007510e+002	1.852400e+001	3.410132e-004	1.080934e+002
2.008610e+002	1.863400e+001	3.414212e-004	1.081147e+002
2.009700e+002	1.874300e+001	3.418256e-004	1.081434e+002
2.010630e+002	1.883600e+001	3.422863e-004	1.081705e+002
2.011730e+002	1.894600e+001	3.426425e-004	1.082002e+002
2.012820e+002	1.905500e+001	3.430540e-004	1.082291e+002
2.013510e+002	1.912400e+001	3.434919e-004	1.082619e+002
2.014450e+002	1.921800e+001	3.438275e-004	1.082916e+002
