Fext	FextSD	Fgen	R	RSD	Theta	ThetaSD	X	XSD	Y	YSD	Time	Interval	Round
9.83516062500000000000e+005	0.00000000000000000000e+000	9.83500000000000000000e+005	3.48680361639999985158e-004	0.00000000000000000000e+000	1.19700752260000001570e+002	0.00000000000000000000e+000	-1.72760673446135086138e-004	0.00000000000000000000e+000	3.02872488522544828192e-004	0.00000000000000000000e+000	6.35000003851018846035e-001	1	1
9.83518062500000000000e+005	0.00000000000000000000e+000	9.83502000000000000000e+005	3.48806031979999981666e-004	0.00000000000000000000e+000	1.19686538699999999835e+002	0.00000000000000000000e+000	-1.72747772325058837443e-004	0.00000000000000000000e+000	3.03024512378722232168e-004	0.00000000000000000000e+000	8.12000003759749233723e-001	1	1
9.83519187500000000000e+005	0.00000000000000000000e+000	9.83504000000000000000e+005	3.49123438349999972927e-004	0.00000000000000000000e+000	1.19664520260000003304e+002	0.00000000000000000000e+000	-1.72788399956790478295e-004	0.00000000000000000000e+000	3.03366682491170141373e-004	0.00000000000000000000e+000	9.91000003763474524021e-001	1	1
9.83521312500000000000e+005	0.00000000000000000000e+000	9.83506000000000000000e+005	3.49422160070000009571e-004	0.00000000000000000000e+000	1.19642349240000001487e+002	0.00000000000000000000e+000	-1.72818740168563604034e-004	0.00000000000000000000e+000	3.03693149403366042735e-004	0.00000000000000000000e+000	1.16300000378396362066e+000	1	1
9.83523000000000000000e+005	0.00000000000000000000e+000	9.83508000000000000000e+005	3.49751237079999979275e-004	0.00000000000000000000e+000	1.19615257260000007022e+002	0.00000000000000000000e+000	-1.72837742387000763188e-004	0.00000000000000000000e+000	3.04060919299990121533e-004	0.00000000000000000000e+000	1.34600000386126339436e+000	1	1
9.83526062500000000000e+005	0.00000000000000000000e+000	9.83510000000000000000e+005	3.50034650179999998112e-004	0.00000000000000000000e+000	1.19590881350000003636e+002	0.00000000000000000000e+000	-1.72848317474248979733e-004	0.00000000000000000000e+000	3.04380872383525806837e-004	0.00000000000000000000e+000	1.52200000383891165257e+000	1	1
9.83527375000000000000e+005	0.00000000000000000000e+000	9.83512000000000000000e+005	3.50353569960000011448e-004	0.00000000000000000000e+000	1.19563186650000005784e+002	0.00000000000000000000e+000	-1.72858520245942046990e-004	0.00000000000000000000e+000	3.04741785717186925569e-004	0.00000000000000000000e+000	1.70100000384263694286e+000	1	1
9.83531250000000000000e+005	0.00000000000000000000e+000	9.83514000000000000000e+005	3.50724702000000025746e-004	0.00000000000000000000e+000	1.19537559509999994134e+002	0.00000000000000000000e+000	-1.72905164533617062726e-004	0.00000000000000000000e+000	3.05141968058462314823e-004	0.00000000000000000000e+000	1.87700000382028520107e+000	1	1
9.83531312500000000000e+005	0.00000000000000000000e+000	9.83516000000000000000e+005	3.51090973709999973514e-004	0.00000000000000000000e+000	1.19506690980000001900e+002	0.00000000000000000000e+000	-1.72921139966405334630e-004	0.00000000000000000000e+000	3.05553843329379115016e-004	0.00000000000000000000e+000	2.05300000379793345928e+000	1	1
9.83533125000000000000e+005	0.00000000000000000000e+000	9.83518000000000000000e+005	3.51402122759999981268e-004	0.00000000000000000000e+000	1.19477691649999997026e+002	0.00000000000000000000e+000	-1.72919578362882111512e-004	0.00000000000000000000e+000	3.05912195407501141808e-004	0.00000000000000000000e+000	2.22800000384449958801e+000	1	1
9.83535250000000000000e+005	0.00000000000000000000e+000	9.83520000000000000000e+005	3.51755588779999997431e-004	0.00000000000000000000e+000	1.19439628600000006031e+002	0.00000000000000000000e+000	-1.72890045671125904643e-004	0.00000000000000000000e+000	3.06334827183917294234e-004	0.00000000000000000000e+000	2.40200000384356826544e+000	1	1
9.83537312500000000000e+005	0.00000000000000000000e+000	9.83522000000000000000e+005	3.52139701140000019666e-004	0.00000000000000000000e+000	1.19407630920000002561e+002	0.00000000000000000000e+000	-1.72907548238289838485e-004	0.00000000000000000000e+000	3.06765951306842404173e-004	0.00000000000000000000e+000	2.57700000377371907234e+000	1	1
9.83540687500000000000e+005	0.00000000000000000000e+000	9.83524000000000000000e+005	3.52539558660000008905e-004	0.00000000000000000000e+000	1.19372550959999998099e+002	0.00000000000000000000e+000	-1.72915819708009552364e-004	0.00000000000000000000e+000	3.07220213714681723762e-004	0.00000000000000000000e+000	2.75500000384636223316e+000	1	1
9.83541812500000000000e+005	0.00000000000000000000e+000	9.83526000000000000000e+005	3.52909963110000000994e-004	0.00000000000000000000e+000	1.19338150020000000495e+002	0.00000000000000000000e+000	-1.72912815033973390382e-004	0.00000000000000000000e+000	3.07646876238534979203e-004	0.00000000000000000000e+000	2.93300000380259007215e+000	1	1
9.83543187500000000000e+005	0.00000000000000000000e+000	9.83528000000000000000e+005	3.53338313289999978242e-004	0.00000000000000000000e+000	1.19295196529999998347e+002	0.00000000000000000000e+000	-1.72891725542865935155e-004	0.00000000000000000000e+000	3.08149987631725337609e-004	0.00000000000000000000e+000	3.11000000382773578167e+000	1	1
9.83545687500000000000e+005	0.00000000000000000000e+000	9.83530000000000000000e+005	3.53707262550000004018e-004	0.00000000000000000000e+000	1.19262199400000000082e+002	0.00000000000000000000e+000	-1.72894575638070022161e-004	0.00000000000000000000e+000	3.08571374718307758159e-004	0.00000000000000000000e+000	3.28800000378396362066e+000	1	1
9.83548625000000000000e+005	0.00000000000000000000e+000	9.83532000000000000000e+005	3.54114279619999997202e-004	0.00000000000000000000e+000	1.19220565800000002810e+002	0.00000000000000000000e+000	-1.72869003377096916007e-004	0.00000000000000000000e+000	3.09052148839319377072e-004	0.00000000000000000000e+000	3.46400000376161187887e+000	1	1
9.83549187500000000000e+005	0.00000000000000000000e+000	9.83534000000000000000e+005	3.54532152409999998504e-004	0.00000000000000000000e+000	1.19173667910000006032e+002	0.00000000000000000000e+000	-1.72819674934825341000e-004	0.00000000000000000000e+000	3.09558406521109939855e-004	0.00000000000000000000e+000	3.64100000378675758839e+000	1	1
9.83551562500000000000e+005	0.00000000000000000000e+000	9.83536000000000000000e+005	3.54961346599999994639e-004	0.00000000000000000000e+000	1.19131935119999994299e+002	0.00000000000000000000e+000	-1.72803095936552774878e-004	0.00000000000000000000e+000	3.10059103421957095101e-004	0.00000000000000000000e+000	3.81800000381190329790e+000	1	1
9.83554062500000000000e+005	0.00000000000000000000e+000	9.83538000000000000000e+005	3.55440541169999978544e-004	0.00000000000000000000e+000	1.19081596369999999752e+002	0.00000000000000000000e+000	-1.72763533264601217834e-004	0.00000000000000000000e+000	3.10629586293954720443e-004	0.00000000000000000000e+000	3.99200000381097197533e+000	1	1
9.83554500000000000000e+005	0.00000000000000000000e+000	9.83540000000000000000e+005	3.55877622500000000832e-004	0.00000000000000000000e+000	1.19035575870000002396e+002	0.00000000000000000000e+000	-1.72726115553341254705e-004	0.00000000000000000000e+000	3.11150399649600794411e-004	0.00000000000000000000e+000	4.16800000378862023354e+000	1	1
9.83557250000000000000e+005	0.00000000000000000000e+000	9.83542000000000000000e+005	3.56344447940000008754e-004	0.00000000000000000000e+000	1.18981346130000005701e+002	0.00000000000000000000e+000	-1.72657726774993130299e-004	0.00000000000000000000e+000	3.11722111763915784438e-004	0.00000000000000000000e+000	4.34300000383518636227e+000	1	1
9.83560687500000000000e+005	0.00000000000000000000e+000	9.83544000000000000000e+005	3.56854841809999998817e-004	0.00000000000000000000e+000	1.18924064639999997439e+002	0.00000000000000000000e+000	-1.72592848178718100529e-004	0.00000000000000000000e+000	3.12341298711518570476e-004	0.00000000000000000000e+000	4.51800000376533716917e+000	1	1
9.83562312500000000000e+005	0.00000000000000000000e+000	9.83546000000000000000e+005	3.57344921209999991617e-004	0.00000000000000000000e+000	1.18864562989999996034e+002	0.00000000000000000000e+000	-1.72504970145063432282e-004	0.00000000000000000000e+000	3.12949561414985655446e-004	0.00000000000000000000e+000	4.69200000376440584660e+000	1	1
9.83563687500000000000e+005	0.00000000000000000000e+000	9.83548000000000000000e+005	3.57875105690000003527e-004	0.00000000000000000000e+000	1.18800369259999996530e+002	0.00000000000000000000e+000	-1.72409657083968530277e-004	0.00000000000000000000e+000	3.13607240695773894015e-004	0.00000000000000000000e+000	4.86700000381097197533e+000	1	1
9.83566500000000000000e+005	0.00000000000000000000e+000	9.83550000000000000000e+005	3.58397315719999993381e-004	0.00000000000000000000e+000	1.18737586980000003223e+002	0.00000000000000000000e+000	-1.72316994116607279195e-004	0.00000000000000000000e+000	3.14253861478134394712e-004	0.00000000000000000000e+000	5.04200000385753810406e+000	1	1
9.83568125000000000000e+005	0.00000000000000000000e+000	9.83552000000000000000e+005	3.58930497900000018349e-004	0.00000000000000000000e+000	1.18671020510000005288e+002	0.00000000000000000000e+000	-1.72207586508957082808e-004	0.00000000000000000000e+000	3.14921656085290495482e-004	0.00000000000000000000e+000	5.21700000378768891096e+000	1	1
9.83569937500000000000e+005	0.00000000000000000000e+000	9.83554000000000000000e+005	3.59530298740000017754e-004	0.00000000000000000000e+000	1.18596595759999999586e+002	0.00000000000000000000e+000	-1.72085460151108964955e-004	0.00000000000000000000e+000	3.15671712569648476102e-004	0.00000000000000000000e+000	5.39600000379141420126e+000	1	1
9.83571125000000000000e+005	0.00000000000000000000e+000	9.83556000000000000000e+005	3.60107922460000014209e-004	0.00000000000000000000e+000	1.18520584110000001488e+002	0.00000000000000000000e+000	-1.71942322395325782828e-004	0.00000000000000000000e+000	3.16407259062998153301e-004	0.00000000000000000000e+000	5.57200000376906245947e+000	1	1
9.83573875000000000000e+005	0.00000000000000000000e+000	9.83558000000000000000e+005	3.60705365890000002969e-004	0.00000000000000000000e+000	1.18440544130000006362e+002	0.00000000000000000000e+000	-1.71784676471029902232e-004	0.00000000000000000000e+000	3.17172486057007093924e-004	0.00000000000000000000e+000	5.74700000381562858820e+000	1	1
9.83576250000000000000e+005	0.00000000000000000000e+000	9.83560000000000000000e+005	3.61316517230000021875e-004	0.00000000000000000000e+000	1.18353607179999997356e+002	0.00000000000000000000e+000	-1.71593464636987978007e-004	0.00000000000000000000e+000	3.17970609517753482424e-004	0.00000000000000000000e+000	5.92100000381469726562e+000	1	1
9.83578187500000000000e+005	0.00000000000000000000e+000	9.83562000000000000000e+005	3.61927697670000011240e-004	0.00000000000000000000e+000	1.18260665889999998512e+002	0.00000000000000000000e+000	-1.71366832886712966042e-004	0.00000000000000000000e+000	3.18786867557439238668e-004	0.00000000000000000000e+000	6.09700000379234552383e+000	1	1
9.83579187500000000000e+005	0.00000000000000000000e+000	9.83564000000000000000e+005	3.62599763319999997269e-004	0.00000000000000000000e+000	1.18168228150000004462e+002	0.00000000000000000000e+000	-1.71169554187423423371e-004	0.00000000000000000000e+000	3.19655395823375285212e-004	0.00000000000000000000e+000	6.27300000376999378204e+000	1	1
9.83583375000000000000e+005	0.00000000000000000000e+000	9.83566000000000000000e+005	3.63289989760000016708e-004	0.00000000000000000000e+000	1.18061561580000002891e+002	0.00000000000000000000e+000	-1.70898857232917221688e-004	0.00000000000000000000e+000	3.20582590382422177432e-004	0.00000000000000000000e+000	6.44900000386405736208e+000	1	1
9.83584000000000000000e+005	0.00000000000000000000e+000	9.83568000000000000000e+005	3.63943923730000024313e-004	0.00000000000000000000e+000	1.17959121699999997190e+002	0.00000000000000000000e+000	-1.70632001915047102486e-004	0.00000000000000000000e+000	3.21465238466698644080e-004	0.00000000000000000000e+000	6.62600000377278774977e+000	1	1
9.83586437500000000000e+005	0.00000000000000000000e+000	9.83570000000000000000e+005	3.64636682210000022310e-004	0.00000000000000000000e+000	1.17845886230000004957e+002	0.00000000000000000000e+000	-1.70319931083692479743e-004	0.00000000000000000000e+000	3.22414377918793840748e-004	0.00000000000000000000e+000	6.80000000377185642719e+000	1	1
9.83588187500000000000e+005	0.00000000000000000000e+000	9.83572000000000000000e+005	3.65356536350000006812e-004	0.00000000000000000000e+000	1.17725471499999997604e+002	0.00000000000000000000e+000	-1.69976860353543765677e-004	0.00000000000000000000e+000	3.23408821150599954351e-004	0.00000000000000000000e+000	6.97500000381842255592e+000	1	1
9.83588312500000000000e+005	0.00000000000000000000e+000	9.83574000000000000000e+005	3.66074149499999977348e-004	0.00000000000000000000e+000	1.17599922179999992977e+002	0.00000000000000000000e+000	-1.69600250037557176257e-004	0.00000000000000000000e+000	3.24416457842918964753e-004	0.00000000000000000000e+000	7.15200000384356826544e+000	1	1
9.83591500000000000000e+005	0.00000000000000000000e+000	9.83576000000000000000e+005	3.66773019779999991715e-004	0.00000000000000000000e+000	1.17467277530000004049e+002	0.00000000000000000000e+000	-1.69171092535869941210e-004	0.00000000000000000000e+000	3.25428316974353667654e-004	0.00000000000000000000e+000	7.32500000379513949156e+000	1	1
9.83593250000000000000e+005	0.00000000000000000000e+000	9.83578000000000000000e+005	3.67507454939999995708e-004	0.00000000000000000000e+000	1.17325187679999999091e+002	0.00000000000000000000e+000	-1.68700667068539709396e-004	0.00000000000000000000e+000	3.26499332873906287795e-004	0.00000000000000000000e+000	7.50100000377278774977e+000	1	1
9.83594750000000000000e+005	0.00000000000000000000e+000	9.83580000000000000000e+005	3.68295615770000022739e-004	0.00000000000000000000e+000	1.17167121890000004214e+002	0.00000000000000000000e+000	-1.68159154528282558678e-004	0.00000000000000000000e+000	3.27664705672943445437e-004	0.00000000000000000000e+000	7.67500000377185642719e+000	1	1
9.83597187500000000000e+005	0.00000000000000000000e+000	9.83582000000000000000e+005	3.69096407669999989568e-004	0.00000000000000000000e+000	1.17005325319999997191e+002	0.00000000000000000000e+000	-1.67596816754763566120e-004	0.00000000000000000000e+000	3.28851737365897195224e-004	0.00000000000000000000e+000	7.85100000386592000723e+000	1	1
9.83599437500000000000e+005	0.00000000000000000000e+000	9.83584000000000000000e+005	3.69880523070000022390e-004	0.00000000000000000000e+000	1.16831550599999999918e+002	0.00000000000000000000e+000	-1.66952584886568725997e-004	0.00000000000000000000e+000	3.30058230841513645850e-004	0.00000000000000000000e+000	8.02600000379607081413e+000	1	1
9.83601437500000000000e+005	0.00000000000000000000e+000	9.83586000000000000000e+005	3.70660796760000023266e-004	0.00000000000000000000e+000	1.16641471859999995786e+002	0.00000000000000000000e+000	-1.66206579577790993559e-004	0.00000000000000000000e+000	3.31307710685715061608e-004	0.00000000000000000000e+000	8.20200000377371907234e+000	1	1
9.83604625000000000000e+005	0.00000000000000000000e+000	9.83588000000000000000e+005	3.71525820809999983430e-004	0.00000000000000000000e+000	1.16437850949999997852e+002	0.00000000000000000000e+000	-1.65413244698882599655e-004	0.00000000000000000000e+000	3.32670849349220537714e-004	0.00000000000000000000e+000	8.37700000382028520107e+000	1	1
9.83605437500000000000e+005	0.00000000000000000000e+000	9.83590000000000000000e+005	3.72356123990000027063e-004	0.00000000000000000000e+000	1.16221412659999998596e+002	0.00000000000000000000e+000	-1.64522245217467704553e-004	0.00000000000000000000e+000	3.34038192279654914951e-004	0.00000000000000000000e+000	8.55100000381935387850e+000	1	1
9.83607750000000000000e+005	0.00000000000000000000e+000	9.83592000000000000000e+005	3.73176619179999989519e-004	0.00000000000000000000e+000	1.15989082339999995952e+002	0.00000000000000000000e+000	-1.63525936078677520220e-004	0.00000000000000000000e+000	3.35440094997910200503e-004	0.00000000000000000000e+000	8.72900000377558171749e+000	1	1
9.83608937500000000000e+005	0.00000000000000000000e+000	9.83594000000000000000e+005	3.73918272089999992585e-004	0.00000000000000000000e+000	1.15747062679999999091e+002	0.00000000000000000000e+000	-1.62429742429246023929e-004	0.00000000000000000000e+000	3.36795862470339805832e-004	0.00000000000000000000e+000	8.90600000380072742701e+000	1	1
9.83613062500000000000e+005	0.00000000000000000000e+000	9.83596000000000000000e+005	3.74688679590000025578e-004	0.00000000000000000000e+000	1.15485031129999995869e+002	0.00000000000000000000e+000	-1.61219263484467062409e-004	0.00000000000000000000e+000	3.38230625009657709119e-004	0.00000000000000000000e+000	9.08000000379979610443e+000	1	1
9.83614500000000000000e+005	0.00000000000000000000e+000	9.83598000000000000000e+005	3.75471572620000024808e-004	0.00000000000000000000e+000	1.15205543520000006197e+002	0.00000000000000000000e+000	-1.59900878240606605799e-004	0.00000000000000000000e+000	3.39721372574082664843e-004	0.00000000000000000000e+000	9.25900000380352139473e+000	1	1
9.83615500000000000000e+005	0.00000000000000000000e+000	9.83600000000000000000e+005	3.76223673810000003043e-004	0.00000000000000000000e+000	1.14910820009999994795e+002	0.00000000000000000000e+000	-1.58468069570304555998e-004	0.00000000000000000000e+000	3.41221516997029935495e-004	0.00000000000000000000e+000	9.43300000380259007215e+000	1	1
9.83617750000000000000e+005	0.00000000000000000000e+000	9.83602000000000000000e+005	3.76939889970000002392e-004	0.00000000000000000000e+000	1.14589469910000005370e+002	0.00000000000000000000e+000	-1.56849833629338033429e-004	0.00000000000000000000e+000	3.42756196648645117611e-004	0.00000000000000000000e+000	9.61000000382773578167e+000	1	1
9.83620375000000000000e+005	0.00000000000000000000e+000	9.83604000000000000000e+005	3.77598393240000009940e-004	0.00000000000000000000e+000	1.14257804870000001074e+002	0.00000000000000000000e+000	-1.55133663709993547229e-004	0.00000000000000000000e+000	3.44258758728582412931e-004	0.00000000000000000000e+000	9.78800000378396362066e+000	1	1
9.83622312500000000000e+005	0.00000000000000000000e+000	9.83606000000000000000e+005	3.78195807569999974031e-004	0.00000000000000000000e+000	1.13895492550000000165e+002	0.00000000000000000000e+000	-1.53195635956483722229e-004	0.00000000000000000000e+000	3.45779071066212699299e-004	0.00000000000000000000e+000	9.96300000383052974939e+000	1	1
9.83623812500000000000e+005	0.00000000000000000000e+000	9.83608000000000000000e+005	3.78715194529999972951e-004	0.00000000000000000000e+000	1.13503089900000006196e+002	0.00000000000000000000e+000	-1.51031049015266195324e-004	0.00000000000000000000e+000	3.47296445131884345091e-004	0.00000000000000000000e+000	1.01380000037606805563e+001	1	1
9.83625812500000000000e+005	0.00000000000000000000e+000	9.83610000000000000000e+005	3.79157369030000000916e-004	0.00000000000000000000e+000	1.13092422490000004132e+002	0.00000000000000000000e+000	-1.48711371862370777186e-004	0.00000000000000000000e+000	3.48776774411031092755e-004	0.00000000000000000000e+000	1.03160000038333237171e+001	1	1
9.83627750000000000000e+005	0.00000000000000000000e+000	9.83612000000000000000e+005	3.79485951269999989555e-004	0.00000000000000000000e+000	1.12649192810000002396e+002	0.00000000000000000000e+000	-1.46135408803101839647e-004	0.00000000000000000000e+000	3.50219973024450863600e-004	0.00000000000000000000e+000	1.04920000038109719753e+001	1	1
9.83631250000000000000e+005	0.00000000000000000000e+000	9.83614000000000000000e+005	3.79605044149999989404e-004	0.00000000000000000000e+000	1.12185966489999998430e+002	0.00000000000000000000e+000	-1.43344167826864142675e-004	0.00000000000000000000e+000	3.51500268981614358635e-004	0.00000000000000000000e+000	1.06660000038100406528e+001	1	1
9.83631375000000000000e+005	0.00000000000000000000e+000	9.83616000000000000000e+005	3.79535515090000021704e-004	0.00000000000000000000e+000	1.11692634580000003552e+002	0.00000000000000000000e+000	-1.40286681076872787963e-004	0.00000000000000000000e+000	3.52656850673664667463e-004	0.00000000000000000000e+000	1.08420000037876889110e+001	1	1
9.83634812500000000000e+005	0.00000000000000000000e+000	9.83618000000000000000e+005	3.79326695109999975468e-004	0.00000000000000000000e+000	1.11161735530000001404e+002	0.00000000000000000000e+000	-1.36937625250316291235e-004	0.00000000000000000000e+000	3.53746842267007113609e-004	0.00000000000000000000e+000	1.10160000037867575884e+001	1	1
9.83635687500000000000e+005	0.00000000000000000000e+000	9.83620000000000000000e+005	3.78871656720000020771e-004	0.00000000000000000000e+000	1.10613304139999996778e+002	0.00000000000000000000e+000	-1.33385162233351777395e-004	0.00000000000000000000e+000	3.54615468869788554203e-004	0.00000000000000000000e+000	1.11940000038594007492e+001	1	1
9.83638750000000000000e+005	0.00000000000000000000e+000	9.83622000000000000000e+005	3.78069817090000018581e-004	0.00000000000000000000e+000	1.10044692990000001487e+002	0.00000000000000000000e+000	-1.29584566319678921127e-004	0.00000000000000000000e+000	3.55168448438493477085e-004	0.00000000000000000000e+000	1.13690000037895515561e+001	1	1
9.83639312500000000000e+005	0.00000000000000000000e+000	9.83624000000000000000e+005	3.76983924069999995141e-004	0.00000000000000000000e+000	1.09459686279999999670e+002	0.00000000000000000000e+000	-1.25589742642890522155e-004	0.00000000000000000000e+000	3.55449146222224085165e-004	0.00000000000000000000e+000	1.15430000037886202335e+001	1	1
9.83641750000000000000e+005	0.00000000000000000000e+000	9.83626000000000000000e+005	3.75534757039999982781e-004	0.00000000000000000000e+000	1.08853759769999996365e+002	0.00000000000000000000e+000	-1.21355464754763190554e-004	0.00000000000000000000e+000	3.55385994264331185610e-004	0.00000000000000000000e+000	1.17180000038351863623e+001	1	1
9.83642937500000000000e+005	0.00000000000000000000e+000	9.83628000000000000000e+005	3.73709597619999991588e-004	0.00000000000000000000e+000	1.08237861629999997604e+002	0.00000000000000000000e+000	-1.16957116402614840411e-004	0.00000000000000000000e+000	3.54936467943331413703e-004	0.00000000000000000000e+000	1.18950000038603320718e+001	1	1
9.83645187500000000000e+005	0.00000000000000000000e+000	9.83630000000000000000e+005	3.71470057870000017110e-004	0.00000000000000000000e+000	1.07614707949999996117e+002	0.00000000000000000000e+000	-1.12412239328623685185e-004	0.00000000000000000000e+000	3.54052951326585315511e-004	0.00000000000000000000e+000	1.20730000038165599108e+001	1	1
9.83647250000000000000e+005	0.00000000000000000000e+000	9.83632000000000000000e+005	3.68738372339999997355e-004	0.00000000000000000000e+000	1.06992568969999993556e+002	0.00000000000000000000e+000	-1.07762920183889279995e-004	0.00000000000000000000e+000	3.52640241988053874510e-004	0.00000000000000000000e+000	1.22490000037942081690e+001	1	1
9.83650062500000000000e+005	0.00000000000000000000e+000	9.83634000000000000000e+005	3.65512794819999983949e-004	0.00000000000000000000e+000	1.06380195619999994960e+002	0.00000000000000000000e+000	-1.03078197895581640409e-004	0.00000000000000000000e+000	3.50677185308264261106e-004	0.00000000000000000000e+000	1.24240000038407742977e+001	1	1
9.83651187500000000000e+005	0.00000000000000000000e+000	9.83636000000000000000e+005	3.61798622179999992618e-004	0.00000000000000000000e+000	1.05792869569999993473e+002	0.00000000000000000000e+000	-9.84672820068595056357e-005	0.00000000000000000000e+000	3.48141404296484094447e-004	0.00000000000000000000e+000	1.26000000038184225559e+001	1	1
9.83652750000000000000e+005	0.00000000000000000000e+000	9.83638000000000000000e+005	3.57702432669999978096e-004	0.00000000000000000000e+000	1.05253677370000005453e+002	0.00000000000000000000e+000	-9.41090439886488268383e-005	0.00000000000000000000e+000	3.45100736275045420851e-004	0.00000000000000000000e+000	1.27770000038435682654e+001	1	1
9.83655875000000000000e+005	0.00000000000000000000e+000	9.83640000000000000000e+005	3.53180395899999988001e-004	0.00000000000000000000e+000	1.04761741639999996778e+002	0.00000000000000000000e+000	-8.99903965521873383396e-005	0.00000000000000000000e+000	3.41523235778271462126e-004	0.00000000000000000000e+000	1.29510000038426369429e+001	1	1
9.83656937500000000000e+005	0.00000000000000000000e+000	9.83642000000000000000e+005	3.48309171389999999626e-004	0.00000000000000000000e+000	1.04341468809999994960e+002	0.00000000000000000000e+000	-8.62762722241440364358e-005	0.00000000000000000000e+000	3.37454713592051929079e-004	0.00000000000000000000e+000	1.31300000038463622332e+001	1	1
9.83660000000000000000e+005	0.00000000000000000000e+000	9.83644000000000000000e+005	3.43181309289999989659e-004	0.00000000000000000000e+000	1.04002891539999993142e+002	0.00000000000000000000e+000	-8.30398672991421475317e-005	0.00000000000000000000e+000	3.32983169972507009673e-004	0.00000000000000000000e+000	1.33070000038715079427e+001	1	1
9.83661562500000000000e+005	0.00000000000000000000e+000	9.83646000000000000000e+005	3.37882782330000005187e-004	0.00000000000000000000e+000	1.03756103519999996365e+002	0.00000000000000000000e+000	-8.03449220044713893372e-005	0.00000000000000000000e+000	3.28191206620709991729e-004	0.00000000000000000000e+000	1.34810000038705766201e+001	1	1
9.83663000000000000000e+005	0.00000000000000000000e+000	9.83648000000000000000e+005	3.32588941090000017337e-004	0.00000000000000000000e+000	1.03606697080000003552e+002	0.00000000000000000000e+000	-7.82434409033018268224e-005	0.00000000000000000000e+000	3.23254339013382828612e-004	0.00000000000000000000e+000	1.36580000037793070078e+001	1	1
9.83664812500000000000e+005	0.00000000000000000000e+000	9.83650000000000000000e+005	3.27347544950000023806e-004	0.00000000000000000000e+000	1.03557678219999999669e+002	0.00000000000000000000e+000	-7.67381456811013065505e-005	0.00000000000000000000e+000	3.18225819477644430566e-004	0.00000000000000000000e+000	1.38330000038258731365e+001	1	1
9.83666375000000000000e+005	0.00000000000000000000e+000	9.83652000000000000000e+005	3.22141015200000022361e-004	0.00000000000000000000e+000	1.03609024050000002148e+002	0.00000000000000000000e+000	-7.57982228299947124496e-005	0.00000000000000000000e+000	3.13096571507739636960e-004	0.00000000000000000000e+000	1.40120000038295984268e+001	1	1
9.83669375000000000000e+005	0.00000000000000000000e+000	9.83654000000000000000e+005	3.17174999509999976273e-004	0.00000000000000000000e+000	1.03747695919999998182e+002	0.00000000000000000000e+000	-7.53756239249279199471e-005	0.00000000000000000000e+000	3.08088454233676749695e-004	0.00000000000000000000e+000	1.41910000038333237171e+001	1	1
9.83671562500000000000e+005	0.00000000000000000000e+000	9.83656000000000000000e+005	3.12383432169999989293e-004	0.00000000000000000000e+000	1.03982406620000006114e+002	0.00000000000000000000e+000	-7.54793071801322288349e-005	0.00000000000000000000e+000	3.03127502681489193696e-004	0.00000000000000000000e+000	1.43670000038109719753e+001	1	1
9.83672750000000000000e+005	0.00000000000000000000e+000	9.83658000000000000000e+005	3.07881797199999998789e-004	0.00000000000000000000e+000	1.04313133239999999091e+002	0.00000000000000000000e+000	-7.61148741903003588126e-005	0.00000000000000000000e+000	2.98324868179132302731e-004	0.00000000000000000000e+000	1.45430000037886202335e+001	1	1
9.83676000000000000000e+005	0.00000000000000000000e+000	9.83660000000000000000e+005	3.03809327310000003644e-004	0.00000000000000000000e+000	1.04701736449999998513e+002	0.00000000000000000000e+000	-7.71029273460653298512e-005	0.00000000000000000000e+000	2.93862631096949912957e-004	0.00000000000000000000e+000	1.47220000037923455238e+001	1	1
9.83677812500000000000e+005	0.00000000000000000000e+000	9.83662000000000000000e+005	3.00132844129999995335e-004	0.00000000000000000000e+000	1.05154495240000002809e+002	0.00000000000000000000e+000	-7.84615210940811674432e-005	0.00000000000000000000e+000	2.89695553699337814395e-004	0.00000000000000000000e+000	1.48970000038389116526e+001	1	1
9.83679687500000000000e+005	0.00000000000000000000e+000	9.83664000000000000000e+005	2.96787387920000012530e-004	0.00000000000000000000e+000	1.05663543700000005288e+002	0.00000000000000000000e+000	-8.01289789983457452754e-005	0.00000000000000000000e+000	2.85765813828490057406e-004	0.00000000000000000000e+000	1.50730000038165599108e+001	1	1
9.83681750000000000000e+005	0.00000000000000000000e+000	9.83666000000000000000e+005	2.93905090069999973615e-004	0.00000000000000000000e+000	1.06199546810000001074e+002	0.00000000000000000000e+000	-8.19946648391123533673e-005	0.00000000000000000000e+000	2.82235853333655023392e-004	0.00000000000000000000e+000	1.52530000038677826524e+001	1	1
9.83683687500000000000e+005	0.00000000000000000000e+000	9.83668000000000000000e+005	2.91345349979999987400e-004	0.00000000000000000000e+000	1.06779403689999995208e+002	0.00000000000000000000e+000	-8.41077947874677183575e-005	0.00000000000000000000e+000	2.78940839266963362762e-004	0.00000000000000000000e+000	1.54280000037979334593e+001	1	1
9.83685187500000000000e+005	0.00000000000000000000e+000	9.83670000000000000000e+005	2.89177085510000013522e-004	0.00000000000000000000e+000	1.07369720459999996365e+002	0.00000000000000000000e+000	-8.63298933889187445354e-005	0.00000000000000000000e+000	2.75990101799893864515e-004	0.00000000000000000000e+000	1.56060000038705766201e+001	1	1
9.83686812500000000000e+005	0.00000000000000000000e+000	9.83672000000000000000e+005	2.87349364950000019103e-004	0.00000000000000000000e+000	1.07960960389999996778e+002	0.00000000000000000000e+000	-8.86095992497928859654e-005	0.00000000000000000000e+000	2.73345928189829446165e-004	0.00000000000000000000e+000	1.57820000038482248783e+001	1	1
9.83689812500000000000e+005	0.00000000000000000000e+000	9.83674000000000000000e+005	2.85885296759999974099e-004	0.00000000000000000000e+000	1.08548194890000004875e+002	0.00000000000000000000e+000	-9.09407432428073264283e-005	0.00000000000000000000e+000	2.71035392747882701060e-004	0.00000000000000000000e+000	1.59590000037569552660e+001	1	1
9.83691062500000000000e+005	0.00000000000000000000e+000	9.83676000000000000000e+005	2.84720154009999982213e-004	0.00000000000000000000e+000	1.09130020139999999174e+002	0.00000000000000000000e+000	-9.33064757860767735997e-005	0.00000000000000000000e+000	2.68997151798788314888e-004	0.00000000000000000000e+000	1.61350000038510188460e+001	1	1
9.83693250000000000000e+005	0.00000000000000000000e+000	9.83678000000000000000e+005	2.83838511679999981174e-004	0.00000000000000000000e+000	1.09688507079999993721e+002	0.00000000000000000000e+000	-9.56270031990792506154e-005	0.00000000000000000000e+000	2.67244788484042792003e-004	0.00000000000000000000e+000	1.63100000037811696529e+001	1	1
9.83695375000000000000e+005	0.00000000000000000000e+000	9.83680000000000000000e+005	2.83131026659999996548e-004	0.00000000000000000000e+000	1.10226989750000001322e+002	0.00000000000000000000e+000	-9.78897824280217977461e-005	0.00000000000000000000e+000	2.65670413771914378127e-004	0.00000000000000000000e+000	1.64860000037588179111e+001	1	1
9.83697250000000000000e+005	0.00000000000000000000e+000	9.83682000000000000000e+005	2.82658234939999993603e-004	0.00000000000000000000e+000	1.10746650700000003553e+002	0.00000000000000000000e+000	-1.00127819182069127961e-004	0.00000000000000000000e+000	2.64329524656704037237e-004	0.00000000000000000000e+000	1.66630000037839636207e+001	1	1
9.83699500000000000000e+005	0.00000000000000000000e+000	9.83684000000000000000e+005	2.82350491029999977645e-004	0.00000000000000000000e+000	1.11249725339999997686e+002	0.00000000000000000000e+000	-1.02333287878602477764e-004	0.00000000000000000000e+000	2.63153373485572404222e-004	0.00000000000000000000e+000	1.68370000037830322981e+001	1	1
9.83702812500000000000e+005	0.00000000000000000000e+000	9.83686000000000000000e+005	2.82212451569999981261e-004	0.00000000000000000000e+000	1.11730026249999994548e+002	0.00000000000000000000e+000	-1.04484530198268492709e-004	0.00000000000000000000e+000	2.62158064477133179431e-004	0.00000000000000000000e+000	1.70130000037606805563e+001	1	1
9.83703312500000000000e+005	0.00000000000000000000e+000	9.83688000000000000000e+005	2.82187102129999973447e-004	0.00000000000000000000e+000	1.12180229190000005701e+002	0.00000000000000000000e+000	-1.06531626738044167047e-004	0.00000000000000000000e+000	2.61305516805660040681e-004	0.00000000000000000000e+000	1.71920000037644058466e+001	1	1
9.83705062500000000000e+005	0.00000000000000000000e+000	9.83690000000000000000e+005	2.82269640590000021538e-004	0.00000000000000000000e+000	1.12611984250000006114e+002	0.00000000000000000000e+000	-1.08529398588582499594e-004	0.00000000000000000000e+000	2.60571524999966917108e-004	0.00000000000000000000e+000	1.73660000037634745240e+001	1	1
9.83708500000000000000e+005	0.00000000000000000000e+000	9.83692000000000000000e+005	2.82442779280000003366e-004	0.00000000000000000000e+000	1.13014541629999996530e+002	0.00000000000000000000e+000	-1.10425158852628155074e-004	0.00000000000000000000e+000	2.59961935405517868304e-004	0.00000000000000000000e+000	1.75410000038100406528e+001	1	1
9.83709000000000000000e+005	0.00000000000000000000e+000	9.83694000000000000000e+005	2.82720546239999986123e-004	0.00000000000000000000e+000	1.13390182499999994548e+002	0.00000000000000000000e+000	-1.12237398910194999821e-004	0.00000000000000000000e+000	2.59487328307410260609e-004	0.00000000000000000000e+000	1.77130000038305297494e+001	1	1
9.83711187500000000000e+005	0.00000000000000000000e+000	9.83696000000000000000e+005	2.83066648989999981867e-004	0.00000000000000000000e+000	1.13750885010000004627e+002	0.00000000000000000000e+000	-1.14008149158065913691e-004	0.00000000000000000000e+000	2.59092396059745538796e-004	0.00000000000000000000e+000	1.78850000038510188460e+001	1	1
9.83713687500000000000e+005	0.00000000000000000000e+000	9.83698000000000000000e+005	2.83442350340000026425e-004	0.00000000000000000000e+000	1.14088905330000002891e+002	0.00000000000000000000e+000	-1.15688033217074891061e-004	0.00000000000000000000e+000	2.58758275107537924573e-004	0.00000000000000000000e+000	1.80660000038333237171e+001	1	1
9.83716500000000000000e+005	0.00000000000000000000e+000	9.83700000000000000000e+005	2.83834000579999976357e-004	0.00000000000000000000e+000	1.14408134459999999422e+002	0.00000000000000000000e+000	-1.17289770622264305738e-004	0.00000000000000000000e+000	2.58466341314732988860e-004	0.00000000000000000000e+000	1.82430000038584694266e+001	1	1
9.83718062500000000000e+005	0.00000000000000000000e+000	9.83702000000000000000e+005	2.84293928419999974468e-004	0.00000000000000000000e+000	1.14703948969999999008e+002	0.00000000000000000000e+000	-1.18814864408234774069e-004	0.00000000000000000000e+000	2.58275174440225369771e-004	0.00000000000000000000e+000	1.84180000037886202335e+001	1	1
9.83719125000000000000e+005	0.00000000000000000000e+000	9.83704000000000000000e+005	2.84799345540000009742e-004	0.00000000000000000000e+000	1.14990356449999993060e+002	0.00000000000000000000e+000	-1.20317949895324893751e-004	0.00000000000000000000e+000	2.58136123301250513130e-004	0.00000000000000000000e+000	1.85970000037923455238e+001	1	1
9.83722187500000000000e+005	0.00000000000000000000e+000	9.83706000000000000000e+005	2.85331363560000026564e-004	0.00000000000000000000e+000	1.15250328060000001074e+002	0.00000000000000000000e+000	-1.21714908986271202313e-004	0.00000000000000000000e+000	2.58068727205511326637e-004	0.00000000000000000000e+000	1.87730000037699937820e+001	1	1
9.83722875000000000000e+005	0.00000000000000000000e+000	9.83708000000000000000e+005	2.85858375719999979400e-004	0.00000000000000000000e+000	1.15503067020000003140e+002	0.00000000000000000000e+000	-1.23079005069599232416e-004	0.00000000000000000000e+000	2.58004979565035197624e-004	0.00000000000000000000e+000	1.89480000038165599108e+001	1	1
9.83726000000000000000e+005	0.00000000000000000000e+000	9.83710000000000000000e+005	2.86374794090000020248e-004	0.00000000000000000000e+000	1.15738777159999997934e+002	0.00000000000000000000e+000	-1.24363636262654272957e-004	0.00000000000000000000e+000	2.57961641849365126179e-004	0.00000000000000000000e+000	1.91230000038631260395e+001	1	1
9.83728625000000000000e+005	0.00000000000000000000e+000	9.83712000000000000000e+005	2.86937342029999992252e-004	0.00000000000000000000e+000	1.15953376770000005536e+002	0.00000000000000000000e+000	-1.25575142451890293255e-004	0.00000000000000000000e+000	2.57999848545359920793e-004	0.00000000000000000000e+000	1.92940000038361176848e+001	1	1
9.83730125000000000000e+005	0.00000000000000000000e+000	9.83714000000000000000e+005	2.87510221820000020851e-004	0.00000000000000000000e+000	1.16156463619999996695e+002	0.00000000000000000000e+000	-1.26741380072215275698e-004	0.00000000000000000000e+000	2.58067336616581350685e-004	0.00000000000000000000e+000	1.94680000038351863623e+001	1	1
9.83731062500000000000e+005	0.00000000000000000000e+000	9.83716000000000000000e+005	2.88028211800000024691e-004	0.00000000000000000000e+000	1.16347267149999993308e+002	0.00000000000000000000e+000	-1.27829968024618185942e-004	0.00000000000000000000e+000	2.58108020153444237422e-004	0.00000000000000000000e+000	1.96470000038389116526e+001	1	1
9.83733625000000000000e+005	0.00000000000000000000e+000	9.83718000000000000000e+005	2.88586510580000009905e-004	0.00000000000000000000e+000	1.16532112119999993638e+002	0.00000000000000000000e+000	-1.28911389052526007557e-004	0.00000000000000000000e+000	2.58193779671952474124e-004	0.00000000000000000000e+000	1.98230000038165599108e+001	1	1
9.83735687500000000000e+005	0.00000000000000000000e+000	9.83720000000000000000e+005	2.89122690450000017614e-004	0.00000000000000000000e+000	1.16699859619999998017e+002	0.00000000000000000000e+000	-1.29907675931334817441e-004	0.00000000000000000000e+000	2.58294262164620745583e-004	0.00000000000000000000e+000	1.99990000037942081690e+001	1	1
9.83737250000000000000e+005	0.00000000000000000000e+000	9.83722000000000000000e+005	2.89672112559999990651e-004	0.00000000000000000000e+000	1.16860588070000005700e+002	0.00000000000000000000e+000	-1.30879981907713698313e-004	0.00000000000000000000e+000	2.58418968210171926501e-004	0.00000000000000000000e+000	2.01760000038193538785e+001	1	1
9.83740375000000000000e+005	0.00000000000000000000e+000	9.83724000000000000000e+005	2.90232885160000007082e-004	0.00000000000000000000e+000	1.17013214110000006940e+002	0.00000000000000000000e+000	-1.31822600769769922779e-004	0.00000000000000000000e+000	2.58569003468303603745e-004	0.00000000000000000000e+000	2.03510000038659200072e+001	1	1
9.83741937500000000000e+005	0.00000000000000000000e+000	9.83726000000000000000e+005	2.90752097500000014196e-004	0.00000000000000000000e+000	1.17156455989999997769e+002	0.00000000000000000000e+000	-1.32705601447511149955e-004	0.00000000000000000000e+000	2.58700609866122717591e-004	0.00000000000000000000e+000	2.05280000037746503949e+001	1	1
9.83743750000000000000e+005	0.00000000000000000000e+000	9.83728000000000000000e+005	2.91262345849999982911e-004	0.00000000000000000000e+000	1.17288902280000002065e+002	0.00000000000000000000e+000	-1.33537202174930963623e-004	0.00000000000000000000e+000	2.58846614320791578237e-004	0.00000000000000000000e+000	2.07040000038687139750e+001	1	1
9.83745687500000000000e+005	0.00000000000000000000e+000	9.83730000000000000000e+005	2.91771750200000017268e-004	0.00000000000000000000e+000	1.17420166019999996365e+002	0.00000000000000000000e+000	-1.34364451692473723960e-004	0.00000000000000000000e+000	2.58992178137008822666e-004	0.00000000000000000000e+000	2.08770000038202852011e+001	1	1
9.83748750000000000000e+005	0.00000000000000000000e+000	9.83732000000000000000e+005	2.92317447020000009249e-004	0.00000000000000000000e+000	1.17540344239999996034e+002	0.00000000000000000000e+000	-1.35159708767668021532e-004	0.00000000000000000000e+000	2.59193639887497382854e-004	0.00000000000000000000e+000	2.10520000038668513298e+001	1	1
9.83749625000000000000e+005	0.00000000000000000000e+000	9.83734000000000000000e+005	2.92794924460000008815e-004	0.00000000000000000000e+000	1.17653800959999998099e+002	0.00000000000000000000e+000	-1.35894307571327981879e-004	0.00000000000000000000e+000	2.59348423861118578156e-004	0.00000000000000000000e+000	2.12280000038444995880e+001	1	1
9.83751437500000000000e+005	0.00000000000000000000e+000	9.83736000000000000000e+005	2.93285760560000024599e-004	0.00000000000000000000e+000	1.17764587399999996364e+002	0.00000000000000000000e+000	-1.36624177235717054243e-004	0.00000000000000000000e+000	2.59519501274800199180e-004	0.00000000000000000000e+000	2.14010000037960708141e+001	1	1
9.83755000000000000000e+005	0.00000000000000000000e+000	9.83738000000000000000e+005	2.93772667649999988642e-004	0.00000000000000000000e+000	1.17862533569999996530e+002	0.00000000000000000000e+000	-1.37295178491746128983e-004	0.00000000000000000000e+000	2.59716026115287942824e-004	0.00000000000000000000e+000	2.15760000038426369429e+001	1	1
9.83757125000000000000e+005	0.00000000000000000000e+000	9.83740000000000000000e+005	2.94280558590000000923e-004	0.00000000000000000000e+000	1.17957244869999996695e+002	0.00000000000000000000e+000	-1.37962413177259785512e-004	0.00000000000000000000e+000	2.59937338053519112306e-004	0.00000000000000000000e+000	2.17490000037942081690e+001	1	1
9.83757812500000000000e+005	0.00000000000000000000e+000	9.83742000000000000000e+005	2.94735538769999984385e-004	0.00000000000000000000e+000	1.18051414489999999091e+002	0.00000000000000000000e+000	-1.38603412471817580070e-004	0.00000000000000000000e+000	2.60111768025226739679e-004	0.00000000000000000000e+000	2.19240000038407742977e+001	1	1
9.83759625000000000000e+005	0.00000000000000000000e+000	9.83744000000000000000e+005	2.95200356049999995591e-004	0.00000000000000000000e+000	1.18138870240000002809e+002	0.00000000000000000000e+000	-1.39219495618534300782e-004	0.00000000000000000000e+000	2.60309781321731506520e-004	0.00000000000000000000e+000	2.21000000038184225559e+001	1	1
9.83761375000000000000e+005	0.00000000000000000000e+000	9.83746000000000000000e+005	2.95653269860000011103e-004	0.00000000000000000000e+000	1.18223594669999997109e+002	0.00000000000000000000e+000	-1.39818457718541801953e-004	0.00000000000000000000e+000	2.60502696454601638618e-004	0.00000000000000000000e+000	2.22810000038007274270e+001	1	1
9.83764187500000000000e+005	0.00000000000000000000e+000	9.83748000000000000000e+005	2.96061451079999982117e-004	0.00000000000000000000e+000	1.18300285340000002066e+002	0.00000000000000000000e+000	-1.40360532123012771936e-004	0.00000000000000000000e+000	2.60674708857111644879e-004	0.00000000000000000000e+000	2.24600000038044527173e+001	1	1
9.83765437500000000000e+005	0.00000000000000000000e+000	9.83750000000000000000e+005	2.96529673510000015436e-004	0.00000000000000000000e+000	1.18374908450000006610e+002	0.00000000000000000000e+000	-1.40922438176247107316e-004	0.00000000000000000000e+000	2.60903648288806039139e-004	0.00000000000000000000e+000	2.26370000038295984268e+001	1	1
9.83766812500000000000e+005	0.00000000000000000000e+000	9.83752000000000000000e+005	2.96962622090000017295e-004	0.00000000000000000000e+000	1.18445800779999999008e+002	0.00000000000000000000e+000	-1.41451372677345321455e-004	0.00000000000000000000e+000	2.61109762525767933987e-004	0.00000000000000000000e+000	2.28120000037597492337e+001	1	1
9.83769062500000000000e+005	0.00000000000000000000e+000	9.83754000000000000000e+005	2.97364371359999982679e-004	0.00000000000000000000e+000	1.18509254459999993969e+002	0.00000000000000000000e+000	-1.41932213764921802109e-004	0.00000000000000000000e+000	2.61305981657742648645e-004	0.00000000000000000000e+000	2.29900000038323923945e+001	1	1
9.83771687500000000000e+005	0.00000000000000000000e+000	9.83756000000000000000e+005	2.97759892420000019542e-004	0.00000000000000000000e+000	1.18575973509999997191e+002	0.00000000000000000000e+000	-1.42425586741171740805e-004	0.00000000000000000000e+000	2.61487869270073320423e-004	0.00000000000000000000e+000	2.31650000037625432014e+001	1	1
9.83774562500000000000e+005	0.00000000000000000000e+000	9.83758000000000000000e+005	2.98149534500000026969e-004	0.00000000000000000000e+000	1.18633918760000000248e+002	0.00000000000000000000e+000	-1.42876686760706251601e-004	0.00000000000000000000e+000	2.61685684176360205087e-004	0.00000000000000000000e+000	2.33400000038091093302e+001	1	1
9.83775187500000000000e+005	0.00000000000000000000e+000	9.83760000000000000000e+005	2.98524362729999997654e-004	0.00000000000000000000e+000	1.18692665099999999256e+002	0.00000000000000000000e+000	-1.43324881623962431532e-004	0.00000000000000000000e+000	2.61867854939910036684e-004	0.00000000000000000000e+000	2.35200000038603320718e+001	1	1
9.83777500000000000000e+005	0.00000000000000000000e+000	9.83762000000000000000e+005	2.98916740579999976220e-004	0.00000000000000000000e+000	1.18748550420000000827e+002	0.00000000000000000000e+000	-1.43768955436318775741e-004	0.00000000000000000000e+000	2.62071946708763146329e-004	0.00000000000000000000e+000	2.36950000037904828787e+001	1	1
9.83779312500000000000e+005	0.00000000000000000000e+000	9.83764000000000000000e+005	2.99282750350000014382e-004	0.00000000000000000000e+000	1.18803031919999995125e+002	0.00000000000000000000e+000	-1.44194433291191929404e-004	0.00000000000000000000e+000	2.62255848485581791532e-004	0.00000000000000000000e+000	2.38680000038584694266e+001	1	1
9.83782062500000000000e+005	0.00000000000000000000e+000	9.83766000000000000000e+005	2.99610488579999984134e-004	0.00000000000000000000e+000	1.18850234990000004132e+002	0.00000000000000000000e+000	-1.44568584376304266371e-004	0.00000000000000000000e+000	2.62424025726642801051e-004	0.00000000000000000000e+000	2.40430000037886202335e+001	1	1
9.83783000000000000000e+005	0.00000000000000000000e+000	9.83768000000000000000e+005	2.99926847219999994244e-004	0.00000000000000000000e+000	1.18895118710000005535e+002	0.00000000000000000000e+000	-1.44926981711363081799e-004	0.00000000000000000000e+000	2.62587668513514617755e-004	0.00000000000000000000e+000	2.42180000038351863623e+001	1	1
9.83786187500000000000e+005	0.00000000000000000000e+000	9.83770000000000000000e+005	3.00288404109999974931e-004	0.00000000000000000000e+000	1.18943641659999997273e+002	0.00000000000000000000e+000	-1.45324286441547760812e-004	0.00000000000000000000e+000	2.62781234895465129388e-004	0.00000000000000000000e+000	2.43930000037653371692e+001	1	1
9.83786562500000000000e+005	0.00000000000000000000e+000	9.83772000000000000000e+005	3.00621381030000025918e-004	0.00000000000000000000e+000	1.18985481260000000248e+002	0.00000000000000000000e+000	-1.45677497323478386849e-004	0.00000000000000000000e+000	2.62966312492593598960e-004	0.00000000000000000000e+000	2.45690000038594007492e+001	1	1
9.83789062500000000000e+005	0.00000000000000000000e+000	9.83774000000000000000e+005	3.00936168060000018825e-004	0.00000000000000000000e+000	1.19026145940000006362e+002	0.00000000000000000000e+000	-1.46016833759058327867e-004	0.00000000000000000000e+000	2.63138103484873665458e-004	0.00000000000000000000e+000	2.47460000037681311369e+001	1	1
9.83792000000000000000e+005	0.00000000000000000000e+000	9.83776000000000000000e+005	3.01228981700000001363e-004	0.00000000000000000000e+000	1.19064697269999996365e+002	0.00000000000000000000e+000	-1.46336100495546024124e-004	0.00000000000000000000e+000	2.63295736972280652096e-004	0.00000000000000000000e+000	2.49240000038407742977e+001	1	1
9.83793437500000000000e+005	0.00000000000000000000e+000	9.83778000000000000000e+005	3.01553780450000013819e-004	0.00000000000000000000e+000	1.19101989750000001322e+002	0.00000000000000000000e+000	-1.46665413476927968157e-004	0.00000000000000000000e+000	2.63484229116902886163e-004	0.00000000000000000000e+000	2.50960000038612633944e+001	1	1
9.83796250000000000000e+005	0.00000000000000000000e+000	9.83780000000000000000e+005	3.01856169239999975757e-004	0.00000000000000000000e+000	1.19140777589999999009e+002	0.00000000000000000000e+000	-1.46991002590657115828e-004	0.00000000000000000000e+000	2.63648994053914276919e-004	0.00000000000000000000e+000	2.52700000038603320718e+001	1	1
9.83798937500000000000e+005	0.00000000000000000000e+000	9.83782000000000000000e+005	3.02164960890000003184e-004	0.00000000000000000000e+000	1.19179534910000000991e+002	0.00000000000000000000e+000	-1.47319863110309220208e-004	0.00000000000000000000e+000	2.63819107577171118803e-004	0.00000000000000000000e+000	2.54460000038379803300e+001	1	1
9.83800437500000000000e+005	0.00000000000000000000e+000	9.83784000000000000000e+005	3.02446569549999987568e-004	0.00000000000000000000e+000	1.19214172360000006279e+002	0.00000000000000000000e+000	-1.47616771031040111811e-004	0.00000000000000000000e+000	2.63975787417960810425e-004	0.00000000000000000000e+000	2.56230000038631260395e+001	1	1
9.83802500000000000000e+005	0.00000000000000000000e+000	9.83786000000000000000e+005	3.02717671730000001656e-004	0.00000000000000000000e+000	1.19248359679999992977e+002	0.00000000000000000000e+000	-1.47906713659716964422e-004	0.00000000000000000000e+000	2.64124199633457572463e-004	0.00000000000000000000e+000	2.58000000037718564272e+001	1	1
9.83803937500000000000e+005	0.00000000000000000000e+000	9.83788000000000000000e+005	3.03031119979999994610e-004	0.00000000000000000000e+000	1.19281372070000003305e+002	0.00000000000000000000e+000	-1.48212178016543776743e-004	0.00000000000000000000e+000	2.64312334112363155579e-004	0.00000000000000000000e+000	2.59730000038398429751e+001	1	1
9.83805125000000000000e+005	0.00000000000000000000e+000	9.83790000000000000000e+005	3.03273176540000020604e-004	0.00000000000000000000e+000	1.19314636230000004957e+002	0.00000000000000000000e+000	-1.48484116749427586370e-004	0.00000000000000000000e+000	2.64437301986320298045e-004	0.00000000000000000000e+000	2.61480000037699937820e+001	1	1
9.83807562500000000000e+005	0.00000000000000000000e+000	9.83792000000000000000e+005	3.03552951660000000077e-004	0.00000000000000000000e+000	1.19340888980000002562e+002	0.00000000000000000000e+000	-1.48742356623733195786e-004	0.00000000000000000000e+000	2.64613124783175622783e-004	0.00000000000000000000e+000	2.63220000037690624595e+001	1	1
9.83808312500000000000e+005	0.00000000000000000000e+000	9.83794000000000000000e+005	3.03791370239999986708e-004	0.00000000000000000000e+000	1.19370704649999993308e+002	0.00000000000000000000e+000	-1.48996970628795905815e-004	0.00000000000000000000e+000	2.64743459552334347087e-004	0.00000000000000000000e+000	2.65020000038202852011e+001	1	1
9.83811562500000000000e+005	0.00000000000000000000e+000	9.83796000000000000000e+005	3.04093788149999979739e-004	0.00000000000000000000e+000	1.19399383540000002313e+002	0.00000000000000000000e+000	-1.49277922170006061269e-004	0.00000000000000000000e+000	2.64932319553546876192e-004	0.00000000000000000000e+000	2.66770000038668513298e+001	1	1
9.83813500000000000000e+005	0.00000000000000000000e+000	9.83798000000000000000e+005	3.04325425530000001021e-004	0.00000000000000000000e+000	1.19423149109999997108e+002	0.00000000000000000000e+000	-1.49501593101453926320e-004	0.00000000000000000000e+000	2.65072137887298298845e-004	0.00000000000000000000e+000	2.68520000037970021367e+001	1	1
9.83816187500000000000e+005	0.00000000000000000000e+000	9.83800000000000000000e+005	3.04575019979999985029e-004	0.00000000000000000000e+000	1.19451141359999994052e+002	0.00000000000000000000e+000	-1.49753798969822160764e-004	0.00000000000000000000e+000	2.65216406901842111869e-004	0.00000000000000000000e+000	2.70250000038649886847e+001	1	1
9.83818312500000000000e+005	0.00000000000000000000e+000	9.83802000000000000000e+005	3.04789340590000022106e-004	0.00000000000000000000e+000	1.19476348880000003305e+002	0.00000000000000000000e+000	-1.49975927050735385274e-004	0.00000000000000000000e+000	2.65337075137568243182e-004	0.00000000000000000000e+000	2.72010000038426369429e+001	1	1
9.83819437500000000000e+005	0.00000000000000000000e+000	9.83804000000000000000e+005	3.05008899889999977786e-004	0.00000000000000000000e+000	1.19500068659999996612e+002	0.00000000000000000000e+000	-1.50193877021918836693e-004	0.00000000000000000000e+000	2.65466058691563716859e-004	0.00000000000000000000e+000	2.73790000037988647819e+001	1	1
9.83822187500000000000e+005	0.00000000000000000000e+000	9.83806000000000000000e+005	3.05249239320000019440e-004	0.00000000000000000000e+000	1.19524681090000001404e+002	0.00000000000000000000e+000	-1.50426337754376793698e-004	0.00000000000000000000e+000	2.65610645523188288082e-004	0.00000000000000000000e+000	2.75560000038240104914e+001	1	1
9.83823187500000000000e+005	0.00000000000000000000e+000	9.83808000000000000000e+005	3.05468216539999998151e-004	0.00000000000000000000e+000	1.19542442320000006362e+002	0.00000000000000000000e+000	-1.50616638369610329057e-004	0.00000000000000000000e+000	2.65754509956776341188e-004	0.00000000000000000000e+000	2.77340000037802383304e+001	1	1
9.83825937500000000000e+005	0.00000000000000000000e+000	9.83810000000000000000e+005	3.05720284810000013376e-004	0.00000000000000000000e+000	1.19563728330000003552e+002	0.00000000000000000000e+000	-1.50839726974407047598e-004	0.00000000000000000000e+000	2.65917786751081880459e-004	0.00000000000000000000e+000	2.79140000038314610720e+001	1	1
9.83827687500000000000e+005	0.00000000000000000000e+000	9.83812000000000000000e+005	3.05939582179999981348e-004	0.00000000000000000000e+000	1.19582824709999997026e+002	0.00000000000000000000e+000	-1.51036610565797961830e-004	0.00000000000000000000e+000	2.66058208317782301372e-004	0.00000000000000000000e+000	2.80890000037616118789e+001	1	1
9.83830125000000000000e+005	0.00000000000000000000e+000	9.83814000000000000000e+005	3.06112313409999978013e-004	0.00000000000000000000e+000	1.19606773380000007023e+002	0.00000000000000000000e+000	-1.51233142148215609366e-004	0.00000000000000000000e+000	2.66145233166404228224e-004	0.00000000000000000000e+000	2.82650000038556754589e+001	1	1
9.83831937500000000000e+005	0.00000000000000000000e+000	9.83816000000000000000e+005	3.06333764460000018259e-004	0.00000000000000000000e+000	1.19626480099999994877e+002	0.00000000000000000000e+000	-1.51434146010113844386e-004	0.00000000000000000000e+000	2.66285701212855740929e-004	0.00000000000000000000e+000	2.84380000038072466850e+001	1	1
9.83833750000000000000e+005	0.00000000000000000000e+000	9.83818000000000000000e+005	3.06538742729999978340e-004	0.00000000000000000000e+000	1.19641616819999995869e+002	0.00000000000000000000e+000	-1.51605866343677646822e-004	0.00000000000000000000e+000	2.66423839182367591487e-004	0.00000000000000000000e+000	2.86130000038538128138e+001	1	1
9.83836437500000000000e+005	0.00000000000000000000e+000	9.83820000000000000000e+005	3.06760048259999997238e-004	0.00000000000000000000e+000	1.19658523560000006114e+002	0.00000000000000000000e+000	-1.51793984178955402003e-004	0.00000000000000000000e+000	2.66571404272019675530e-004	0.00000000000000000000e+000	2.87900000037625432014e+001	1	1
9.83837625000000000000e+005	0.00000000000000000000e+000	9.83822000000000000000e+005	3.06951114909999995227e-004	0.00000000000000000000e+000	1.19680839539999993804e+002	0.00000000000000000000e+000	-1.51992408960016287239e-004	0.00000000000000000000e+000	2.66678260386974904685e-004	0.00000000000000000000e+000	2.89680000038351863623e+001	1	1
9.83840062500000000000e+005	0.00000000000000000000e+000	9.83824000000000000000e+005	3.07131471349999976127e-004	0.00000000000000000000e+000	1.19695098880000003305e+002	0.00000000000000000000e+000	-1.52148118873063635439e-004	0.00000000000000000000e+000	2.66797096342902446964e-004	0.00000000000000000000e+000	2.91380000037606805563e+001	1	1
9.83841437500000000000e+005	0.00000000000000000000e+000	9.83826000000000000000e+005	3.07307665929999990033e-004	0.00000000000000000000e+000	1.19713058470000007105e+002	0.00000000000000000000e+000	-1.52319072012831641149e-004	0.00000000000000000000e+000	2.66902420072382057844e-004	0.00000000000000000000e+000	2.93150000037858262658e+001	1	1
9.83844312500000000000e+005	0.00000000000000000000e+000	9.83828000000000000000e+005	3.07511218130000014894e-004	0.00000000000000000000e+000	1.19730026249999994548e+002	0.00000000000000000000e+000	-1.52499051123285758172e-004	0.00000000000000000000e+000	2.67034059030480080531e-004	0.00000000000000000000e+000	2.94960000037681311369e+001	1	1
9.83845812500000000000e+005	0.00000000000000000000e+000	9.83830000000000000000e+005	3.07715468810000006977e-004	0.00000000000000000000e+000	1.19742889399999995703e+002	0.00000000000000000000e+000	-1.52660328122292864505e-004	0.00000000000000000000e+000	2.67177158384754103674e-004	0.00000000000000000000e+000	2.96730000037932768464e+001	1	1
9.83847687500000000000e+005	0.00000000000000000000e+000	9.83832000000000000000e+005	3.07858193989999999983e-004	0.00000000000000000000e+000	1.19760406489999994051e+002	0.00000000000000000000e+000	-1.52812850387311187101e-004	0.00000000000000000000e+000	2.67254373889913576789e-004	0.00000000000000000000e+000	2.98490000037709251046e+001	1	1
9.83850062500000000000e+005	0.00000000000000000000e+000	9.83834000000000000000e+005	3.08052665790000020085e-004	0.00000000000000000000e+000	1.19771980290000001901e+002	0.00000000000000000000e+000	-1.52963397772329877649e-004	0.00000000000000000000e+000	2.67392303259217682058e-004	0.00000000000000000000e+000	3.00260000037960708141e+001	1	1
9.83851125000000000000e+005	0.00000000000000000000e+000	9.83836000000000000000e+005	3.08205315379999982527e-004	0.00000000000000000000e+000	1.19787002560000004792e+002	0.00000000000000000000e+000	-1.53109332400903365955e-004	0.00000000000000000000e+000	2.67484670140617493243e-004	0.00000000000000000000e+000	3.02040000038687139750e+001	1	1
9.83852687500000000000e+005	0.00000000000000000000e+000	9.83838000000000000000e+005	3.08418966599999992521e-004	0.00000000000000000000e+000	1.19800102229999993142e+002	0.00000000000000000000e+000	-1.53276663469592566713e-004	0.00000000000000000000e+000	2.67635056362654352377e-004	0.00000000000000000000e+000	3.03790000037988647819e+001	1	1
9.83855187500000000000e+005	0.00000000000000000000e+000	9.83840000000000000000e+005	3.08569695329999978042e-004	0.00000000000000000000e+000	1.19816230770000004213e+002	0.00000000000000000000e+000	-1.53426940924771763441e-004	0.00000000000000000000e+000	2.67722674935306126278e-004	0.00000000000000000000e+000	3.05660000038333237171e+001	1	1
9.83856937500000000000e+005	0.00000000000000000000e+000	9.83842000000000000000e+005	3.08700226010000017187e-004	0.00000000000000000000e+000	1.19829154970000004710e+002	0.00000000000000000000e+000	-1.53552255155822654819e-004	0.00000000000000000000e+000	2.67801296627156451211e-004	0.00000000000000000000e+000	3.07450000038370490074e+001	1	1
9.83859000000000000000e+005	0.00000000000000000000e+000	9.83844000000000000000e+005	3.08874441539999980942e-004	0.00000000000000000000e+000	1.19843383790000004296e+002	0.00000000000000000000e+000	-1.53705451150553567326e-004	0.00000000000000000000e+000	2.67914267860544627522e-004	0.00000000000000000000e+000	3.09200000037671998143e+001	1	1
9.83860875000000000000e+005	0.00000000000000000000e+000	9.83846000000000000000e+005	3.09058610579999993011e-004	0.00000000000000000000e+000	1.19853858950000002892e+002	0.00000000000000000000e+000	-1.53846107683341753146e-004	0.00000000000000000000e+000	2.68045891452052867897e-004	0.00000000000000000000e+000	3.10940000037662684917e+001	1	1
9.83863000000000000000e+005	0.00000000000000000000e+000	9.83848000000000000000e+005	3.09213763099999987445e-004	0.00000000000000000000e+000	1.19864898679999996034e+002	0.00000000000000000000e+000	-1.53975011021148636180e-004	0.00000000000000000000e+000	2.68150792039665772631e-004	0.00000000000000000000e+000	3.12690000038128346205e+001	1	1
9.83865875000000000000e+005	0.00000000000000000000e+000	9.83850000000000000000e+005	3.09351395120000005091e-004	0.00000000000000000000e+000	1.19876838680000005866e+002	0.00000000000000000000e+000	-1.54099447873693091472e-004	0.00000000000000000000e+000	2.68238039486783650441e-004	0.00000000000000000000e+000	3.14410000038333237171e+001	1	1
