Fext	FextSD	Fgen	R	RSD	Theta	ThetaSD	X	XSD	Y	YSD	Time	Interval	Round
9.86216750000000000000e+005	0.00000000000000000000e+000	9.86200000000000000000e+005	3.39268328390000025851e-004	0.00000000000000000000e+000	1.20204048159999999257e+002	0.00000000000000000000e+000	-1.70679442680316364230e-004	0.00000000000000000000e+000	2.93209015030031910909e-004	0.00000000000000000000e+000	6.33000064874067902565e-001	1	1
9.86218625000000000000e+005	0.00000000000000000000e+000	9.86202000000000000000e+005	3.39825695849999996276e-004	0.00000000000000000000e+000	1.20207786560000002396e+002	0.00000000000000000000e+000	-1.70979005835510789553e-004	0.00000000000000000000e+000	2.93679558572667914664e-004	0.00000000000000000000e+000	8.13000064808875322342e-001	1	1
9.86219000000000000000e+005	0.00000000000000000000e+000	9.86204000000000000000e+005	3.39966441970000017234e-004	0.00000000000000000000e+000	1.20204856870000000413e+002	0.00000000000000000000e+000	-1.71034797385424103787e-004	0.00000000000000000000e+000	2.93809938138702754235e-004	0.00000000000000000000e+000	9.94000064907595515251e-001	1	1
9.86221187500000000000e+005	0.00000000000000000000e+000	9.86206000000000000000e+005	3.40088212399999986670e-004	0.00000000000000000000e+000	1.20199150090000003388e+002	0.00000000000000000000e+000	-1.71066783840827279150e-004	0.00000000000000000000e+000	2.93932216131173997074e-004	0.00000000000000000000e+000	1.16500006488058716059e+000	1	1
9.86223562500000000000e+005	0.00000000000000000000e+000	9.86208000000000000000e+005	3.40225262329999997030e-004	0.00000000000000000000e+000	1.20188240050000004544e+002	0.00000000000000000000e+000	-1.71079725840011338464e-004	0.00000000000000000000e+000	2.94083247625606647967e-004	0.00000000000000000000e+000	1.34200006490573287010e+000	1	1
9.86225062500000000000e+005	0.00000000000000000000e+000	9.86210000000000000000e+005	3.40334168869999985525e-004	0.00000000000000000000e+000	1.20181900020000000495e+002	0.00000000000000000000e+000	-1.71101935609763058758e-004	0.00000000000000000000e+000	2.94196319030381743097e-004	0.00000000000000000000e+000	1.52000006486196070910e+000	1	1
9.86228937500000000000e+005	0.00000000000000000000e+000	9.86212000000000000000e+005	3.40461381709999998460e-004	0.00000000000000000000e+000	1.20175300599999999918e+002	0.00000000000000000000e+000	-1.71131991659992279808e-004	0.00000000000000000000e+000	2.94325999304116247418e-004	0.00000000000000000000e+000	1.70300006482284516096e+000	1	1
9.86230375000000000000e+005	0.00000000000000000000e+000	9.86214000000000000000e+005	3.40611179129999999508e-004	0.00000000000000000000e+000	1.20165016170000001239e+002	0.00000000000000000000e+000	-1.71154430243505097141e-004	0.00000000000000000000e+000	2.94486224391481631827e-004	0.00000000000000000000e+000	1.88100006489548832178e+000	1	1
9.86231500000000000000e+005	0.00000000000000000000e+000	9.86216000000000000000e+005	3.40715807400000000437e-004	0.00000000000000000000e+000	1.20161193850000003636e+002	0.00000000000000000000e+000	-1.71187352922987654283e-004	0.00000000000000000000e+000	2.94588105006726925280e-004	0.00000000000000000000e+000	2.05600006482563912868e+000	1	1
9.86233625000000000000e+005	0.00000000000000000000e+000	9.86218000000000000000e+005	3.40837141270000014252e-004	0.00000000000000000000e+000	1.20155151369999998678e+002	0.00000000000000000000e+000	-1.71217235615087753908e-004	0.00000000000000000000e+000	2.94711070537625834369e-004	0.00000000000000000000e+000	2.23200006480328738689e+000	1	1
9.86236312500000000000e+005	0.00000000000000000000e+000	9.86220000000000000000e+005	3.40993457939999986515e-004	0.00000000000000000000e+000	1.20143318179999994300e+002	0.00000000000000000000e+000	-1.71234862546596004187e-004	0.00000000000000000000e+000	2.94881603709907461758e-004	0.00000000000000000000e+000	2.40900006482843309641e+000	1	1
9.86237312500000000000e+005	0.00000000000000000000e+000	9.86222000000000000000e+005	3.41145350829999980183e-004	0.00000000000000000000e+000	1.20132797240000002148e+002	0.00000000000000000000e+000	-1.71256963133621333733e-004	0.00000000000000000000e+000	2.95044408472984389259e-004	0.00000000000000000000e+000	2.58700006490107625723e+000	1	1
9.86239687500000000000e+005	0.00000000000000000000e+000	9.86224000000000000000e+005	3.41257953550000003168e-004	0.00000000000000000000e+000	1.20121002200000006610e+002	0.00000000000000000000e+000	-1.71252728165865000017e-004	0.00000000000000000000e+000	2.95177055268329229746e-004	0.00000000000000000000e+000	2.76300006487872451544e+000	1	1
9.86241750000000000000e+005	0.00000000000000000000e+000	9.86226000000000000000e+005	3.41434817530000020262e-004	0.00000000000000000000e+000	1.20115325929999997356e+002	0.00000000000000000000e+000	-1.71312224358771025183e-004	0.00000000000000000000e+000	2.95347010154148141830e-004	0.00000000000000000000e+000	2.94800006481818854809e+000	1	1
9.86243625000000000000e+005	0.00000000000000000000e+000	9.86228000000000000000e+005	3.41572071190000023204e-004	0.00000000000000000000e+000	1.20106323239999994712e+002	0.00000000000000000000e+000	-1.71334662663210799630e-004	0.00000000000000000000e+000	2.95492661816008906055e-004	0.00000000000000000000e+000	3.12500006484333425760e+000	1	1
9.86246750000000000000e+005	0.00000000000000000000e+000	9.86230000000000000000e+005	3.41722130540000011961e-004	0.00000000000000000000e+000	1.20092903140000004214e+002	0.00000000000000000000e+000	-1.71340686506437467991e-004	0.00000000000000000000e+000	2.95662617941970355413e-004	0.00000000000000000000e+000	3.30200006486847996712e+000	1	1
9.86248062500000000000e+005	0.00000000000000000000e+000	9.86232000000000000000e+005	3.41877341269999977628e-004	0.00000000000000000000e+000	1.20083076480000002562e+002	0.00000000000000000000e+000	-1.71367775786744294024e-004	0.00000000000000000000e+000	2.95826303590042817646e-004	0.00000000000000000000e+000	3.47700006479863077402e+000	1	1
9.86249250000000000000e+005	0.00000000000000000000e+000	9.86234000000000000000e+005	3.42023151459999979595e-004	0.00000000000000000000e+000	1.20074020390000001157e+002	0.00000000000000000000e+000	-1.71394083923981729476e-004	0.00000000000000000000e+000	2.95979567082745107908e-004	0.00000000000000000000e+000	3.65400006482377648354e+000	1	1
9.86251437500000000000e+005	0.00000000000000000000e+000	9.86236000000000000000e+005	3.42170824299999987248e-004	0.00000000000000000000e+000	1.20055709840000005784e+002	0.00000000000000000000e+000	-1.71373446935763193086e-004	0.00000000000000000000e+000	2.96162142562982945177e-004	0.00000000000000000000e+000	3.82900006487034261227e+000	1	1
9.86253687500000000000e+005	0.00000000000000000000e+000	9.86238000000000000000e+005	3.42362007360000005808e-004	0.00000000000000000000e+000	1.20049911499999993225e+002	0.00000000000000000000e+000	-1.71439210131775108484e-004	0.00000000000000000000e+000	2.96344970115846196440e-004	0.00000000000000000000e+000	4.00500006484799087048e+000	1	1
9.86255500000000000000e+005	0.00000000000000000000e+000	9.86240000000000000000e+005	3.42504819860000025034e-004	0.00000000000000000000e+000	1.20031471249999995621e+002	0.00000000000000000000e+000	-1.71415298847773714527e-004	0.00000000000000000000e+000	2.96523771303852635116e-004	0.00000000000000000000e+000	4.18100006482563912868e+000	1	1
9.86256500000000000000e+005	0.00000000000000000000e+000	9.86242000000000000000e+005	3.42689105310000003465e-004	0.00000000000000000000e+000	1.20020988459999998099e+002	0.00000000000000000000e+000	-1.71453245403867948629e-004	0.00000000000000000000e+000	2.96714690466531015329e-004	0.00000000000000000000e+000	4.35900006489828228951e+000	1	1
9.86259312500000000000e+005	0.00000000000000000000e+000	9.86244000000000000000e+005	3.42837214699999990632e-004	0.00000000000000000000e+000	1.20011749269999995704e+002	0.00000000000000000000e+000	-1.71479477651903668796e-004	0.00000000000000000000e+000	2.96870585487151567548e-004	0.00000000000000000000e+000	4.53300006489735096693e+000	1	1
9.86261750000000000000e+005	0.00000000000000000000e+000	9.86246000000000000000e+005	3.42988641930000004009e-004	0.00000000000000000000e+000	1.19995635989999996696e+002	0.00000000000000000000e+000	-1.71471685642705316257e-004	0.00000000000000000000e+000	2.97049944480444233670e-004	0.00000000000000000000e+000	4.71000006480608135462e+000	1	1
9.86263625000000000000e+005	0.00000000000000000000e+000	9.86248000000000000000e+005	3.43176274330000009426e-004	0.00000000000000000000e+000	1.19981376650000001405e+002	0.00000000000000000000e+000	-1.71491516164561574528e-004	0.00000000000000000000e+000	2.97255134769105935477e-004	0.00000000000000000000e+000	4.88500006485264748335e+000	1	1
9.86265375000000000000e+005	0.00000000000000000000e+000	9.86250000000000000000e+005	3.43381427229999991631e-004	0.00000000000000000000e+000	1.19964241029999996613e+002	0.00000000000000000000e+000	-1.71505073055668385987e-004	0.00000000000000000000e+000	2.97484141565028024044e-004	0.00000000000000000000e+000	5.06200006487779319286e+000	1	1
9.86268062500000000000e+005	0.00000000000000000000e+000	9.86252000000000000000e+005	3.43565072399999997966e-004	0.00000000000000000000e+000	1.19955093379999993886e+002	0.00000000000000000000e+000	-1.71549273460386015721e-004	0.00000000000000000000e+000	2.97670632996321850219e-004	0.00000000000000000000e+000	5.23900006490293890238e+000	1	1
9.86269687500000000000e+005	0.00000000000000000000e+000	9.86254000000000000000e+005	3.43729392629999993061e-004	0.00000000000000000000e+000	1.19934394839999995952e+002	0.00000000000000000000e+000	-1.71523723582652187465e-004	0.00000000000000000000e+000	2.97874986539874858377e-004	0.00000000000000000000e+000	5.41600006481166929007e+000	1	1
9.86271375000000000000e+005	0.00000000000000000000e+000	9.86256000000000000000e+005	3.43916355629999995289e-004	0.00000000000000000000e+000	1.19917259220000005371e+002	0.00000000000000000000e+000	-1.71527877128123401465e-004	0.00000000000000000000e+000	2.98088320867725411426e-004	0.00000000000000000000e+000	5.59500006481539458036e+000	1	1
9.86272500000000000000e+005	0.00000000000000000000e+000	9.86258000000000000000e+005	3.44094296449999994311e-004	0.00000000000000000000e+000	1.19898468019999995704e+002	0.00000000000000000000e+000	-1.71518801570667649668e-004	0.00000000000000000000e+000	2.98298819235313819424e-004	0.00000000000000000000e+000	5.77100006479304283857e+000	1	1
9.86275750000000000000e+005	0.00000000000000000000e+000	9.86260000000000000000e+005	3.44309170030000007579e-004	0.00000000000000000000e+000	1.19880981449999993060e+002	0.00000000000000000000e+000	-1.71534803318257713170e-004	0.00000000000000000000e+000	2.98537461329921073594e-004	0.00000000000000000000e+000	5.94400006486102938652e+000	1	1
9.86278250000000000000e+005	0.00000000000000000000e+000	9.86262000000000000000e+005	3.44511296130000006267e-004	0.00000000000000000000e+000	1.19863067630000003305e+002	0.00000000000000000000e+000	-1.71542100074035028636e-004	0.00000000000000000000e+000	2.98766365348180262720e-004	0.00000000000000000000e+000	6.12000006483867764473e+000	1	1
9.86278625000000000000e+005	0.00000000000000000000e+000	9.86264000000000000000e+005	3.44682164719999973353e-004	0.00000000000000000000e+000	1.19845886230000004957e+002	0.00000000000000000000e+000	-1.71537536651474080635e-004	0.00000000000000000000e+000	2.98965998393812984555e-004	0.00000000000000000000e+000	6.29400006483774632215e+000	1	1
9.86282375000000000000e+005	0.00000000000000000000e+000	9.86266000000000000000e+005	3.44904547089999974178e-004	0.00000000000000000000e+000	1.19824478150000004462e+002	0.00000000000000000000e+000	-1.71536419257348258897e-004	0.00000000000000000000e+000	2.99222999570095289906e-004	0.00000000000000000000e+000	6.46900006488431245089e+000	1	1
9.86284062500000000000e+005	0.00000000000000000000e+000	9.86268000000000000000e+005	3.45107808239999980238e-004	0.00000000000000000000e+000	1.19803398130000005040e+002	0.00000000000000000000e+000	-1.71527344749429239579e-004	0.00000000000000000000e+000	2.99462467283342621913e-004	0.00000000000000000000e+000	6.64600006479304283857e+000	1	1
9.86286312500000000000e+005	0.00000000000000000000e+000	9.86270000000000000000e+005	3.45354259480000014369e-004	0.00000000000000000000e+000	1.19785499569999998926e+002	0.00000000000000000000e+000	-1.71556213374517743360e-004	0.00000000000000000000e+000	2.99729928758501085358e-004	0.00000000000000000000e+000	6.82200006488710641861e+000	1	1
9.86286625000000000000e+005	0.00000000000000000000e+000	9.86272000000000000000e+005	3.45559470590000022017e-004	0.00000000000000000000e+000	1.19762313840000004461e+002	0.00000000000000000000e+000	-1.71536775845169053509e-004	0.00000000000000000000e+000	2.99977469565774763471e-004	0.00000000000000000000e+000	6.99800006486475467682e+000	1	1
9.86290375000000000000e+005	0.00000000000000000000e+000	9.86274000000000000000e+005	3.45754728189999981352e-004	0.00000000000000000000e+000	1.19742073059999995621e+002	0.00000000000000000000e+000	-1.71527659211440926907e-004	0.00000000000000000000e+000	3.00207585165972352936e-004	0.00000000000000000000e+000	7.17400006484240293503e+000	1	1
9.86292062500000000000e+005	0.00000000000000000000e+000	9.86276000000000000000e+005	3.45996348189999997514e-004	0.00000000000000000000e+000	1.19720764160000001652e+002	0.00000000000000000000e+000	-1.71535785779504618490e-004	0.00000000000000000000e+000	3.00481192685704751912e-004	0.00000000000000000000e+000	7.34500006481539458036e+000	1	1
9.86293625000000000000e+005	0.00000000000000000000e+000	9.86278000000000000000e+005	3.46240529319999986585e-004	0.00000000000000000000e+000	1.19695167539999999917e+002	0.00000000000000000000e+000	-1.71522493869342518378e-004	0.00000000000000000000e+000	3.00769909134266830945e-004	0.00000000000000000000e+000	7.52000006486196070910e+000	1	1
9.86296437500000000000e+005	0.00000000000000000000e+000	9.86280000000000000000e+005	3.46488232030000024766e-004	0.00000000000000000000e+000	1.19673416140000000496e+002	0.00000000000000000000e+000	-1.71530925770405464140e-004	0.00000000000000000000e+000	3.01050222454033085135e-004	0.00000000000000000000e+000	7.69700006488710641861e+000	1	1
9.86298500000000000000e+005	0.00000000000000000000e+000	9.86282000000000000000e+005	3.46719956719999987740e-004	0.00000000000000000000e+000	1.19645599369999999340e+002	0.00000000000000000000e+000	-1.71499366254171094421e-004	0.00000000000000000000e+000	3.01334856533950210325e-004	0.00000000000000000000e+000	7.87200006481725722551e+000	1	1
9.86299937500000000000e+005	0.00000000000000000000e+000	9.86284000000000000000e+005	3.46983870260000003532e-004	0.00000000000000000000e+000	1.19617454530000003388e+002	0.00000000000000000000e+000	-1.71481751663773968703e-004	0.00000000000000000000e+000	3.01648495880440722927e-004	0.00000000000000000000e+000	8.04700006486382335424e+000	1	1
9.86301312500000000000e+005	0.00000000000000000000e+000	9.86286000000000000000e+005	3.47270426570000026456e-004	0.00000000000000000000e+000	1.19593070979999993142e+002	0.00000000000000000000e+000	-1.71494874632980551276e-004	0.00000000000000000000e+000	3.01970622982978339089e-004	0.00000000000000000000e+000	8.22500006482005119324e+000	1	1
9.86302875000000000000e+005	0.00000000000000000000e+000	9.86288000000000000000e+005	3.47507273550000026201e-004	0.00000000000000000000e+000	1.19562858579999996778e+002	0.00000000000000000000e+000	-1.71452475034077230203e-004	0.00000000000000000000e+000	3.02267024292832283631e-004	0.00000000000000000000e+000	8.40100006479769945145e+000	1	1
9.86306125000000000000e+005	0.00000000000000000000e+000	9.86290000000000000000e+005	3.47797904399999989900e-004	0.00000000000000000000e+000	1.19534759519999994382e+002	0.00000000000000000000e+000	-1.71447483194113654316e-004	0.00000000000000000000e+000	3.02603937204121034663e-004	0.00000000000000000000e+000	8.57900006487034261227e+000	1	1
9.86307625000000000000e+005	0.00000000000000000000e+000	9.86292000000000000000e+005	3.48099129039999974009e-004	0.00000000000000000000e+000	1.19502799989999999752e+002	0.00000000000000000000e+000	-1.71427007264519427367e-004	0.00000000000000000000e+000	3.02961688697988586454e-004	0.00000000000000000000e+000	8.75700006482657045126e+000	1	1
9.86309062500000000000e+005	0.00000000000000000000e+000	9.86294000000000000000e+005	3.48380533979999996129e-004	0.00000000000000000000e+000	1.19473884580000003552e+002	0.00000000000000000000e+000	-1.71412548801291728584e-004	0.00000000000000000000e+000	3.03293149559357355302e-004	0.00000000000000000000e+000	8.93100006482563912868e+000	1	1
9.86311000000000000000e+005	0.00000000000000000000e+000	9.86296000000000000000e+005	3.48662404579999998539e-004	0.00000000000000000000e+000	1.19442443850000003636e+002	0.00000000000000000000e+000	-1.71384645833450206809e-004	0.00000000000000000000e+000	3.03632632534861859625e-004	0.00000000000000000000e+000	9.10700006480328738689e+000	1	1
9.86314187500000000000e+005	0.00000000000000000000e+000	9.86298000000000000000e+005	3.49006964829999977856e-004	0.00000000000000000000e+000	1.19406021120000005453e+002	0.00000000000000000000e+000	-1.71360770454767759839e-004	0.00000000000000000000e+000	3.04041687682786757833e-004	0.00000000000000000000e+000	9.28100006480235606432e+000	1	1
9.86315812500000000000e+005	0.00000000000000000000e+000	9.86300000000000000000e+005	3.49277281200000022394e-004	0.00000000000000000000e+000	1.19370445250000003057e+002	0.00000000000000000000e+000	-1.71304530884161689388e-004	0.00000000000000000000e+000	3.04383601498210102244e-004	0.00000000000000000000e+000	9.45600006484892219305e+000	1	1
9.86317375000000000000e+005	0.00000000000000000000e+000	9.86302000000000000000e+005	3.49597132299999996310e-004	0.00000000000000000000e+000	1.19330009459999999422e+002	0.00000000000000000000e+000	-1.71246348849955006173e-004	0.00000000000000000000e+000	3.04783272044157965090e-004	0.00000000000000000000e+000	9.63400006480515003204e+000	1	1
9.86319125000000000000e+005	0.00000000000000000000e+000	9.86304000000000000000e+005	3.49911133529999995775e-004	0.00000000000000000000e+000	1.19291511540000001901e+002	0.00000000000000000000e+000	-1.71195147732259547908e-004	0.00000000000000000000e+000	3.05172119894952620194e-004	0.00000000000000000000e+000	9.80900006485171616077e+000	1	1
9.86321062500000000000e+005	0.00000000000000000000e+000	9.86306000000000000000e+005	3.50257498209999979227e-004	0.00000000000000000000e+000	1.19248222350000006031e+002	0.00000000000000000000e+000	-1.71133761242210939366e-004	0.00000000000000000000e+000	3.05603584428295086631e-004	0.00000000000000000000e+000	9.98400006489828228951e+000	1	1
9.86324250000000000000e+005	0.00000000000000000000e+000	9.86308000000000000000e+005	3.50620830429999993591e-004	0.00000000000000000000e+000	1.19201202390000005948e+002	0.00000000000000000000e+000	-1.71060170891453716940e-004	0.00000000000000000000e+000	3.06061079959555519883e-004	0.00000000000000000000e+000	1.01600000648759305477e+001	1	1
9.86325562500000000000e+005	0.00000000000000000000e+000	9.86310000000000000000e+005	3.50972084560000020456e-004	0.00000000000000000000e+000	1.19153938289999999256e+002	0.00000000000000000000e+000	-1.70978754758366416908e-004	0.00000000000000000000e+000	3.06508840919263246105e-004	0.00000000000000000000e+000	1.03370000649010762572e+001	1	1
9.86326812500000000000e+005	0.00000000000000000000e+000	9.86312000000000000000e+005	3.51308961400000020411e-004	0.00000000000000000000e+000	1.19108230590000005122e+002	0.00000000000000000000e+000	-1.70898060396318970770e-004	0.00000000000000000000e+000	3.06939471741128199356e-004	0.00000000000000000000e+000	1.05130000648787245154e+001	1	1
9.86329687500000000000e+005	0.00000000000000000000e+000	9.86314000000000000000e+005	3.51685826899999988589e-004	0.00000000000000000000e+000	1.19055541989999994712e+002	0.00000000000000000000e+000	-1.70798757298290700135e-004	0.00000000000000000000e+000	3.07425934735012812860e-004	0.00000000000000000000e+000	1.06870000648777931929e+001	1	1
9.86331250000000000000e+005	0.00000000000000000000e+000	9.86316000000000000000e+005	3.52067552739999999403e-004	0.00000000000000000000e+000	1.18999443049999996447e+002	0.00000000000000000000e+000	-1.70682732406079025423e-004	0.00000000000000000000e+000	3.07926885072946335178e-004	0.00000000000000000000e+000	1.08630000648554414511e+001	1	1
9.86335125000000000000e+005	0.00000000000000000000e+000	9.86318000000000000000e+005	3.52484436009999990789e-004	0.00000000000000000000e+000	1.18941154479999994464e+002	0.00000000000000000000e+000	-1.70571116088197083155e-004	0.00000000000000000000e+000	3.08465187639893269507e-004	0.00000000000000000000e+000	1.10390000648330897093e+001	1	1
9.86335875000000000000e+005	0.00000000000000000000e+000	9.86320000000000000000e+005	3.52852046490000016612e-004	0.00000000000000000000e+000	1.18883689880000005701e+002	0.00000000000000000000e+000	-1.70439224320858233709e-004	0.00000000000000000000e+000	3.08957986666610234013e-004	0.00000000000000000000e+000	1.12140000648796558380e+001	1	1
9.86337125000000000000e+005	0.00000000000000000000e+000	9.86322000000000000000e+005	3.53237759549999996191e-004	0.00000000000000000000e+000	1.18821205140000003553e+002	0.00000000000000000000e+000	-1.70288128197602049718e-004	0.00000000000000000000e+000	3.09481612001198972892e-004	0.00000000000000000000e+000	1.13910000649048015475e+001	1	1
9.86340000000000000000e+005	0.00000000000000000000e+000	9.86324000000000000000e+005	3.53655865179999990850e-004	0.00000000000000000000e+000	1.18754676820000000248e+002	0.00000000000000000000e+000	-1.70129796578347700694e-004	0.00000000000000000000e+000	3.10045679364225903150e-004	0.00000000000000000000e+000	1.15650000649038702250e+001	1	1
9.86341000000000000000e+005	0.00000000000000000000e+000	9.86326000000000000000e+005	3.54109797629999993162e-004	0.00000000000000000000e+000	1.18684768680000004792e+002	0.00000000000000000000e+000	-1.69969258029871244601e-004	0.00000000000000000000e+000	3.10651251570526621814e-004	0.00000000000000000000e+000	1.17370000648079439998e+001	1	1
9.86344062500000000000e+005	0.00000000000000000000e+000	9.86328000000000000000e+005	3.54520452669999995392e-004	0.00000000000000000000e+000	1.18610168459999997026e+002	0.00000000000000000000e+000	-1.69761281300977997719e-004	0.00000000000000000000e+000	3.11232804717613120021e-004	0.00000000000000000000e+000	1.19100000648759305477e+001	1	1
9.86346812500000000000e+005	0.00000000000000000000e+000	9.86330000000000000000e+005	3.54949763279999988205e-004	0.00000000000000000000e+000	1.18533126830000000496e+002	0.00000000000000000000e+000	-1.69547702375621973199e-004	0.00000000000000000000e+000	3.11837956431983338336e-004	0.00000000000000000000e+000	1.20860000648535788059e+001	1	1
9.86348062500000000000e+005	0.00000000000000000000e+000	9.86332000000000000000e+005	3.55416850649999983836e-004	0.00000000000000000000e+000	1.18452392579999994382e+002	0.00000000000000000000e+000	-1.69330663720728070076e-004	0.00000000000000000000e+000	3.12487222218544690843e-004	0.00000000000000000000e+000	1.22640000648098066449e+001	1	1
9.86349500000000000000e+005	0.00000000000000000000e+000	9.86334000000000000000e+005	3.55889758789999983458e-004	0.00000000000000000000e+000	1.18361946110000005206e+002	0.00000000000000000000e+000	-1.69061814363134462532e-004	0.00000000000000000000e+000	3.13170278500130710997e-004	0.00000000000000000000e+000	1.24380000648088753223e+001	1	1
9.86351437500000000000e+005	0.00000000000000000000e+000	9.86336000000000000000e+005	3.56348027710000022673e-004	0.00000000000000000000e+000	1.18274681090000001404e+002	0.00000000000000000000e+000	-1.68801722294149430257e-004	0.00000000000000000000e+000	3.13830998155592978509e-004	0.00000000000000000000e+000	1.26140000649029389024e+001	1	1
9.86354437500000000000e+005	0.00000000000000000000e+000	9.86338000000000000000e+005	3.56770993680000005760e-004	0.00000000000000000000e+000	1.18176284789999996860e+002	0.00000000000000000000e+000	-1.68462237881802690031e-004	0.00000000000000000000e+000	3.14493269147798340177e-004	0.00000000000000000000e+000	1.27930000649066641927e+001	1	1
9.86356125000000000000e+005	0.00000000000000000000e+000	9.86340000000000000000e+005	3.57256678399999990422e-004	0.00000000000000000000e+000	1.18076194760000007022e+002	0.00000000000000000000e+000	-1.68141177886584384203e-004	0.00000000000000000000e+000	3.15215606466927658613e-004	0.00000000000000000000e+000	1.29680000648368149996e+001	1	1
9.86358437500000000000e+005	0.00000000000000000000e+000	9.86342000000000000000e+005	3.57786426319999992501e-004	0.00000000000000000000e+000	1.17967330930000002809e+002	0.00000000000000000000e+000	-1.67790389757806911912e-004	0.00000000000000000000e+000	3.16002392338665747794e-004	0.00000000000000000000e+000	1.31450000648619607091e+001	1	1
9.86360375000000000000e+005	0.00000000000000000000e+000	9.86344000000000000000e+005	3.58264747770000010953e-004	0.00000000000000000000e+000	1.17850891110000006279e+002	0.00000000000000000000e+000	-1.67371303700571561618e-004	0.00000000000000000000e+000	3.16765648693592975944e-004	0.00000000000000000000e+000	1.33200000647921115160e+001	1	1
9.86361562500000000000e+005	0.00000000000000000000e+000	9.86346000000000000000e+005	3.58768156729999995302e-004	0.00000000000000000000e+000	1.17730392460000004462e+002	0.00000000000000000000e+000	-1.66938986829469614452e-004	0.00000000000000000000e+000	3.17562537084889820200e-004	0.00000000000000000000e+000	1.34930000648600980639e+001	1	1
9.86364562500000000000e+005	0.00000000000000000000e+000	9.86348000000000000000e+005	3.59274039510000010866e-004	0.00000000000000000000e+000	1.17600212099999993143e+002	0.00000000000000000000e+000	-1.66451405507551388700e-004	0.00000000000000000000e+000	3.18389329391538706843e-004	0.00000000000000000000e+000	1.36700000648852437735e+001	1	1
9.86364875000000000000e+005	0.00000000000000000000e+000	9.86350000000000000000e+005	3.59772995580000015843e-004	0.00000000000000000000e+000	1.17465324400000000082e+002	0.00000000000000000000e+000	-1.65931506167265484979e-004	0.00000000000000000000e+000	3.19223031139154232814e-004	0.00000000000000000000e+000	1.38460000648628920317e+001	1	1
9.86368187500000000000e+005	0.00000000000000000000e+000	9.86352000000000000000e+005	3.60292819100000024594e-004	0.00000000000000000000e+000	1.17321334840000005784e+002	0.00000000000000000000e+000	-1.65367335024149675598e-004	0.00000000000000000000e+000	3.20100859108556567122e-004	0.00000000000000000000e+000	1.40230000648880377412e+001	1	1
9.86369875000000000000e+005	0.00000000000000000000e+000	9.86354000000000000000e+005	3.60786361849999980423e-004	0.00000000000000000000e+000	1.17164146419999994464e+002	0.00000000000000000000e+000	-1.64713853984496379299e-004	0.00000000000000000000e+000	3.20992437921102950673e-004	0.00000000000000000000e+000	1.42030000648228451610e+001	1	1
9.86371937500000000000e+005	0.00000000000000000000e+000	9.86356000000000000000e+005	3.61294834870000023883e-004	0.00000000000000000000e+000	1.17002967830000002891e+002	0.00000000000000000000e+000	-1.64041085940726916832e-004	0.00000000000000000000e+000	3.21907564103622177883e-004	0.00000000000000000000e+000	1.43800000648479908705e+001	1	1
9.86374375000000000000e+005	0.00000000000000000000e+000	9.86358000000000000000e+005	3.61787795549999978851e-004	0.00000000000000000000e+000	1.16830154419999999504e+002	0.00000000000000000000e+000	-1.63291912013883961470e-004	0.00000000000000000000e+000	3.22840766446523238023e-004	0.00000000000000000000e+000	1.45550000648945569992e+001	1	1
9.86375937500000000000e+005	0.00000000000000000000e+000	9.86360000000000000000e+005	3.62245744330000004913e-004	0.00000000000000000000e+000	1.16644645690000004379e+002	0.00000000000000000000e+000	-1.62451153830795846228e-004	0.00000000000000000000e+000	3.23777086749879225956e-004	0.00000000000000000000e+000	1.47290000648936256766e+001	1	1
9.86377812500000000000e+005	0.00000000000000000000e+000	9.86362000000000000000e+005	3.62684077120000000934e-004	0.00000000000000000000e+000	1.16449134830000005536e+002	0.00000000000000000000e+000	-1.61540617788670835082e-004	0.00000000000000000000e+000	3.24721986629856464949e-004	0.00000000000000000000e+000	1.49060000648023560643e+001	1	1
9.86380562500000000000e+005	0.00000000000000000000e+000	9.86364000000000000000e+005	3.63154249500000005525e-004	0.00000000000000000000e+000	1.16241561889999999835e+002	0.00000000000000000000e+000	-1.60571037129349214728e-004	0.00000000000000000000e+000	3.25726804185829017530e-004	0.00000000000000000000e+000	1.50810000648489221931e+001	1	1
9.86380375000000000000e+005	0.00000000000000000000e+000	9.86366000000000000000e+005	3.63569066389999998642e-004	0.00000000000000000000e+000	1.16013572690000003718e+002	0.00000000000000000000e+000	-1.59455581625768080031e-004	0.00000000000000000000e+000	3.26735953828292697426e-004	0.00000000000000000000e+000	1.52580000648740679026e+001	1	1
9.86384000000000000000e+005	0.00000000000000000000e+000	9.86368000000000000000e+005	3.63947299769999991440e-004	0.00000000000000000000e+000	1.15781402589999999009e+002	0.00000000000000000000e+000	-1.58294807105739351351e-004	0.00000000000000000000e+000	3.27719988791088257668e-004	0.00000000000000000000e+000	1.54360000648302957416e+001	1	1
9.86385500000000000000e+005	0.00000000000000000000e+000	9.86370000000000000000e+005	3.64238279870000023278e-004	0.00000000000000000000e+000	1.15531532290000001240e+002	0.00000000000000000000e+000	-1.56989514693761417381e-004	0.00000000000000000000e+000	3.28669768611099537454e-004	0.00000000000000000000e+000	1.56090000648982822895e+001	1	1
9.86388937500000000000e+005	0.00000000000000000000e+000	9.86372000000000000000e+005	3.64508654460000015157e-004	0.00000000000000000000e+000	1.15273078920000003222e+002	0.00000000000000000000e+000	-1.55620770322193488315e-004	0.00000000000000000000e+000	3.29619075632110237507e-004	0.00000000000000000000e+000	1.57860000648070126772e+001	1	1
9.86389437500000000000e+005	0.00000000000000000000e+000	9.86374000000000000000e+005	3.64726991389999991456e-004	0.00000000000000000000e+000	1.14991775509999996530e+002	0.00000000000000000000e+000	-1.54092824889404545873e-004	0.00000000000000000000e+000	3.30577040288651080417e-004	0.00000000000000000000e+000	1.59610000648535788059e+001	1	1
9.86391312500000000000e+005	0.00000000000000000000e+000	9.86376000000000000000e+005	3.64857434759999980489e-004	0.00000000000000000000e+000	1.14699806210000005535e+002	0.00000000000000000000e+000	-1.52460776155030451476e-004	0.00000000000000000000e+000	3.31476483983182939729e-004	0.00000000000000000000e+000	1.61390000648098066449e+001	1	1
9.86394812500000000000e+005	0.00000000000000000000e+000	9.86378000000000000000e+005	3.64919367709999988621e-004	0.00000000000000000000e+000	1.14382308960000003140e+002	0.00000000000000000000e+000	-1.50647177526613644787e-004	0.00000000000000000000e+000	3.32372641523232372276e-004	0.00000000000000000000e+000	1.63150000649038702250e+001	1	1
9.86396250000000000000e+005	0.00000000000000000000e+000	9.86380000000000000000e+005	3.64822044499999982668e-004	0.00000000000000000000e+000	1.14053565980000001900e+002	0.00000000000000000000e+000	-1.48698003294681210459e-004	0.00000000000000000000e+000	3.33142654082804225146e-004	0.00000000000000000000e+000	1.64910000648815184832e+001	1	1
9.86397187500000000000e+005	0.00000000000000000000e+000	9.86382000000000000000e+005	3.64617124430000017713e-004	0.00000000000000000000e+000	1.13704605099999994877e+002	0.00000000000000000000e+000	-1.46583864939657266407e-004	0.00000000000000000000e+000	3.33854486216606709346e-004	0.00000000000000000000e+000	1.66650000648805871606e+001	1	1
9.86399562500000000000e+005	0.00000000000000000000e+000	9.86384000000000000000e+005	3.64262174120000010568e-004	0.00000000000000000000e+000	1.13346893309999998678e+002	0.00000000000000000000e+000	-1.44356019462560034028e-004	0.00000000000000000000e+000	3.34437245443078930065e-004	0.00000000000000000000e+000	1.68440000648843124509e+001	1	1
9.86402562500000000000e+005	0.00000000000000000000e+000	9.86386000000000000000e+005	3.63772967830000007114e-004	0.00000000000000000000e+000	1.12971649170000006279e+002	0.00000000000000000000e+000	-1.41971702295966647643e-004	0.00000000000000000000e+000	3.34925077996604532264e-004	0.00000000000000000000e+000	1.70200000648619607091e+001	1	1
9.86403062500000000000e+005	0.00000000000000000000e+000	9.86388000000000000000e+005	3.63053957699999987289e-004	0.00000000000000000000e+000	1.12585494999999994548e+002	0.00000000000000000000e+000	-1.39435069174438403417e-004	0.00000000000000000000e+000	3.35210437913190529690e-004	0.00000000000000000000e+000	1.71960000648396089673e+001	1	1
9.86405937500000000000e+005	0.00000000000000000000e+000	9.86390000000000000000e+005	3.62168590069999974876e-004	0.00000000000000000000e+000	1.12192153930000003470e+002	0.00000000000000000000e+000	-1.36796133740060431219e-004	0.00000000000000000000e+000	3.35339984831906328788e-004	0.00000000000000000000e+000	1.73730000648647546768e+001	1	1
9.86407625000000000000e+005	0.00000000000000000000e+000	9.86392000000000000000e+005	3.61023878209999976932e-004	0.00000000000000000000e+000	1.11791221620000001735e+002	0.00000000000000000000e+000	-1.34021286111541613724e-004	0.00000000000000000000e+000	3.35226096100523201626e-004	0.00000000000000000000e+000	1.75490000648424029350e+001	1	1
9.86409812500000000000e+005	0.00000000000000000000e+000	9.86394000000000000000e+005	3.59670812030000021462e-004	0.00000000000000000000e+000	1.11378997799999993390e+002	0.00000000000000000000e+000	-1.31112758950129861760e-004	0.00000000000000000000e+000	3.34921688558392337959e-004	0.00000000000000000000e+000	1.77230000648414716125e+001	1	1
9.86411937500000000000e+005	0.00000000000000000000e+000	9.86396000000000000000e+005	3.58041987060000001849e-004	0.00000000000000000000e+000	1.10973320009999994795e+002	0.00000000000000000000e+000	-1.28155097945606264885e-004	0.00000000000000000000e+000	3.34320707358107347545e-004	0.00000000000000000000e+000	1.79010000647976994514e+001	1	1
9.86413875000000000000e+005	0.00000000000000000000e+000	9.86398000000000000000e+005	3.56191274479999986369e-004	0.00000000000000000000e+000	1.10577415470000005371e+002	0.00000000000000000000e+000	-1.25191480300985914960e-004	0.00000000000000000000e+000	3.33465616332080877840e-004	0.00000000000000000000e+000	1.80750000647967681289e+001	1	1
9.86415437500000000000e+005	0.00000000000000000000e+000	9.86400000000000000000e+005	3.54033807530000025482e-004	0.00000000000000000000e+000	1.10194190980000001900e+002	0.00000000000000000000e+000	-1.22213538085304995089e-004	0.00000000000000000000e+000	3.32270654712180102137e-004	0.00000000000000000000e+000	1.82510000648908317089e+001	1	1
9.86417250000000000000e+005	0.00000000000000000000e+000	9.86402000000000000000e+005	3.51665745260000008575e-004	0.00000000000000000000e+000	1.09825218199999994795e+002	0.00000000000000000000e+000	-1.19268132575122237063e-004	0.00000000000000000000e+000	3.30823078005924961931e-004	0.00000000000000000000e+000	1.84310000648256391287e+001	1	1
9.86420312500000000000e+005	0.00000000000000000000e+000	9.86404000000000000000e+005	3.48929228490000025061e-004	0.00000000000000000000e+000	1.09478019709999998099e+002	0.00000000000000000000e+000	-1.16348769357326779707e-004	0.00000000000000000000e+000	3.28959830927215521757e-004	0.00000000000000000000e+000	1.86040000648936256766e+001	1	1
9.86421500000000000000e+005	0.00000000000000000000e+000	9.86406000000000000000e+005	3.46050743249999993422e-004	0.00000000000000000000e+000	1.09171440119999999752e+002	0.00000000000000000000e+000	-1.13641623693992941117e-004	0.00000000000000000000e+000	3.26858835383212983396e-004	0.00000000000000000000e+000	1.87830000648973509669e+001	1	1
9.86423125000000000000e+005	0.00000000000000000000e+000	9.86408000000000000000e+005	3.42994957460000012960e-004	0.00000000000000000000e+000	1.08905364989999995373e+002	0.00000000000000000000e+000	-1.11132415424038152158e-004	0.00000000000000000000e+000	3.24492106352382964594e-004	0.00000000000000000000e+000	1.89590000648749992251e+001	1	1
9.86425500000000000000e+005	0.00000000000000000000e+000	9.86410000000000000000e+005	3.39767371770000026730e-004	0.00000000000000000000e+000	1.08686660770000003140e+002	0.00000000000000000000e+000	-1.08858893170105293109e-004	0.00000000000000000000e+000	3.21856502648731695147e-004	0.00000000000000000000e+000	1.91350000648526474833e+001	1	1
9.86427500000000000000e+005	0.00000000000000000000e+000	9.86412000000000000000e+005	3.36317258190000018328e-004	0.00000000000000000000e+000	1.08512878420000006940e+002	0.00000000000000000000e+000	-1.06786706925887691288e-004	0.00000000000000000000e+000	3.18913620562627747428e-004	0.00000000000000000000e+000	1.93080000648042187095e+001	1	1
9.86429250000000000000e+005	0.00000000000000000000e+000	9.86414000000000000000e+005	3.32839932530000026743e-004	0.00000000000000000000e+000	1.08401786799999996447e+002	0.00000000000000000000e+000	-1.05070443054492855452e-004	0.00000000000000000000e+000	3.15820554560509189710e-004	0.00000000000000000000e+000	1.94850000648293644190e+001	1	1
9.86431187500000000000e+005	0.00000000000000000000e+000	9.86416000000000000000e+005	3.29379225150000021823e-004	0.00000000000000000000e+000	1.08345161439999998265e+002	0.00000000000000000000e+000	-1.03669041274425839118e-004	0.00000000000000000000e+000	3.12639415048160201026e-004	0.00000000000000000000e+000	1.96670000648591667414e+001	1	1
9.86432812500000000000e+005	0.00000000000000000000e+000	9.86418000000000000000e+005	3.25919972970000013535e-004	0.00000000000000000000e+000	1.08354743959999993308e+002	0.00000000000000000000e+000	-1.02632011166368220618e-004	0.00000000000000000000e+000	3.09338809502965566937e-004	0.00000000000000000000e+000	1.98420000649057328701e+001	1	1
9.86436187500000000000e+005	0.00000000000000000000e+000	9.86420000000000000000e+005	3.22560983480000022707e-004	0.00000000000000000000e+000	1.08416961670000006279e+002	0.00000000000000000000e+000	-1.01906657604315155092e-004	0.00000000000000000000e+000	3.06040228073862412370e-004	0.00000000000000000000e+000	2.00190000648144632578e+001	1	1
9.86438000000000000000e+005	0.00000000000000000000e+000	9.86422000000000000000e+005	3.19318933179999983347e-004	0.00000000000000000000e+000	1.08535697940000005701e+002	0.00000000000000000000e+000	-1.01510024449086346259e-004	0.00000000000000000000e+000	3.02754514456117051861e-004	0.00000000000000000000e+000	2.01960000648396089673e+001	1	1
9.86439437500000000000e+005	0.00000000000000000000e+000	9.86424000000000000000e+005	3.16145276879999982417e-004	0.00000000000000000000e+000	1.08713844300000005205e+002	0.00000000000000000000e+000	-1.01432627181615806085e-004	0.00000000000000000000e+000	2.99431558518081352566e-004	0.00000000000000000000e+000	2.03690000649075955153e+001	1	1
9.86442062500000000000e+005	0.00000000000000000000e+000	9.86426000000000000000e+005	3.13289347100000016219e-004	0.00000000000000000000e+000	1.08930679319999995869e+002	0.00000000000000000000e+000	-1.01638560378642677407e-004	0.00000000000000000000e+000	2.96344087254160149045e-004	0.00000000000000000000e+000	2.05450000648852437735e+001	1	1
9.86444500000000000000e+005	0.00000000000000000000e+000	9.86428000000000000000e+005	3.10548231939999984201e-004	0.00000000000000000000e+000	1.09200508119999994960e+002	0.00000000000000000000e+000	-1.02131547015103083431e-004	0.00000000000000000000e+000	2.93273509655000747150e-004	0.00000000000000000000e+000	2.07190000648843124509e+001	1	1
9.86447062500000000000e+005	0.00000000000000000000e+000	9.86430000000000000000e+005	3.08070098980000000970e-004	0.00000000000000000000e+000	1.09502853389999998512e+002	0.00000000000000000000e+000	-1.02850364777540373993e-004	0.00000000000000000000e+000	2.90394539119925377060e-004	0.00000000000000000000e+000	2.08930000648833811283e+001	1	1
9.86446875000000000000e+005	0.00000000000000000000e+000	9.86432000000000000000e+005	3.05908091830000010598e-004	0.00000000000000000000e+000	1.09824890139999993721e+002	0.00000000000000000000e+000	-1.03747686237378263950e-004	0.00000000000000000000e+000	2.87778001673967857507e-004	0.00000000000000000000e+000	2.10780000648228451610e+001	1	1
9.86450375000000000000e+005	0.00000000000000000000e+000	9.86434000000000000000e+005	3.03895067190000027057e-004	0.00000000000000000000e+000	1.10176185610000004544e+002	0.00000000000000000000e+000	-1.04815859165118463112e-004	0.00000000000000000000e+000	2.85246993901588159932e-004	0.00000000000000000000e+000	2.12510000648908317089e+001	1	1
9.86452750000000000000e+005	0.00000000000000000000e+000	9.86436000000000000000e+005	3.02106578600000008194e-004	0.00000000000000000000e+000	1.10547241209999995704e+002	0.00000000000000000000e+000	-1.06033225348403897358e-004	0.00000000000000000000e+000	2.82887504064093637211e-004	0.00000000000000000000e+000	2.14250000648899003863e+001	1	1
9.86454937500000000000e+005	0.00000000000000000000e+000	9.86438000000000000000e+005	3.00595536830000013145e-004	0.00000000000000000000e+000	1.10920616150000000744e+002	0.00000000000000000000e+000	-1.07334877934865010577e-004	0.00000000000000000000e+000	2.80779095982631012388e-004	0.00000000000000000000e+000	2.16040000648936256766e+001	1	1
9.86455437500000000000e+005	0.00000000000000000000e+000	9.86440000000000000000e+005	2.99305276710000000943e-004	0.00000000000000000000e+000	1.11301139829999996778e+002	0.00000000000000000000e+000	-1.08728548373299724415e-004	0.00000000000000000000e+000	2.78857941316155966659e-004	0.00000000000000000000e+000	2.17810000648023560643e+001	1	1
9.86458125000000000000e+005	0.00000000000000000000e+000	9.86442000000000000000e+005	2.98209721220000026094e-004	0.00000000000000000000e+000	1.11689445500000005040e+002	0.00000000000000000000e+000	-1.10211025871813730372e-004	0.00000000000000000000e+000	2.77096675559979489616e-004	0.00000000000000000000e+000	2.19520000648917630315e+001	1	1
9.86460625000000000000e+005	0.00000000000000000000e+000	9.86444000000000000000e+005	2.97285878329999983007e-004	0.00000000000000000000e+000	1.12064353940000003718e+002	0.00000000000000000000e+000	-1.11674764729183665962e-004	0.00000000000000000000e+000	2.75513412336171083228e-004	0.00000000000000000000e+000	2.21320000648265704513e+001	1	1
9.86460500000000000000e+005	0.00000000000000000000e+000	9.86446000000000000000e+005	2.96506710579999988725e-004	0.00000000000000000000e+000	1.12433975219999993556e+002	0.00000000000000000000e+000	-1.13152450633037995734e-004	0.00000000000000000000e+000	2.74067058098396336766e-004	0.00000000000000000000e+000	2.23050000648945569992e+001	1	1
9.86463937500000000000e+005	0.00000000000000000000e+000	9.86448000000000000000e+005	2.95947509580000013389e-004	0.00000000000000000000e+000	1.12800254820000006362e+002	0.00000000000000000000e+000	-1.14685476937161832901e-004	0.00000000000000000000e+000	2.72822597682633187412e-004	0.00000000000000000000e+000	2.24780000648461282253e+001	1	1
9.86465500000000000000e+005	0.00000000000000000000e+000	9.86450000000000000000e+005	2.95485719110000016017e-004	0.00000000000000000000e+000	1.13157829280000001404e+002	0.00000000000000000000e+000	-1.16204271668460108161e-004	0.00000000000000000000e+000	2.71676972605255169415e-004	0.00000000000000000000e+000	2.26530000648926943541e+001	1	1
9.86468000000000000000e+005	0.00000000000000000000e+000	9.86452000000000000000e+005	2.95168341839999995215e-004	0.00000000000000000000e+000	1.13498748779999999670e+002	0.00000000000000000000e+000	-1.17692181069777658574e-004	0.00000000000000000000e+000	2.70689675716702870482e-004	0.00000000000000000000e+000	2.28270000648917630315e+001	1	1
9.86470625000000000000e+005	0.00000000000000000000e+000	9.86454000000000000000e+005	2.94976722220000021034e-004	0.00000000000000000000e+000	1.13824996949999999174e+002	0.00000000000000000000e+000	-1.19154196456542810808e-004	0.00000000000000000000e+000	2.69839849018729360623e-004	0.00000000000000000000e+000	2.29980000648647546768e+001	1	1
9.86472562500000000000e+005	0.00000000000000000000e+000	9.86456000000000000000e+005	2.94847297479999988484e-004	0.00000000000000000000e+000	1.14146446229999995126e+002	0.00000000000000000000e+000	-1.20613264972676265791e-004	0.00000000000000000000e+000	2.69049008814176051751e-004	0.00000000000000000000e+000	2.31720000648638233542e+001	1	1
9.86474250000000000000e+005	0.00000000000000000000e+000	9.86458000000000000000e+005	2.94789992040000005738e-004	0.00000000000000000000e+000	1.14446159359999995786e+002	0.00000000000000000000e+000	-1.21995283422948250901e-004	0.00000000000000000000e+000	2.68362236966190501834e-004	0.00000000000000000000e+000	2.33490000648889690638e+001	1	1
9.86475750000000000000e+005	0.00000000000000000000e+000	9.86460000000000000000e+005	2.94819474220000003663e-004	0.00000000000000000000e+000	1.14729431149999996364e+002	0.00000000000000000000e+000	-1.23332910117120831501e-004	0.00000000000000000000e+000	2.67782590288090697160e-004	0.00000000000000000000e+000	2.35250000648666173220e+001	1	1
9.86478625000000000000e+005	0.00000000000000000000e+000	9.86462000000000000000e+005	2.94928438959999987285e-004	0.00000000000000000000e+000	1.14999000550000005205e+002	0.00000000000000000000e+000	-1.24637472412169149957e-004	0.00000000000000000000e+000	2.67298119293960250061e-004	0.00000000000000000000e+000	2.37020000648917630315e+001	1	1
9.86480250000000000000e+005	0.00000000000000000000e+000	9.86464000000000000000e+005	2.95095785990000020107e-004	0.00000000000000000000e+000	1.15255912780000002726e+002	0.00000000000000000000e+000	-1.25906171251846535700e-004	0.00000000000000000000e+000	2.66887914581677096210e-004	0.00000000000000000000e+000	2.38760000648908317089e+001	1	1
9.86481375000000000000e+005	0.00000000000000000000e+000	9.86466000000000000000e+005	2.95303325399999983415e-004	0.00000000000000000000e+000	1.15498207089999993968e+002	0.00000000000000000000e+000	-1.27123008774676171748e-004	0.00000000000000000000e+000	2.66540418384101512623e-004	0.00000000000000000000e+000	2.40490000648424029350e+001	1	1
9.86484500000000000000e+005	0.00000000000000000000e+000	9.86468000000000000000e+005	2.95518140770000025449e-004	0.00000000000000000000e+000	1.15728759769999996365e+002	0.00000000000000000000e+000	-1.28287763353769152181e-004	0.00000000000000000000e+000	2.66220249601424715970e-004	0.00000000000000000000e+000	2.42240000648889690638e+001	1	1
9.86485875000000000000e+005	0.00000000000000000000e+000	9.86470000000000000000e+005	2.95784149779999979649e-004	0.00000000000000000000e+000	1.15946228030000000331e+002	0.00000000000000000000e+000	-1.29413671929424117834e-004	0.00000000000000000000e+000	2.65970608862747901618e-004	0.00000000000000000000e+000	2.44000000648666173220e+001	1	1
9.86487937500000000000e+005	0.00000000000000000000e+000	9.86472000000000000000e+005	2.96093785440000025963e-004	0.00000000000000000000e+000	1.16150688169999995125e+002	0.00000000000000000000e+000	-1.30498429513372645816e-004	0.00000000000000000000e+000	2.65785044106571358754e-004	0.00000000000000000000e+000	2.45750000647967681289e+001	1	1
9.86489125000000000000e+005	0.00000000000000000000e+000	9.86474000000000000000e+005	2.96398327919999982072e-004	0.00000000000000000000e+000	1.16345657349999996200e+002	0.00000000000000000000e+000	-1.31537251447961530499e-004	0.00000000000000000000e+000	2.65612349628716580292e-004	0.00000000000000000000e+000	2.47520000648219138384e+001	1	1
9.86491187500000000000e+005	0.00000000000000000000e+000	9.86476000000000000000e+005	2.96718353640000002003e-004	0.00000000000000000000e+000	1.16529762270000006197e+002	0.00000000000000000000e+000	-1.32532989865604127356e-004	0.00000000000000000000e+000	2.65474646593824082676e-004	0.00000000000000000000e+000	2.49280000647995620966e+001	1	1
9.86493812500000000000e+005	0.00000000000000000000e+000	9.86478000000000000000e+005	2.97037913699999987435e-004	0.00000000000000000000e+000	1.16705307009999998513e+002	0.00000000000000000000e+000	-1.33489347537793420209e-004	0.00000000000000000000e+000	2.65352814699944066466e-004	0.00000000000000000000e+000	2.51040000648936256766e+001	1	1
9.86495437500000000000e+005	0.00000000000000000000e+000	9.86480000000000000000e+005	2.97425838650000010522e-004	0.00000000000000000000e+000	1.16868278500000002396e+002	0.00000000000000000000e+000	-1.34418892296340493483e-004	0.00000000000000000000e+000	2.65318093786459782354e-004	0.00000000000000000000e+000	2.52780000648926943541e+001	1	1
9.86497250000000000000e+005	0.00000000000000000000e+000	9.86482000000000000000e+005	2.97790451439999999395e-004	0.00000000000000000000e+000	1.17026214600000002974e+002	0.00000000000000000000e+000	-1.35315410672069133318e-004	0.00000000000000000000e+000	2.65271356545497148573e-004	0.00000000000000000000e+000	2.54560000648489221931e+001	1	1
9.86500250000000000000e+005	0.00000000000000000000e+000	9.86484000000000000000e+005	2.98175524220000006878e-004	0.00000000000000000000e+000	1.17174797060000003057e+002	0.00000000000000000000e+000	-1.36178735959762570173e-004	0.00000000000000000000e+000	2.65262125295476517903e-004	0.00000000000000000000e+000	2.56310000648954883218e+001	1	1
9.86501375000000000000e+005	0.00000000000000000000e+000	9.86486000000000000000e+005	2.98526603729999987728e-004	0.00000000000000000000e+000	1.17311141969999994217e+002	0.00000000000000000000e+000	-1.36970668575130951825e-004	0.00000000000000000000e+000	2.65249258405466736919e-004	0.00000000000000000000e+000	2.58080000648042187095e+001	1	1
9.86503687500000000000e+005	0.00000000000000000000e+000	9.86488000000000000000e+005	2.98883387589999975891e-004	0.00000000000000000000e+000	1.17439170840000002727e+002	0.00000000000000000000e+000	-1.37727440662439268608e-004	0.00000000000000000000e+000	2.65259177910677457993e-004	0.00000000000000000000e+000	2.59830000648507848382e+001	1	1
9.86505875000000000000e+005	0.00000000000000000000e+000	9.86490000000000000000e+005	2.99285457000000008638e-004	0.00000000000000000000e+000	1.17566154479999994464e+002	0.00000000000000000000e+000	-1.38501057860673549042e-004	0.00000000000000000000e+000	2.65309709100841660881e-004	0.00000000000000000000e+000	2.61580000648973509669e+001	1	1
9.86507437500000000000e+005	0.00000000000000000000e+000	9.86492000000000000000e+005	2.99655250269999999090e-004	0.00000000000000000000e+000	1.17683799739999997769e+002	0.00000000000000000000e+000	-1.39217328038965991671e-004	0.00000000000000000000e+000	2.65352227403629025142e-004	0.00000000000000000000e+000	2.63340000648749992251e+001	1	1
9.86510312500000000000e+005	0.00000000000000000000e+000	9.86494000000000000000e+005	3.00038256679999984413e-004	0.00000000000000000000e+000	1.17794174190000006774e+002	0.00000000000000000000e+000	-1.39906837890916587288e-004	0.00000000000000000000e+000	2.65422365641892273221e-004	0.00000000000000000000e+000	2.65120000648312270641e+001	1	1
9.86511875000000000000e+005	0.00000000000000000000e+000	9.86496000000000000000e+005	3.00402869469999973286e-004	0.00000000000000000000e+000	1.17901786799999996447e+002	0.00000000000000000000e+000	-1.40575728843906385800e-004	0.00000000000000000000e+000	2.65481352350432225646e-004	0.00000000000000000000e+000	2.66890000648563727736e+001	1	1
9.86514562500000000000e+005	0.00000000000000000000e+000	9.86498000000000000000e+005	3.00740473899999995449e-004	0.00000000000000000000e+000	1.17998840329999993060e+002	0.00000000000000000000e+000	-1.41183716410681937576e-004	0.00000000000000000000e+000	2.65540940086580069118e-004	0.00000000000000000000e+000	2.68630000648554414511e+001	1	1
9.86515125000000000000e+005	0.00000000000000000000e+000	9.86500000000000000000e+005	3.01149470030000014891e-004	0.00000000000000000000e+000	1.18095100400000006857e+002	0.00000000000000000000e+000	-1.41822251539078789725e-004	0.00000000000000000000e+000	2.65664171968551577653e-004	0.00000000000000000000e+000	2.70380000649020075798e+001	1	1
9.86518500000000000000e+005	0.00000000000000000000e+000	9.86502000000000000000e+005	3.01498890619999982635e-004	0.00000000000000000000e+000	1.18184188840000004461e+002	0.00000000000000000000e+000	-1.42400191558039442095e-004	0.00000000000000000000e+000	2.65751324529764820694e-004	0.00000000000000000000e+000	2.72130000648321583867e+001	1	1
9.86518937500000000000e+005	0.00000000000000000000e+000	9.86504000000000000000e+005	3.01839289020000025275e-004	0.00000000000000000000e+000	1.18272605900000002066e+002	0.00000000000000000000e+000	-1.42971356531121043159e-004	0.00000000000000000000e+000	2.65831050872072081372e-004	0.00000000000000000000e+000	2.73880000648787245154e+001	1	1
9.86521562500000000000e+005	0.00000000000000000000e+000	9.86506000000000000000e+005	3.02188855130000014367e-004	0.00000000000000000000e+000	1.18351966860000004544e+002	0.00000000000000000000e+000	-1.43505428770578059242e-004	0.00000000000000000000e+000	2.65940399484833225711e-004	0.00000000000000000000e+000	2.75630000648088753223e+001	1	1
9.86523500000000000000e+005	0.00000000000000000000e+000	9.86508000000000000000e+005	3.02563392319999996567e-004	0.00000000000000000000e+000	1.18428070070000003966e+002	0.00000000000000000000e+000	-1.44036838157920863606e-004	0.00000000000000000000e+000	2.66078927436306296884e-004	0.00000000000000000000e+000	2.77380000648554414511e+001	1	1
9.86525875000000000000e+005	0.00000000000000000000e+000	9.86510000000000000000e+005	3.02879489030000018969e-004	0.00000000000000000000e+000	1.18503341669999997521e+002	0.00000000000000000000e+000	-1.44537116059580052901e-004	0.00000000000000000000e+000	2.66167253726399253601e-004	0.00000000000000000000e+000	2.79120000648545101285e+001	1	1
9.86527750000000000000e+005	0.00000000000000000000e+000	9.86512000000000000000e+005	3.03202803480000010125e-004	0.00000000000000000000e+000	1.18572395319999998264e+002	0.00000000000000000000e+000	-1.45012430588021645587e-004	0.00000000000000000000e+000	2.66276801492517777459e-004	0.00000000000000000000e+000	2.80860000648535788059e+001	1	1
9.86528937500000000000e+005	0.00000000000000000000e+000	9.86514000000000000000e+005	3.03519744190000021096e-004	0.00000000000000000000e+000	1.18639923100000004297e+002	0.00000000000000000000e+000	-1.45478069651357806887e-004	0.00000000000000000000e+000	2.66383870314397454716e-004	0.00000000000000000000e+000	2.82600000648526474833e+001	1	1
9.86531000000000000000e+005	0.00000000000000000000e+000	9.86516000000000000000e+005	3.03856621030000021051e-004	0.00000000000000000000e+000	1.18702316280000005122e+002	0.00000000000000000000e+000	-1.45929854531174274176e-004	0.00000000000000000000e+000	2.66520775363346406912e-004	0.00000000000000000000e+000	2.84380000648088753223e+001	1	1
9.86532937500000000000e+005	0.00000000000000000000e+000	9.86518000000000000000e+005	3.04186280120000021934e-004	0.00000000000000000000e+000	1.18766876220000000330e+002	0.00000000000000000000e+000	-1.46388720472714428753e-004	0.00000000000000000000e+000	2.66645149086955270817e-004	0.00000000000000000000e+000	2.86110000648768618703e+001	1	1
9.86536937500000000000e+005	0.00000000000000000000e+000	9.86520000000000000000e+005	3.04497312749999978800e-004	0.00000000000000000000e+000	1.18822608950000002892e+002	0.00000000000000000000e+000	-1.46797970788720160860e-004	0.00000000000000000000e+000	2.66775128608881648053e-004	0.00000000000000000000e+000	2.87860000648070126772e+001	1	1
9.86538250000000000000e+005	0.00000000000000000000e+000	9.86522000000000000000e+005	3.04792280080000009719e-004	0.00000000000000000000e+000	1.18877265929999992977e+002	0.00000000000000000000e+000	-1.47194842585576031891e-004	0.00000000000000000000e+000	2.66893260148270961268e-004	0.00000000000000000000e+000	2.89640000648796558380e+001	1	1
9.86539750000000000000e+005	0.00000000000000000000e+000	9.86524000000000000000e+005	3.05081630359999998910e-004	0.00000000000000000000e+000	1.18930282590000004461e+002	0.00000000000000000000e+000	-1.47581711691613962035e-004	0.00000000000000000000e+000	2.67010186242564535788e-004	0.00000000000000000000e+000	2.91400000648573040962e+001	1	1
9.86541812500000000000e+005	0.00000000000000000000e+000	9.86526000000000000000e+005	3.05385503449999982147e-004	0.00000000000000000000e+000	1.18976600649999994630e+002	0.00000000000000000000e+000	-1.47944727218134077906e-004	0.00000000000000000000e+000	2.67156627104329674922e-004	0.00000000000000000000e+000	2.93180000648135319352e+001	1	1
9.86545062500000000000e+005	0.00000000000000000000e+000	9.86528000000000000000e+005	3.05673369439999980356e-004	0.00000000000000000000e+000	1.19025825499999996282e+002	0.00000000000000000000e+000	-1.48313870045936650960e-004	0.00000000000000000000e+000	2.67281134270265551336e-004	0.00000000000000000000e+000	2.94940000649075955153e+001	1	1
9.86545062500000000000e+005	0.00000000000000000000e+000	9.86530000000000000000e+005	3.05941241090000018345e-004	0.00000000000000000000e+000	1.19070541379999994547e+002	0.00000000000000000000e+000	-1.48652576657668650251e-004	0.00000000000000000000e+000	2.67399428669407295423e-004	0.00000000000000000000e+000	2.96690000648377463222e+001	1	1
9.86548125000000000000e+005	0.00000000000000000000e+000	9.86532000000000000000e+005	3.06219852060000019989e-004	0.00000000000000000000e+000	1.19112510679999999752e+002	0.00000000000000000000e+000	-1.48983959014744021115e-004	0.00000000000000000000e+000	2.67533881502775966986e-004	0.00000000000000000000e+000	2.98480000648414716125e+001	1	1
9.86549437500000000000e+005	0.00000000000000000000e+000	9.86534000000000000000e+005	3.06506553899999986158e-004	0.00000000000000000000e+000	1.19156173710000004462e+002	0.00000000000000000000e+000	-1.49327472351800619611e-004	0.00000000000000000000e+000	2.67670643860464906993e-004	0.00000000000000000000e+000	3.00250000648666173220e+001	1	1
9.86552250000000000000e+005	0.00000000000000000000e+000	9.86536000000000000000e+005	3.06733651090000008273e-004	0.00000000000000000000e+000	1.19196281429999999091e+002	0.00000000000000000000e+000	-1.49625587032411496010e-004	0.00000000000000000000e+000	2.67764292645991403702e-004	0.00000000000000000000e+000	3.02030000648228451610e+001	1	1
9.86553500000000000000e+005	0.00000000000000000000e+000	9.86538000000000000000e+005	3.07011563559999982060e-004	0.00000000000000000000e+000	1.19239540099999999256e+002	0.00000000000000000000e+000	-1.49963457729371957023e-004	0.00000000000000000000e+000	2.67893750403787507270e-004	0.00000000000000000000e+000	3.03770000648219138384e+001	1	1
9.86555562500000000000e+005	0.00000000000000000000e+000	9.86540000000000000000e+005	3.07276175589999995391e-004	0.00000000000000000000e+000	1.19272964479999998844e+002	0.00000000000000000000e+000	-1.50249099742333293468e-004	0.00000000000000000000e+000	2.68037042424801622790e-004	0.00000000000000000000e+000	3.05530000647995620966e+001	1	1
9.86558875000000000000e+005	0.00000000000000000000e+000	9.86542000000000000000e+005	3.07493028229999980708e-004	0.00000000000000000000e+000	1.19310173030000001404e+002	0.00000000000000000000e+000	-1.50529291883159943577e-004	0.00000000000000000000e+000	2.68128504070734715540e-004	0.00000000000000000000e+000	3.07290000648936256766e+001	1	1
9.86559437500000000000e+005	0.00000000000000000000e+000	9.86544000000000000000e+005	3.07737063849999978749e-004	0.00000000000000000000e+000	1.19339706419999998843e+002	0.00000000000000000000e+000	-1.50787054224087369763e-004	0.00000000000000000000e+000	2.68263610550221846818e-004	0.00000000000000000000e+000	3.09030000648926943541e+001	1	1
9.86561562500000000000e+005	0.00000000000000000000e+000	9.86546000000000000000e+005	3.07991635050000025966e-004	0.00000000000000000000e+000	1.19374542239999996696e+002	0.00000000000000000000e+000	-1.51075001944045157580e-004	0.00000000000000000000e+000	2.68393723936270864501e-004	0.00000000000000000000e+000	3.10770000648917630315e+001	1	1
9.86563812500000000000e+005	0.00000000000000000000e+000	9.86548000000000000000e+005	3.08223301539999993814e-004	0.00000000000000000000e+000	1.19407424930000004792e+002	0.00000000000000000000e+000	-1.51342763315612705184e-004	0.00000000000000000000e+000	2.68508792415094300985e-004	0.00000000000000000000e+000	3.12550000648479908705e+001	1	1
9.86565062500000000000e+005	0.00000000000000000000e+000	9.86550000000000000000e+005	3.08452581519999980558e-004	0.00000000000000000000e+000	1.19436431880000000660e+002	0.00000000000000000000e+000	-1.51591362381556368430e-004	0.00000000000000000000e+000	2.68631818475875802817e-004	0.00000000000000000000e+000	3.14330000648042187095e+001	1	1
