Fext	FextSD	Fgen	R	RSD	Theta	ThetaSD	X	XSD	Y	YSD	Time	Interval	Round
3.20704593750000000000e+005	0.00000000000000000000e+000	3.20700000000000000000e+005	1.11137429490000005125e-004	0.00000000000000000000e+000	1.13477149960000005535e+002	0.00000000000000000000e+000	-4.42752931293569678621e-005	0.00000000000000000000e+000	1.01937366318510691412e-004	0.00000000000000000000e+000	6.52000087779015302658e-001	1	1
3.20707218750000000000e+005	0.00000000000000000000e+000	3.20702000000000000000e+005	1.11085064419999998936e-004	0.00000000000000000000e+000	1.13484992980000001239e+002	0.00000000000000000000e+000	-4.42683786232534267789e-005	0.00000000000000000000e+000	1.01883277289572054766e-004	0.00000000000000000000e+000	8.29000087687745690346e-001	1	1
3.20709843750000000000e+005	0.00000000000000000000e+000	3.20704000000000000000e+005	1.11112240120000003887e-004	0.00000000000000000000e+000	1.13483650209999993308e+002	0.00000000000000000000e+000	-4.42768200715246316936e-005	0.00000000000000000000e+000	1.01909239565597641301e-004	0.00000000000000000000e+000	1.00800008769147098064e+000	1	1
3.20710687500000000000e+005	0.00000000000000000000e+000	3.20706000000000000000e+005	1.11153502079999996267e-004	0.00000000000000000000e+000	1.13471755979999997521e+002	0.00000000000000000000e+000	-4.42720979364893344864e-005	0.00000000000000000000e+000	1.01956276751117490232e-004	0.00000000000000000000e+000	1.18900008779019117355e+000	1	1
3.20712781250000000000e+005	0.00000000000000000000e+000	3.20708000000000000000e+005	1.11198634840000001390e-004	0.00000000000000000000e+000	1.13482902530000004049e+002	0.00000000000000000000e+000	-4.43099163728284884322e-005	0.00000000000000000000e+000	1.01989056772344978906e-004	0.00000000000000000000e+000	1.36700008774641901255e+000	1	1
3.20714906250000000000e+005	0.00000000000000000000e+000	3.20710000000000000000e+005	1.11194742200000005984e-004	0.00000000000000000000e+000	1.13479850769999998761e+002	0.00000000000000000000e+000	-4.43029331094531663815e-005	0.00000000000000000000e+000	1.01987846387811235006e-004	0.00000000000000000000e+000	1.54500008770264685154e+000	1	1
3.20717031250000000000e+005	0.00000000000000000000e+000	3.20712000000000000000e+005	1.11220972029999997364e-004	0.00000000000000000000e+000	1.13468040470000005371e+002	0.00000000000000000000e+000	-4.42923552550376223107e-005	0.00000000000000000000e+000	1.02021036483950617267e-004	0.00000000000000000000e+000	1.72400008770637214184e+000	1	1
3.20718843750000000000e+005	0.00000000000000000000e+000	3.20714000000000000000e+005	1.11247427409999998221e-004	0.00000000000000000000e+000	1.13472709660000006693e+002	0.00000000000000000000e+000	-4.43112065818789527998e-005	0.00000000000000000000e+000	1.02041692834847010128e-004	0.00000000000000000000e+000	1.90200008777901530266e+000	1	1
3.20720593750000000000e+005	0.00000000000000000000e+000	3.20716000000000000000e+005	1.11290020869999996332e-004	0.00000000000000000000e+000	1.13479522709999997687e+002	0.00000000000000000000e+000	-4.43403102017902856738e-005	0.00000000000000000000e+000	1.02075489890835431942e-004	0.00000000000000000000e+000	2.08000008773524314165e+000	1	1
3.20723312500000000000e+005	0.00000000000000000000e+000	3.20718000000000000000e+005	1.11307424960000006758e-004	0.00000000000000000000e+000	1.13461967470000004710e+002	0.00000000000000000000e+000	-4.43159617923556429175e-005	0.00000000000000000000e+000	1.02105036024892066419e-004	0.00000000000000000000e+000	2.25900008773896843195e+000	1	1
3.20725625000000000000e+005	0.00000000000000000000e+000	3.20720000000000000000e+005	1.11335000840000002652e-004	0.00000000000000000000e+000	1.13462104800000005866e+002	0.00000000000000000000e+000	-4.43271856511140609019e-005	0.00000000000000000000e+000	1.02130225811433855156e-004	0.00000000000000000000e+000	2.43200008769053965807e+000	1	1
3.20726968750000000000e+005	0.00000000000000000000e+000	3.20722000000000000000e+005	1.11351313540000005265e-004	0.00000000000000000000e+000	1.13457527159999997934e+002	0.00000000000000000000e+000	-4.43255194087698262215e-005	0.00000000000000000000e+000	1.02148731544871159901e-004	0.00000000000000000000e+000	2.61000008776318281889e+000	1	1
3.20729468750000000000e+005	0.00000000000000000000e+000	3.20724000000000000000e+005	1.11395573189999993937e-004	0.00000000000000000000e+000	1.13454521180000000413e+002	0.00000000000000000000e+000	-4.43377764612157572303e-005	0.00000000000000000000e+000	1.02191659663613973680e-004	0.00000000000000000000e+000	2.78600008774083107710e+000	1	1
3.20732281250000000000e+005	0.00000000000000000000e+000	3.20726000000000000000e+005	1.11436842420000004430e-004	0.00000000000000000000e+000	1.13451446529999998347e+002	0.00000000000000000000e+000	-4.43487164985363334119e-005	0.00000000000000000000e+000	1.02231899099412032093e-004	0.00000000000000000000e+000	2.96300008776597678661e+000	1	1
3.20733437500000000000e+005	0.00000000000000000000e+000	3.20728000000000000000e+005	1.11465218650000006100e-004	0.00000000000000000000e+000	1.13449188230000004296e+002	0.00000000000000000000e+000	-4.43559789294959076040e-005	0.00000000000000000000e+000	1.02259679746703814368e-004	0.00000000000000000000e+000	3.14200008776970207691e+000	1	1
3.20735062500000000000e+005	0.00000000000000000000e+000	3.20730000000000000000e+005	1.11490560810000006141e-004	0.00000000000000000000e+000	1.13448173519999997438e+002	0.00000000000000000000e+000	-4.43642520364877671426e-005	0.00000000000000000000e+000	1.02283714690909138356e-004	0.00000000000000000000e+000	3.32000008772592991590e+000	1	1
3.20736843750000000000e+005	0.00000000000000000000e+000	3.20732000000000000000e+005	1.11507484689999996838e-004	0.00000000000000000000e+000	1.13456832890000001157e+002	0.00000000000000000000e+000	-4.43864468152692167474e-005	0.00000000000000000000e+000	1.02292533847812475547e-004	0.00000000000000000000e+000	3.49900008772965520620e+000	1	1
3.20739218750000000000e+005	0.00000000000000000000e+000	3.20734000000000000000e+005	1.11545807160000001604e-004	0.00000000000000000000e+000	1.13439651490000002809e+002	0.00000000000000000000e+000	-4.43710141769333284655e-005	0.00000000000000000000e+000	1.02340999584166116726e-004	0.00000000000000000000e+000	3.67500008770730346441e+000	1	1
3.20740093750000000000e+005	0.00000000000000000000e+000	3.20736000000000000000e+005	1.11571294839999995887e-004	0.00000000000000000000e+000	1.13430938720000000330e+002	0.00000000000000000000e+000	-4.43655860312709411728e-005	0.00000000000000000000e+000	1.02371131713858217090e-004	0.00000000000000000000e+000	3.85300008777994662523e+000	1	1
3.20742656250000000000e+005	0.00000000000000000000e+000	3.20738000000000000000e+005	1.11617955550000005102e-004	0.00000000000000000000e+000	1.13434524539999998183e+002	0.00000000000000000000e+000	-4.43905497780960276713e-005	0.00000000000000000000e+000	1.02411166830381126472e-004	0.00000000000000000000e+000	4.03600008774083107710e+000	1	1
3.20745718750000000000e+005	0.00000000000000000000e+000	3.20740000000000000000e+005	1.11643443229999999385e-004	0.00000000000000000000e+000	1.13434547420000001239e+002	0.00000000000000000000e+000	-4.44007271540440584014e-005	0.00000000000000000000e+000	1.02434534432692018547e-004	0.00000000000000000000e+000	4.21500008774455636740e+000	1	1
3.20747562500000000000e+005	0.00000000000000000000e+000	3.20742000000000000000e+005	1.11649394969999998838e-004	0.00000000000000000000e+000	1.13436286929999994300e+002	0.00000000000000000000e+000	-4.44062042438174371705e-005	0.00000000000000000000e+000	1.02438647110470132471e-004	0.00000000000000000000e+000	4.39300008770078420639e+000	1	1
3.20749250000000000000e+005	0.00000000000000000000e+000	3.20744000000000000000e+005	1.11720866699999997799e-004	0.00000000000000000000e+000	1.13434318540000006692e+002	0.00000000000000000000e+000	-4.44311090777273144832e-005	0.00000000000000000000e+000	1.02505749118389778945e-004	0.00000000000000000000e+000	4.56700008769985288382e+000	1	1
3.20750843750000000000e+005	0.00000000000000000000e+000	3.20746000000000000000e+005	1.11743414890000004468e-004	0.00000000000000000000e+000	1.13430458070000000248e+002	0.00000000000000000000e+000	-4.44331683184083170110e-005	0.00000000000000000000e+000	1.02529431503674446635e-004	0.00000000000000000000e+000	4.74200008774641901255e+000	1	1
3.20752250000000000000e+005	0.00000000000000000000e+000	3.20748000000000000000e+005	1.11786452180000003419e-004	0.00000000000000000000e+000	1.13416725159999998596e+002	0.00000000000000000000e+000	-4.44256960243088626274e-005	0.00000000000000000000e+000	1.02579571181337736527e-004	0.00000000000000000000e+000	4.92100008775014430285e+000	1	1
3.20755125000000000000e+005	0.00000000000000000000e+000	3.20750000000000000000e+005	1.11827670479999996241e-004	0.00000000000000000000e+000	1.13414924619999993638e+002	0.00000000000000000000e+000	-4.44388520160879146783e-005	0.00000000000000000000e+000	1.02618791244467989039e-004	0.00000000000000000000e+000	5.09900008770637214184e+000	1	1
3.20756500000000000000e+005	0.00000000000000000000e+000	3.20752000000000000000e+005	1.11858287710000001538e-004	0.00000000000000000000e+000	1.13411361690000006774e+002	0.00000000000000000000e+000	-4.44446357343071535165e-005	0.00000000000000000000e+000	1.02649651162865055711e-004	0.00000000000000000000e+000	5.28500008769333362579e+000	1	1
3.20759093750000000000e+005	0.00000000000000000000e+000	3.20754000000000000000e+005	1.11898239990000005080e-004	0.00000000000000000000e+000	1.13413009639999998512e+002	0.00000000000000000000e+000	-4.44634634284768383728e-005	0.00000000000000000000e+000	1.02685035583594837629e-004	0.00000000000000000000e+000	5.46100008778739720583e+000	1	1
3.20761281250000000000e+005	0.00000000000000000000e+000	3.20756000000000000000e+005	1.11913315780000005638e-004	0.00000000000000000000e+000	1.13397842409999995539e+002	0.00000000000000000000e+000	-4.44422660803490303990e-005	0.00000000000000000000e+000	1.02710638370703626586e-004	0.00000000000000000000e+000	5.63700008776504546404e+000	1	1
3.20763000000000000000e+005	0.00000000000000000000e+000	3.20758000000000000000e+005	1.11972243759999996152e-004	0.00000000000000000000e+000	1.13402191160000000991e+002	0.00000000000000000000e+000	-4.44734668795966349127e-005	0.00000000000000000000e+000	1.02761345438634078418e-004	0.00000000000000000000e+000	5.81200008769519627094e+000	1	1
3.20765812500000000000e+005	0.00000000000000000000e+000	3.20760000000000000000e+005	1.11991830639999998312e-004	0.00000000000000000000e+000	1.13400222779999992895e+002	0.00000000000000000000e+000	-4.44777154743566282202e-005	0.00000000000000000000e+000	1.02780849170848060932e-004	0.00000000000000000000e+000	5.98300008778460323811e+000	1	1
3.20766968750000000000e+005	0.00000000000000000000e+000	3.20762000000000000000e+005	1.12045112470000003744e-004	0.00000000000000000000e+000	1.13389572139999998512e+002	0.00000000000000000000e+000	-4.44797607688897849798e-005	0.00000000000000000000e+000	1.02838018798289199183e-004	0.00000000000000000000e+000	6.16100008774083107710e+000	1	1
3.20769218750000000000e+005	0.00000000000000000000e+000	3.20764000000000000000e+005	1.12070149040000002967e-004	0.00000000000000000000e+000	1.13387832639999999174e+002	0.00000000000000000000e+000	-4.44865769264195546825e-005	0.00000000000000000000e+000	1.02862348695805931901e-004	0.00000000000000000000e+000	6.33600008778739720583e+000	1	1
3.20770812500000000000e+005	0.00000000000000000000e+000	3.20766000000000000000e+005	1.12117253590000002681e-004	0.00000000000000000000e+000	1.13387947080000003552e+002	0.00000000000000000000e+000	-4.45054807556446868915e-005	0.00000000000000000000e+000	1.02905494193815080003e-004	0.00000000000000000000e+000	6.51100008771754801273e+000	1	1
3.20773375000000000000e+005	0.00000000000000000000e+000	3.20768000000000000000e+005	1.12181638539999998030e-004	0.00000000000000000000e+000	1.13368896480000003635e+002	0.00000000000000000000e+000	-4.44968009270018129120e-005	0.00000000000000000000e+000	1.02979389844677093088e-004	0.00000000000000000000e+000	6.68900008779019117355e+000	1	1
3.20774718750000000000e+005	0.00000000000000000000e+000	3.20770000000000000000e+005	1.12209083449999998464e-004	0.00000000000000000000e+000	1.13374183650000006196e+002	0.00000000000000000000e+000	-4.45171918606144598608e-005	0.00000000000000000000e+000	1.03000475909261241685e-004	0.00000000000000000000e+000	6.86400008772034198046e+000	1	1
3.20776687500000000000e+005	0.00000000000000000000e+000	3.20772000000000000000e+005	1.12241024910000004931e-004	0.00000000000000000000e+000	1.13371322629999994547e+002	0.00000000000000000000e+000	-4.45247193654769521788e-005	0.00000000000000000000e+000	1.03032019480706882038e-004	0.00000000000000000000e+000	7.04200008779298514128e+000	1	1
3.20780093750000000000e+005	0.00000000000000000000e+000	3.20774000000000000000e+005	1.12302957859999999512e-004	0.00000000000000000000e+000	1.13363937379999995869e+002	0.00000000000000000000e+000	-4.45359992433961158673e-005	0.00000000000000000000e+000	1.03094612446515146117e-004	0.00000000000000000000e+000	7.21700008772313594818e+000	1	1
3.20781968750000000000e+005	0.00000000000000000000e+000	3.20776000000000000000e+005	1.12339621410000004725e-004	0.00000000000000000000e+000	1.13363357539999995538e+002	0.00000000000000000000e+000	-4.45494952399633063235e-005	0.00000000000000000000e+000	1.03128720599097013864e-004	0.00000000000000000000e+000	7.39600008772686123848e+000	1	1
3.20783375000000000000e+005	0.00000000000000000000e+000	3.20778000000000000000e+005	1.12401379739999993947e-004	0.00000000000000000000e+000	1.13351608279999993556e+002	0.00000000000000000000e+000	-4.45528256999960572677e-005	0.00000000000000000000e+000	1.03194553584970996835e-004	0.00000000000000000000e+000	7.57600008777808398008e+000	1	1
3.20784593750000000000e+005	0.00000000000000000000e+000	3.20780000000000000000e+005	1.12420450019999994934e-004	0.00000000000000000000e+000	1.13348114010000003304e+002	0.00000000000000000000e+000	-4.45540900093569088806e-005	0.00000000000000000000e+000	1.03214779204033766324e-004	0.00000000000000000000e+000	7.75000008777715265751e+000	1	1
3.20787250000000000000e+005	0.00000000000000000000e+000	3.20782000000000000000e+005	1.12469075249999994181e-004	0.00000000000000000000e+000	1.13333221440000002644e+002	0.00000000000000000000e+000	-4.45465198485337437280e-005	0.00000000000000000000e+000	1.03271004918972043657e-004	0.00000000000000000000e+000	7.92900008778087794781e+000	1	1
3.20788625000000000000e+005	0.00000000000000000000e+000	3.20784000000000000000e+005	1.12523579450000006099e-004	0.00000000000000000000e+000	1.13344024660000002314e+002	0.00000000000000000000e+000	-4.45875883332088975334e-005	0.00000000000000000000e+000	1.03312646364657397544e-004	0.00000000000000000000e+000	8.10500008775852620602e+000	1	1
3.20790625000000000000e+005	0.00000000000000000000e+000	3.20786000000000000000e+005	1.12574045490000001265e-004	0.00000000000000000000e+000	1.13319824220000000992e+002	0.00000000000000000000e+000	-4.45639250848356931580e-005	0.00000000000000000000e+000	1.03377813378972867992e-004	0.00000000000000000000e+000	8.28200008778367191553e+000	1	1
3.20792343750000000000e+005	0.00000000000000000000e+000	3.20788000000000000000e+005	1.12623245509999993599e-004	0.00000000000000000000e+000	1.13330902100000002974e+002	0.00000000000000000000e+000	-4.46033970982827904120e-005	0.00000000000000000000e+000	1.03414372291759482743e-004	0.00000000000000000000e+000	8.45800008776132017374e+000	1	1
3.20795031250000000000e+005	0.00000000000000000000e+000	3.20790000000000000000e+005	1.12670430099999998208e-004	0.00000000000000000000e+000	1.13324401859999994713e+002	0.00000000000000000000e+000	-4.46103464958134407004e-005	0.00000000000000000000e+000	1.03462760471787382460e-004	0.00000000000000000000e+000	8.63600008771754801273e+000	1	1
3.20796843750000000000e+005	0.00000000000000000000e+000	3.20792000000000000000e+005	1.12723668279999993743e-004	0.00000000000000000000e+000	1.13308525090000003388e+002	0.00000000000000000000e+000	-4.46027404514257706119e-005	0.00000000000000000000e+000	1.03524011392151064101e-004	0.00000000000000000000e+000	8.81300008774269372225e+000	1	1
3.20799843750000000000e+005	0.00000000000000000000e+000	3.20794000000000000000e+005	1.12795503810000005414e-004	0.00000000000000000000e+000	1.13306671140000005948e+002	0.00000000000000000000e+000	-4.46278125469876186583e-005	0.00000000000000000000e+000	1.03591428347246281797e-004	0.00000000000000000000e+000	8.98800008778925985098e+000	1	1
3.20801250000000000000e+005	0.00000000000000000000e+000	3.20796000000000000000e+005	1.12826361149999995076e-004	0.00000000000000000000e+000	1.13295166019999996365e+002	0.00000000000000000000e+000	-4.46192133484416025195e-005	0.00000000000000000000e+000	1.03628729464933991419e-004	0.00000000000000000000e+000	9.16800008772406727076e+000	1	1
3.20802875000000000000e+005	0.00000000000000000000e+000	3.20798000000000000000e+005	1.12885041739999993451e-004	0.00000000000000000000e+000	1.13288841250000004379e+002	0.00000000000000000000e+000	-4.46309740470876142046e-005	0.00000000000000000000e+000	1.03687553757670115353e-004	0.00000000000000000000e+000	9.34600008768029510975e+000	1	1
3.20805375000000000000e+005	0.00000000000000000000e+000	3.20800000000000000000e+005	1.12940368129999993809e-004	0.00000000000000000000e+000	1.13287628170000004957e+002	0.00000000000000000000e+000	-4.46506518695584893644e-005	0.00000000000000000000e+000	1.03739317719770120728e-004	0.00000000000000000000e+000	9.52100008772686123848e+000	1	1
3.20807062500000000000e+005	0.00000000000000000000e+000	3.20802000000000000000e+005	1.13008900370000005156e-004	0.00000000000000000000e+000	1.13270896910000004709e+002	0.00000000000000000000e+000	-4.46474321122738881831e-005	0.00000000000000000000e+000	1.03815308931854959214e-004	0.00000000000000000000e+000	9.70000008773058652878e+000	1	1
3.20809718750000000000e+005	0.00000000000000000000e+000	3.20804000000000000000e+005	1.13063048049999998585e-004	0.00000000000000000000e+000	1.13276412960000001817e+002	0.00000000000000000000e+000	-4.46788239353962911282e-005	0.00000000000000000000e+000	1.03860750652527385803e-004	0.00000000000000000000e+000	9.87700008775573223829e+000	1	1
3.20810562500000000000e+005	0.00000000000000000000e+000	3.20806000000000000000e+005	1.13123409390000003068e-004	0.00000000000000000000e+000	1.13262130740000003470e+002	0.00000000000000000000e+000	-4.46767720032200218094e-005	0.00000000000000000000e+000	1.03927339018132451468e-004	0.00000000000000000000e+000	1.00540000877808779478e+001	1	1
3.20812906250000000000e+005	0.00000000000000000000e+000	3.20808000000000000000e+005	1.13184207290000003829e-004	0.00000000000000000000e+000	1.13254783630000005701e+002	0.00000000000000000000e+000	-4.46874491618803925189e-005	0.00000000000000000000e+000	1.03988925695335673546e-004	0.00000000000000000000e+000	1.02300000877585262060e+001	1	1
3.20815343750000000000e+005	0.00000000000000000000e+000	3.20810000000000000000e+005	1.13231129940000003965e-004	0.00000000000000000000e+000	1.13247970580000000496e+002	0.00000000000000000000e+000	-4.46936044062708347940e-005	0.00000000000000000000e+000	1.04037351526578821588e-004	0.00000000000000000000e+000	1.04090000877622514963e+001	1	1
3.20816593750000000000e+005	0.00000000000000000000e+000	3.20812000000000000000e+005	1.13314730699999997757e-004	0.00000000000000000000e+000	1.13226425169999998843e+002	0.00000000000000000000e+000	-4.46874484908367411006e-005	0.00000000000000000000e+000	1.04130975895707107303e-004	0.00000000000000000000e+000	1.05950000877492129803e+001	1	1
3.20818906250000000000e+005	0.00000000000000000000e+000	3.20814000000000000000e+005	1.13366550070000005209e-004	0.00000000000000000000e+000	1.13221931459999993308e+002	0.00000000000000000000e+000	-4.46997134071674067464e-005	0.00000000000000000000e+000	1.04182101611029702794e-004	0.00000000000000000000e+000	1.07710000877268612385e+001	1	1
3.20821187500000000000e+005	0.00000000000000000000e+000	3.20816000000000000000e+005	1.13423615400000003589e-004	0.00000000000000000000e+000	1.13216857910000001652e+002	0.00000000000000000000e+000	-4.47129837458380062455e-005	0.00000000000000000000e+000	1.04238503514543726244e-004	0.00000000000000000000e+000	1.09470000877045094967e+001	1	1
3.20822781250000000000e+005	0.00000000000000000000e+000	3.20818000000000000000e+005	1.13494294060000004546e-004	0.00000000000000000000e+000	1.13204887389999996117e+002	0.00000000000000000000e+000	-4.47190535679355317565e-005	0.00000000000000000000e+000	1.04312803778663080361e-004	0.00000000000000000000e+000	1.11210000877035781741e+001	1	1
3.20824906250000000000e+005	0.00000000000000000000e+000	3.20820000000000000000e+005	1.13565685749999998612e-004	0.00000000000000000000e+000	1.13193176269999995043e+002	0.00000000000000000000e+000	-4.47258477085626774978e-005	0.00000000000000000000e+000	1.04387564041978734035e-004	0.00000000000000000000e+000	1.12980000877287238836e+001	1	1
3.20827281250000000000e+005	0.00000000000000000000e+000	3.20822000000000000000e+005	1.13637215689999995913e-004	0.00000000000000000000e+000	1.13191474909999996612e+002	0.00000000000000000000e+000	-4.47509168259985603069e-005	0.00000000000000000000e+000	1.04454641988798859289e-004	0.00000000000000000000e+000	1.14770000877324491739e+001	1	1
3.20828937500000000000e+005	0.00000000000000000000e+000	3.20824000000000000000e+005	1.13731934110000002295e-004	0.00000000000000000000e+000	1.13172882079999993721e+002	0.00000000000000000000e+000	-4.47542906457149255507e-005	0.00000000000000000000e+000	1.04556235133062509009e-004	0.00000000000000000000e+000	1.16530000877100974321e+001	1	1
3.20830156250000000000e+005	0.00000000000000000000e+000	3.20826000000000000000e+005	1.13805079309999999590e-004	0.00000000000000000000e+000	1.13169235229999998182e+002	0.00000000000000000000e+000	-4.47764144531757917649e-005	0.00000000000000000000e+000	1.04626329312811216393e-004	0.00000000000000000000e+000	1.18290000876877456903e+001	1	1
3.20833125000000000000e+005	0.00000000000000000000e+000	3.20828000000000000000e+005	1.13862268340000002422e-004	0.00000000000000000000e+000	1.13155197139999998512e+002	0.00000000000000000000e+000	-4.47732665635733857539e-005	0.00000000000000000000e+000	1.04689878941363620295e-004	0.00000000000000000000e+000	1.20050000877818092704e+001	1	1
3.20835000000000000000e+005	0.00000000000000000000e+000	3.20830000000000000000e+005	1.13949790829999999522e-004	0.00000000000000000000e+000	1.13131423949999998513e+002	0.00000000000000000000e+000	-4.47642072075542292605e-005	0.00000000000000000000e+000	1.04788933496242355706e-004	0.00000000000000000000e+000	1.21790000877808779478e+001	1	1
3.20837125000000000000e+005	0.00000000000000000000e+000	3.20832000000000000000e+005	1.14022404890000000075e-004	0.00000000000000000000e+000	1.13132736210000004462e+002	0.00000000000000000000e+000	-4.47951345496427563459e-005	0.00000000000000000000e+000	1.04854683908628984294e-004	0.00000000000000000000e+000	1.23520000877324491739e+001	1	1
3.20839187500000000000e+005	0.00000000000000000000e+000	3.20834000000000000000e+005	1.14099872009999994834e-004	0.00000000000000000000e+000	1.13119125370000006114e+002	0.00000000000000000000e+000	-4.48006416473980065025e-005	0.00000000000000000000e+000	1.04936567985997183331e-004	0.00000000000000000000e+000	1.25290000877575948834e+001	1	1
3.20840437500000000000e+005	0.00000000000000000000e+000	3.20836000000000000000e+005	1.14203299739999995831e-004	0.00000000000000000000e+000	1.13104362489999999752e+002	0.00000000000000000000e+000	-4.48141878919542348205e-005	0.00000000000000000000e+000	1.05043239835264539989e-004	0.00000000000000000000e+000	1.27070000877138227224e+001	1	1
3.20842906250000000000e+005	0.00000000000000000000e+000	3.20838000000000000000e+005	1.14283786389999996651e-004	0.00000000000000000000e+000	1.13087158200000004626e+002	0.00000000000000000000e+000	-4.48142056845389960399e-005	0.00000000000000000000e+000	1.05130731950743035565e-004	0.00000000000000000000e+000	1.28770000877557322383e+001	1	1
3.20845125000000000000e+005	0.00000000000000000000e+000	3.20840000000000000000e+005	1.14375667179999996551e-004	0.00000000000000000000e+000	1.13066001889999995456e+002	0.00000000000000000000e+000	-4.48113814818070150311e-005	0.00000000000000000000e+000	1.05231807608546250516e-004	0.00000000000000000000e+000	1.30540000877808779478e+001	1	1
3.20846625000000000000e+005	0.00000000000000000000e+000	3.20842000000000000000e+005	1.14472903080000006602e-004	0.00000000000000000000e+000	1.13053123470000002726e+002	0.00000000000000000000e+000	-4.48258033713563289364e-005	0.00000000000000000000e+000	1.05331348095785687748e-004	0.00000000000000000000e+000	1.32290000877110287547e+001	1	1
3.20849343750000000000e+005	0.00000000000000000000e+000	3.20844000000000000000e+005	1.14554655739999993488e-004	0.00000000000000000000e+000	1.13045272830000001818e+002	0.00000000000000000000e+000	-4.48433732595477250126e-005	0.00000000000000000000e+000	1.05412717574374269138e-004	0.00000000000000000000e+000	1.34080000877147540450e+001	1	1
3.20850718750000000000e+005	0.00000000000000000000e+000	3.20846000000000000000e+005	1.14661423140000000146e-004	0.00000000000000000000e+000	1.13030982969999996612e+002	0.00000000000000000000e+000	-4.48588518781220356316e-005	0.00000000000000000000e+000	1.05522155799940111948e-004	0.00000000000000000000e+000	1.35840000876924023032e+001	1	1
3.20853781250000000000e+005	0.00000000000000000000e+000	3.20848000000000000000e+005	1.14748821939999996007e-004	0.00000000000000000000e+000	1.13003372189999993225e+002	0.00000000000000000000e+000	-4.48421498127716939533e-005	0.00000000000000000000e+000	1.05624209993669362006e-004	0.00000000000000000000e+000	1.37590000877389684319e+001	1	1
3.20855125000000000000e+005	0.00000000000000000000e+000	3.20850000000000000000e+005	1.14859474709999993510e-004	0.00000000000000000000e+000	1.12986671450000002892e+002	0.00000000000000000000e+000	-4.48545720402296257262e-005	0.00000000000000000000e+000	1.05739142694391931917e-004	0.00000000000000000000e+000	1.39370000876951962709e+001	1	1
3.20857250000000000000e+005	0.00000000000000000000e+000	3.20852000000000000000e+005	1.14944828970000000870e-004	0.00000000000000000000e+000	1.12972496030000002065e+002	0.00000000000000000000e+000	-4.48617228285633714321e-005	0.00000000000000000000e+000	1.05828821838834186359e-004	0.00000000000000000000e+000	1.41120000877417623997e+001	1	1
3.20859593750000000000e+005	0.00000000000000000000e+000	3.20854000000000000000e+005	1.15065864520000004875e-004	0.00000000000000000000e+000	1.12945449830000001157e+002	0.00000000000000000000e+000	-4.48589480984590518900e-005	0.00000000000000000000e+000	1.05961445598079455452e-004	0.00000000000000000000e+000	1.42890000877669081092e+001	1	1
3.20861625000000000000e+005	0.00000000000000000000e+000	3.20856000000000000000e+005	1.15185357570000006006e-004	0.00000000000000000000e+000	1.12926292419999995786e+002	0.00000000000000000000e+000	-4.48700644472707171851e-005	0.00000000000000000000e+000	1.06086492613463896227e-004	0.00000000000000000000e+000	1.44640000876970589161e+001	1	1
3.20863187500000000000e+005	0.00000000000000000000e+000	3.20858000000000000000e+005	1.15282571639999995949e-004	0.00000000000000000000e+000	1.12907188419999997109e+002	0.00000000000000000000e+000	-4.48725293340511126468e-005	0.00000000000000000000e+000	1.06190995075366220041e-004	0.00000000000000000000e+000	1.46410000877222046256e+001	1	1
3.20865312500000000000e+005	0.00000000000000000000e+000	3.20860000000000000000e+005	1.15385199020000004722e-004	0.00000000000000000000e+000	1.12879234310000001074e+002	0.00000000000000000000e+000	-4.48606148400486595316e-005	0.00000000000000000000e+000	1.06307428663559615169e-004	0.00000000000000000000e+000	1.48170000876998528838e+001	1	1
3.20867218750000000000e+005	0.00000000000000000000e+000	3.20862000000000000000e+005	1.15532151539999994728e-004	0.00000000000000000000e+000	1.12864372250000002396e+002	0.00000000000000000000e+000	-4.48901366009405662139e-005	0.00000000000000000000e+000	1.06454467616020796109e-004	0.00000000000000000000e+000	1.49930000877939164639e+001	1	1
3.20868718750000000000e+005	0.00000000000000000000e+000	3.20864000000000000000e+005	1.15658585859999994889e-004	0.00000000000000000000e+000	1.12839942930000006527e+002	0.00000000000000000000e+000	-4.48938198198014061860e-005	0.00000000000000000000e+000	1.06590118796829369280e-004	0.00000000000000000000e+000	1.51720000876812264323e+001	1	1
3.20870593750000000000e+005	0.00000000000000000000e+000	3.20866000000000000000e+005	1.15779163019999996060e-004	0.00000000000000000000e+000	1.12808746339999999009e+002	0.00000000000000000000e+000	-4.48825191316435715924e-005	0.00000000000000000000e+000	1.06725695434648661770e-004	0.00000000000000000000e+000	1.53510000876849517226e+001	1	1
3.20872562500000000000e+005	0.00000000000000000000e+000	3.20868000000000000000e+005	1.15920702229999994341e-004	0.00000000000000000000e+000	1.12785354609999998843e+002	0.00000000000000000000e+000	-4.48937585637028781834e-005	0.00000000000000000000e+000	1.06874504197775253259e-004	0.00000000000000000000e+000	1.55260000877315178514e+001	1	1
3.20874125000000000000e+005	0.00000000000000000000e+000	3.20870000000000000000e+005	1.16043644080000000378e-004	0.00000000000000000000e+000	1.12757492069999997852e+002	0.00000000000000000000e+000	-4.48893387107545833721e-005	0.00000000000000000000e+000	1.07009693960299087992e-004	0.00000000000000000000e+000	1.57050000877352431417e+001	1	1
3.20877031250000000000e+005	0.00000000000000000000e+000	3.20872000000000000000e+005	1.16188195529999993734e-004	0.00000000000000000000e+000	1.12723342900000005784e+002	0.00000000000000000000e+000	-4.48813889100241794725e-005	0.00000000000000000000e+000	1.07169761173684944459e-004	0.00000000000000000000e+000	1.58820000877603888512e+001	1	1
3.20879437500000000000e+005	0.00000000000000000000e+000	3.20874000000000000000e+005	1.16315088229999993516e-004	0.00000000000000000000e+000	1.12682464600000002974e+002	0.00000000000000000000e+000	-4.48538488838323397626e-005	0.00000000000000000000e+000	1.07318833343728704333e-004	0.00000000000000000000e+000	1.60640000877901911736e+001	1	1
3.20881312500000000000e+005	0.00000000000000000000e+000	3.20876000000000000000e+005	1.16444323790000005161e-004	0.00000000000000000000e+000	1.12652786250000005452e+002	0.00000000000000000000e+000	-4.48480278493668232920e-005	0.00000000000000000000e+000	1.07461318347267539928e-004	0.00000000000000000000e+000	1.62380000877892598510e+001	1	1
3.20882937500000000000e+005	0.00000000000000000000e+000	3.20878000000000000000e+005	1.16622446510000003761e-004	0.00000000000000000000e+000	1.12625839229999996860e+002	0.00000000000000000000e+000	-4.48660081825013348734e-005	0.00000000000000000000e+000	1.07646812956750073838e-004	0.00000000000000000000e+000	1.64160000877454876900e+001	1	1
3.20884437500000000000e+005	0.00000000000000000000e+000	3.20880000000000000000e+005	1.16772091130000002794e-004	0.00000000000000000000e+000	1.12587554929999996034e+002	0.00000000000000000000e+000	-4.48515476765566273635e-005	0.00000000000000000000e+000	1.07814933742457927878e-004	0.00000000000000000000e+000	1.65950000877492129803e+001	1	1
3.20887562500000000000e+005	0.00000000000000000000e+000	3.20882000000000000000e+005	1.16938354040000005258e-004	0.00000000000000000000e+000	1.12544891359999994052e+002	0.00000000000000000000e+000	-4.48350005080293961823e-005	0.00000000000000000000e+000	1.08001858201742944893e-004	0.00000000000000000000e+000	1.67750000876840204000e+001	1	1
3.20888781250000000000e+005	0.00000000000000000000e+000	3.20884000000000000000e+005	1.17103794760000005730e-004	0.00000000000000000000e+000	1.12499481200000005288e+002	0.00000000000000000000e+000	-4.48126988626831344940e-005	0.00000000000000000000e+000	1.08190206432165949972e-004	0.00000000000000000000e+000	1.69530000877566635609e+001	1	1
3.20890875000000000000e+005	0.00000000000000000000e+000	3.20886000000000000000e+005	1.17272749779999993329e-004	0.00000000000000000000e+000	1.12461517330000006609e+002	0.00000000000000000000e+000	-4.48055542199442114848e-005	0.00000000000000000000e+000	1.08376012807291110022e-004	0.00000000000000000000e+000	1.71310000877128913999e+001	1	1
3.20893031250000000000e+005	0.00000000000000000000e+000	3.20888000000000000000e+005	1.17484087240000002576e-004	0.00000000000000000000e+000	1.12405235289999993142e+002	0.00000000000000000000e+000	-4.47796264078629304957e-005	0.00000000000000000000e+000	1.08615357171019596971e-004	0.00000000000000000000e+000	1.73140000877901911736e+001	1	1
3.20894312500000000000e+005	0.00000000000000000000e+000	3.20890000000000000000e+005	1.17647272420000003853e-004	0.00000000000000000000e+000	1.12354766850000004297e+002	0.00000000000000000000e+000	-4.47460021552229417576e-005	0.00000000000000000000e+000	1.08805679994155072264e-004	0.00000000000000000000e+000	1.74890000877203419805e+001	1	1
3.20896906250000000000e+005	0.00000000000000000000e+000	3.20892000000000000000e+005	1.17843876069999994806e-004	0.00000000000000000000e+000	1.12301856990000004544e+002	0.00000000000000000000e+000	-4.47201147050041336226e-005	0.00000000000000000000e+000	1.09028851539272810954e-004	0.00000000000000000000e+000	1.76680000877240672708e+001	1	1
3.20899125000000000000e+005	0.00000000000000000000e+000	3.20894000000000000000e+005	1.18048221340000004118e-004	0.00000000000000000000e+000	1.12259544370000000413e+002	0.00000000000000000000e+000	-4.47169918601021245471e-005	0.00000000000000000000e+000	1.09250964300189096125e-004	0.00000000000000000000e+000	1.78480000877752900124e+001	1	1
3.20901531250000000000e+005	0.00000000000000000000e+000	3.20896000000000000000e+005	1.18241601739999999642e-004	0.00000000000000000000e+000	1.12199455259999993473e+002	0.00000000000000000000e+000	-4.46754553293269042187e-005	0.00000000000000000000e+000	1.09476847201397286180e-004	0.00000000000000000000e+000	1.80230000877054408193e+001	1	1
3.20903312500000000000e+005	0.00000000000000000000e+000	3.20898000000000000000e+005	1.18471725730000005273e-004	0.00000000000000000000e+000	1.12118675229999993803e+002	0.00000000000000000000e+000	-4.46077097518036362177e-005	0.00000000000000000000e+000	1.09752913529177843267e-004	0.00000000000000000000e+000	1.81990000876830890775e+001	1	1
3.20905406250000000000e+005	0.00000000000000000000e+000	3.20900000000000000000e+005	1.18705203929999998582e-004	0.00000000000000000000e+000	1.12058822629999994547e+002	0.00000000000000000000e+000	-4.45807194712826776939e-005	0.00000000000000000000e+000	1.10015839275468346411e-004	0.00000000000000000000e+000	1.83780000876868143678e+001	1	1
3.20906343750000000000e+005	0.00000000000000000000e+000	3.20902000000000000000e+005	1.18933465269999998526e-004	0.00000000000000000000e+000	1.11982238769999995043e+002	0.00000000000000000000e+000	-4.45190706508950313379e-005	0.00000000000000000000e+000	1.10286996103397947526e-004	0.00000000000000000000e+000	1.85530000877333804965e+001	1	1
3.20908875000000000000e+005	0.00000000000000000000e+000	3.20904000000000000000e+005	1.19196942250000004486e-004	0.00000000000000000000e+000	1.11906005859999993390e+002	0.00000000000000000000e+000	-4.44705920690310495171e-005	0.00000000000000000000e+000	1.10590584964451968831e-004	0.00000000000000000000e+000	1.87300000877585262060e+001	1	1
3.20910937500000000000e+005	0.00000000000000000000e+000	3.20906000000000000000e+005	1.19436299430000000127e-004	0.00000000000000000000e+000	1.11819343570000000909e+002	0.00000000000000000000e+000	-4.43922329041498620245e-005	0.00000000000000000000e+000	1.10879931815077931515e-004	0.00000000000000000000e+000	1.89080000877147540450e+001	1	1
3.20913281250000000000e+005	0.00000000000000000000e+000	3.20908000000000000000e+005	1.19705408000000002727e-004	0.00000000000000000000e+000	1.11726470950000006610e+002	0.00000000000000000000e+000	-4.43120632471987230846e-005	0.00000000000000000000e+000	1.11201734497366202473e-004	0.00000000000000000000e+000	1.90820000877138227224e+001	1	1
3.20915500000000000000e+005	0.00000000000000000000e+000	3.20910000000000000000e+005	1.19992982949999998899e-004	0.00000000000000000000e+000	1.11622756960000003801e+002	0.00000000000000000000e+000	-4.42166684578411680142e-005	0.00000000000000000000e+000	1.11549102137705898031e-004	0.00000000000000000000e+000	1.92580000876914709806e+001	1	1
3.20916281250000000000e+005	0.00000000000000000000e+000	3.20912000000000000000e+005	1.20270444310000004730e-004	0.00000000000000000000e+000	1.11523780819999998926e+002	0.00000000000000000000e+000	-4.41257030838790485707e-005	0.00000000000000000000e+000	1.11883430863904788713e-004	0.00000000000000000000e+000	1.94330000877380371094e+001	1	1
3.20919718750000000000e+005	0.00000000000000000000e+000	3.20914000000000000000e+005	1.20554286700000001732e-004	0.00000000000000000000e+000	1.11398307799999997769e+002	0.00000000000000000000e+000	-4.39841416976090136695e-005	0.00000000000000000000e+000	1.12244070314963410645e-004	0.00000000000000000000e+000	1.96100000877631828189e+001	1	1
3.20921312500000000000e+005	0.00000000000000000000e+000	3.20916000000000000000e+005	1.20886565130000000969e-004	0.00000000000000000000e+000	1.11260108950000002892e+002	0.00000000000000000000e+000	-4.38337634887811270433e-005	0.00000000000000000000e+000	1.12659499410122231500e-004	0.00000000000000000000e+000	1.97840000877622514963e+001	1	1
3.20922656250000000000e+005	0.00000000000000000000e+000	3.20918000000000000000e+005	1.21200755530000004573e-004	0.00000000000000000000e+000	1.11119995119999998678e+002	0.00000000000000000000e+000	-4.36713396106981678623e-005	0.00000000000000000000e+000	1.13059441169899172201e-004	0.00000000000000000000e+000	1.99590000876924023032e+001	1	1
3.20924312500000000000e+005	0.00000000000000000000e+000	3.20920000000000000000e+005	1.21559976830000005064e-004	0.00000000000000000000e+000	1.10956710819999997852e+002	0.00000000000000000000e+000	-4.34774403890272038531e-005	0.00000000000000000000e+000	1.13518897740106354142e-004	0.00000000000000000000e+000	2.01320000877603888512e+001	1	1
3.20927750000000000000e+005	0.00000000000000000000e+000	3.20922000000000000000e+005	1.21913224580000005971e-004	0.00000000000000000000e+000	1.10784942630000003305e+002	0.00000000000000000000e+000	-4.32622788375268462011e-005	0.00000000000000000000e+000	1.13978987349763700781e-004	0.00000000000000000000e+000	2.03070000876905396581e+001	1	1
3.20929218750000000000e+005	0.00000000000000000000e+000	3.20924000000000000000e+005	1.22277473570000009238e-004	0.00000000000000000000e+000	1.10597854609999998843e+002	0.00000000000000000000e+000	-4.30180182483299851457e-005	0.00000000000000000000e+000	1.14460607409922474672e-004	0.00000000000000000000e+000	2.04830000877846032381e+001	1	1
3.20931625000000000000e+005	0.00000000000000000000e+000	3.20926000000000000000e+005	1.22682220539999987680e-004	0.00000000000000000000e+000	1.10396621699999997190e+002	0.00000000000000000000e+000	-4.27568089643993491590e-005	0.00000000000000000000e+000	1.14990358394984813718e-004	0.00000000000000000000e+000	2.06580000877147540450e+001	1	1
3.20933187500000000000e+005	0.00000000000000000000e+000	3.20928000000000000000e+005	1.23059609900000012589e-004	0.00000000000000000000e+000	1.10174682619999998678e+002	0.00000000000000000000e+000	-4.24412217182127210154e-005	0.00000000000000000000e+000	1.15509351516687551594e-004	0.00000000000000000000e+000	2.08330000877613201737e+001	1	1
3.20934843750000000000e+005	0.00000000000000000000e+000	3.20930000000000000000e+005	1.23459220050000002562e-004	0.00000000000000000000e+000	1.09915969849999996200e+002	0.00000000000000000000e+000	-4.20553449445425304369e-005	0.00000000000000000000e+000	1.16075522729599896654e-004	0.00000000000000000000e+000	2.10090000877389684319e+001	1	1
3.20937500000000000000e+005	0.00000000000000000000e+000	3.20932000000000000000e+005	1.23891615660000001123e-004	0.00000000000000000000e+000	1.09630668639999996117e+002	0.00000000000000000000e+000	-4.16221000183509374517e-005	0.00000000000000000000e+000	1.16690758935348210023e-004	0.00000000000000000000e+000	2.11870000876951962709e+001	1	1
3.20939500000000000000e+005	0.00000000000000000000e+000	3.20934000000000000000e+005	1.24315818539999999818e-004	0.00000000000000000000e+000	1.09318107600000004709e+002	0.00000000000000000000e+000	-4.11252418544886898634e-005	0.00000000000000000000e+000	1.17316397923223071881e-004	0.00000000000000000000e+000	2.13600000877631828189e+001	1	1
3.20941718750000000000e+005	0.00000000000000000000e+000	3.20936000000000000000e+005	1.24754558780000004894e-004	0.00000000000000000000e+000	1.08966651920000003884e+002	0.00000000000000000000e+000	-4.05474453603711911605e-005	0.00000000000000000000e+000	1.17981374000899769811e-004	0.00000000000000000000e+000	2.15340000877622514963e+001	1	1
3.20943968750000000000e+005	0.00000000000000000000e+000	3.20938000000000000000e+005	1.25183447380000000210e-004	0.00000000000000000000e+000	1.08561668400000002066e+002	0.00000000000000000000e+000	-3.98490381990705995062e-005	0.00000000000000000000e+000	1.18671604238546637934e-004	0.00000000000000000000e+000	2.17120000877184793353e+001	1	1
3.20945500000000000000e+005	0.00000000000000000000e+000	3.20940000000000000000e+005	1.25579157609999987003e-004	0.00000000000000000000e+000	1.08105262760000002231e+002	0.00000000000000000000e+000	-3.90254442852539315404e-005	0.00000000000000000000e+000	1.19361382047862365249e-004	0.00000000000000000000e+000	2.18900000877911224961e+001	1	1
3.20947500000000000000e+005	0.00000000000000000000e+000	3.20942000000000000000e+005	1.26043931230000012204e-004	0.00000000000000000000e+000	1.07610115050000004544e+002	0.00000000000000000000e+000	-3.81330955880598899987e-005	0.00000000000000000000e+000	1.20137170021541881066e-004	0.00000000000000000000e+000	2.20580000877380371094e+001	1	1
3.20949343750000000000e+005	0.00000000000000000000e+000	3.20944000000000000000e+005	1.26398648720000005312e-004	0.00000000000000000000e+000	1.07051803590000005784e+002	0.00000000000000000000e+000	-3.70646583086682414126e-005	0.00000000000000000000e+000	1.20842167734212837236e-004	0.00000000000000000000e+000	2.22310000876896083355e+001	1	1
3.20951031250000000000e+005	0.00000000000000000000e+000	3.20946000000000000000e+005	1.26747283500000003506e-004	0.00000000000000000000e+000	1.06415374760000005949e+002	0.00000000000000000000e+000	-3.58186351346133341868e-005	0.00000000000000000000e+000	1.21580834228602062451e-004	0.00000000000000000000e+000	2.24080000877147540450e+001	1	1
3.20952875000000000000e+005	0.00000000000000000000e+000	3.20948000000000000000e+005	1.26971222930000009199e-004	0.00000000000000000000e+000	1.05686172490000004132e+002	0.00000000000000000000e+000	-3.43289652556162954052e-005	0.00000000000000000000e+000	1.22242437789903585265e-004	0.00000000000000000000e+000	2.25830000877613201737e+001	1	1
3.20955375000000000000e+005	0.00000000000000000000e+000	3.20950000000000000000e+005	1.27127830639999997052e-004	0.00000000000000000000e+000	1.04870048519999997438e+002	0.00000000000000000000e+000	-3.26245040821191903792e-005	0.00000000000000000000e+000	1.22870366877568602381e-004	0.00000000000000000000e+000	2.27590000877389684319e+001	1	1
3.20956843750000000000e+005	0.00000000000000000000e+000	3.20952000000000000000e+005	1.27121122199999988167e-004	0.00000000000000000000e+000	1.03959342960000000744e+002	0.00000000000000000000e+000	-3.06658457270564123150e-005	0.00000000000000000000e+000	1.23366874059577697224e-004	0.00000000000000000000e+000	2.29390000877901911736e+001	1	1
3.20959125000000000000e+005	0.00000000000000000000e+000	3.20954000000000000000e+005	1.26901839390000008637e-004	0.00000000000000000000e+000	1.02929328920000003222e+002	0.00000000000000000000e+000	-2.83941626687613814760e-005	0.00000000000000000000e+000	1.23684471001436871495e-004	0.00000000000000000000e+000	2.31140000877203419805e+001	1	1
3.20961500000000000000e+005	0.00000000000000000000e+000	3.20956000000000000000e+005	1.26374972749999995832e-004	0.00000000000000000000e+000	1.01808395390000001157e+002	0.00000000000000000000e+000	-2.58613050022643761185e-005	0.00000000000000000000e+000	1.23700552307348644009e-004	0.00000000000000000000e+000	2.32920000877929851413e+001	1	1
3.20962562500000000000e+005	0.00000000000000000000e+000	3.20958000000000000000e+005	1.25544916950000008888e-004	0.00000000000000000000e+000	1.00672554020000006858e+002	0.00000000000000000000e+000	-2.32504002185586206974e-005	0.00000000000000000000e+000	1.23373194258960669142e-004	0.00000000000000000000e+000	2.34690000877017155290e+001	1	1
3.20964343750000000000e+005	0.00000000000000000000e+000	3.20960000000000000000e+005	1.24374157170000008803e-004	0.00000000000000000000e+000	9.95659790039999990086e+001	0.00000000000000000000e+000	-2.06688985422281775611e-005	0.00000000000000000000e+000	1.22644721063725126902e-004	0.00000000000000000000e+000	2.36440000877482816577e+001	1	1
3.20967781250000000000e+005	0.00000000000000000000e+000	3.20962000000000000000e+005	1.22858240500000009780e-004	0.00000000000000000000e+000	9.85339965820000003305e+001	0.00000000000000000000e+000	-1.82316949099698979661e-005	0.00000000000000000000e+000	1.21497952902366299402e-004	0.00000000000000000000e+000	2.38220000877045094967e+001	1	1
3.20968625000000000000e+005	0.00000000000000000000e+000	3.20964000000000000000e+005	1.20989461720000005224e-004	0.00000000000000000000e+000	9.75975494380000014871e+001	0.00000000000000000000e+000	-1.59964966597074138822e-005	0.00000000000000000000e+000	1.19927319414349101904e-004	0.00000000000000000000e+000	2.39970000877510756254e+001	1	1
3.20971093750000000000e+005	0.00000000000000000000e+000	3.20966000000000000000e+005	1.18846866829999998102e-004	0.00000000000000000000e+000	9.67818832399999990912e+001	0.00000000000000000000e+000	-1.40346218635213331735e-005	0.00000000000000000000e+000	1.18015283520634406693e-004	0.00000000000000000000e+000	2.41710000877501443028e+001	1	1
3.20972937500000000000e+005	0.00000000000000000000e+000	3.20968000000000000000e+005	1.16643481309999994780e-004	0.00000000000000000000e+000	9.61302337649999998348e+001	0.00000000000000000000e+000	-1.24562079557000901080e-005	0.00000000000000000000e+000	1.15976483027727098507e-004	0.00000000000000000000e+000	2.43470000877277925611e+001	1	1
3.20975281250000000000e+005	0.00000000000000000000e+000	3.20970000000000000000e+005	1.14304959419999998030e-004	0.00000000000000000000e+000	9.56345138549999944644e+001	0.00000000000000000000e+000	-1.12227305806915283933e-005	0.00000000000000000000e+000	1.13752688171845224270e-004	0.00000000000000000000e+000	2.45220000877743586898e+001	1	1
3.20977312500000000000e+005	0.00000000000000000000e+000	3.20972000000000000000e+005	1.11895562439999994835e-004	0.00000000000000000000e+000	9.53115005490000015698e+001	0.00000000000000000000e+000	-1.03582193932430354909e-005	0.00000000000000000000e+000	1.11415098549367996470e-004	0.00000000000000000000e+000	2.47000000877305865288e+001	1	1
3.20978562500000000000e+005	0.00000000000000000000e+000	3.20974000000000000000e+005	1.09564825830000002450e-004	0.00000000000000000000e+000	9.51703414920000057009e+001	0.00000000000000000000e+000	-9.87365687570771250370e-006	0.00000000000000000000e+000	1.09119026567592808190e-004	0.00000000000000000000e+000	2.48750000877771526575e+001	1	1
3.20981593750000000000e+005	0.00000000000000000000e+000	3.20976000000000000000e+005	1.07239342469999998425e-004	0.00000000000000000000e+000	9.51876678470000001653e+001	0.00000000000000000000e+000	-9.69638821145155468300e-006	0.00000000000000000000e+000	1.06800077851332904551e-004	0.00000000000000000000e+000	2.50500000877073034644e+001	1	1
3.20983343750000000000e+005	0.00000000000000000000e+000	3.20978000000000000000e+005	1.05130464360000001130e-004	0.00000000000000000000e+000	9.53279418949999950428e+001	0.00000000000000000000e+000	-9.76200925150974747630e-006	0.00000000000000000000e+000	1.04676251900431881506e-004	0.00000000000000000000e+000	2.52280000877799466252e+001	1	1
3.20985875000000000000e+005	0.00000000000000000000e+000	3.20980000000000000000e+005	1.03242135079999999749e-004	0.00000000000000000000e+000	9.56007614140000043790e+001	0.00000000000000000000e+000	-1.00760294484799566679e-005	0.00000000000000000000e+000	1.02749268057881232188e-004	0.00000000000000000000e+000	2.54030000877100974321e+001	1	1
3.20986875000000000000e+005	0.00000000000000000000e+000	3.20982000000000000000e+005	1.01369150799999994408e-004	0.00000000000000000000e+000	9.60055160520000043789e+001	0.00000000000000000000e+000	-1.06056643031793081409e-005	0.00000000000000000000e+000	1.00812819713573179189e-004	0.00000000000000000000e+000	2.55770000877091661096e+001	1	1
3.20989343750000000000e+005	0.00000000000000000000e+000	3.20984000000000000000e+005	9.97478127829999942043e-005	0.00000000000000000000e+000	9.64657669070000025613e+001	0.00000000000000000000e+000	-1.12325538734506525507e-005	0.00000000000000000000e+000	9.91133486896313386756e-005	0.00000000000000000000e+000	2.57540000877343118191e+001	1	1
3.20991156250000000000e+005	0.00000000000000000000e+000	3.20986000000000000000e+005	9.83693607849999991210e-005	0.00000000000000000000e+000	9.69941101069999973561e+001	0.00000000000000000000e+000	-1.19781697258090207725e-005	0.00000000000000000000e+000	9.76373626808365219264e-005	0.00000000000000000000e+000	2.59300000877119600773e+001	1	1
3.20993468750000000000e+005	0.00000000000000000000e+000	3.20988000000000000000e+005	9.71643894450000049313e-005	0.00000000000000000000e+000	9.75729827880000044615e+001	0.00000000000000000000e+000	-1.28051928320959926174e-005	0.00000000000000000000e+000	9.63169020097327793902e-005	0.00000000000000000000e+000	2.61060000876896083355e+001	1	1
3.20994562500000000000e+005	0.00000000000000000000e+000	3.20990000000000000000e+005	9.61023251880000042901e-005	0.00000000000000000000e+000	9.81960372919999997521e+001	0.00000000000000000000e+000	-1.37003906504185205771e-005	0.00000000000000000000e+000	9.51207453848319388129e-005	0.00000000000000000000e+000	2.62830000877147540450e+001	1	1
3.20996843750000000000e+005	0.00000000000000000000e+000	3.20992000000000000000e+005	9.52031259660000037191e-005	0.00000000000000000000e+000	9.88101959229999948775e+001	0.00000000000000000000e+000	-1.45814690413487496118e-005	0.00000000000000000000e+000	9.40798381923260582322e-005	0.00000000000000000000e+000	2.64590000876924023032e+001	1	1
3.20999218750000000000e+005	0.00000000000000000000e+000	3.20994000000000000000e+005	9.44514831640000005700e-005	0.00000000000000000000e+000	9.94548492429999981823e+001	0.00000000000000000000e+000	-1.55155738022047013812e-005	0.00000000000000000000e+000	9.31683940049828009274e-005	0.00000000000000000000e+000	2.66340000877389684319e+001	1	1
3.21001312500000000000e+005	0.00000000000000000000e+000	3.20996000000000000000e+005	9.38177545320000038937e-005	0.00000000000000000000e+000	1.00095031739999996034e+002	0.00000000000000000000e+000	-1.64445005449219853262e-005	0.00000000000000000000e+000	9.23653044560275826276e-005	0.00000000000000000000e+000	2.68110000877641141415e+001	1	1
3.21002906250000000000e+005	0.00000000000000000000e+000	3.20998000000000000000e+005	9.32925977389999937965e-005	0.00000000000000000000e+000	1.00716659550000002810e+002	0.00000000000000000000e+000	-1.73479718628283782788e-005	0.00000000000000000000e+000	9.16654605897847609992e-005	0.00000000000000000000e+000	2.69880000877892598510e+001	1	1
3.21004625000000000000e+005	0.00000000000000000000e+000	3.21000000000000000000e+005	9.28640292839999996867e-005	0.00000000000000000000e+000	1.01320030209999998760e+002	0.00000000000000000000e+000	-1.82281799050460121810e-005	0.00000000000000000000e+000	9.10574620347442238114e-005	0.00000000000000000000e+000	2.71630000877194106579e+001	1	1
3.21007468750000000000e+005	0.00000000000000000000e+000	3.21002000000000000000e+005	9.25496497080000035673e-005	0.00000000000000000000e+000	1.01910781860000000165e+002	0.00000000000000000000e+000	-1.91011636524072136707e-005	0.00000000000000000000e+000	9.05570715526814168502e-005	0.00000000000000000000e+000	2.73370000877184793353e+001	1	1
3.21009000000000000000e+005	0.00000000000000000000e+000	3.21004000000000000000e+005	9.22954568520000065727e-005	0.00000000000000000000e+000	1.02494316100000006031e+002	0.00000000000000000000e+000	-1.99674512693442943114e-005	0.00000000000000000000e+000	9.01096678793444270895e-005	0.00000000000000000000e+000	2.75150000877911224961e+001	1	1
3.21011812500000000000e+005	0.00000000000000000000e+000	3.21006000000000000000e+005	9.21049577299999996808e-005	0.00000000000000000000e+000	1.03057884220000005371e+002	0.00000000000000000000e+000	-2.08097600176952119496e-005	0.00000000000000000000e+000	8.97233365766734005439e-005	0.00000000000000000000e+000	2.76880000877426937222e+001	1	1
3.21013031250000000000e+005	0.00000000000000000000e+000	3.21008000000000000000e+005	9.19713784239999988541e-005	0.00000000000000000000e+000	1.03576034550000002810e+002	0.00000000000000000000e+000	-2.15889488429406301148e-005	0.00000000000000000000e+000	8.94016316241907552488e-005	0.00000000000000000000e+000	2.78640000877203419805e+001	1	1
3.21015750000000000000e+005	0.00000000000000000000e+000	3.21010000000000000000e+005	9.18995501709999939926e-005	0.00000000000000000000e+000	1.04083023069999995869e+002	0.00000000000000000000e+000	-2.23616965004653464903e-005	0.00000000000000000000e+000	8.91374323797428059438e-005	0.00000000000000000000e+000	2.80410000877454876900e+001	1	1
3.21017406250000000000e+005	0.00000000000000000000e+000	3.21012000000000000000e+005	9.18987861950000051777e-005	0.00000000000000000000e+000	1.04563041690000005701e+002	0.00000000000000000000e+000	-2.31074958576073285002e-005	0.00000000000000000000e+000	8.89462227377024939505e-005	0.00000000000000000000e+000	2.82200000877492129803e+001	1	1
3.21019468750000000000e+005	0.00000000000000000000e+000	3.21014000000000000000e+005	9.18957957770000005357e-005	0.00000000000000000000e+000	1.05012428279999994629e+002	0.00000000000000000000e+000	-2.38036330809264024466e-005	0.00000000000000000000e+000	8.87593619492429519811e-005	0.00000000000000000000e+000	2.83970000877743586898e+001	1	1
3.21021312500000000000e+005	0.00000000000000000000e+000	3.21016000000000000000e+005	9.19413942030000014283e-005	0.00000000000000000000e+000	1.05468193049999996447e+002	0.00000000000000000000e+000	-2.45210786381500700580e-005	0.00000000000000000000e+000	8.86111543227662858385e-005	0.00000000000000000000e+000	2.85720000877045094967e+001	1	1
3.21023531250000000000e+005	0.00000000000000000000e+000	3.21018000000000000000e+005	9.19847079790000023494e-005	0.00000000000000000000e+000	1.05873519900000005123e+002	0.00000000000000000000e+000	-2.51591676021179387818e-005	0.00000000000000000000e+000	8.84771314383013101615e-005	0.00000000000000000000e+000	2.87480000876821577549e+001	1	1
3.21025593750000000000e+005	0.00000000000000000000e+000	3.21020000000000000000e+005	9.20490347199999996803e-005	0.00000000000000000000e+000	1.06277984619999998017e+002	0.00000000000000000000e+000	-2.58011475778362860871e-005	0.00000000000000000000e+000	8.83590718407028055149e-005	0.00000000000000000000e+000	2.89260000877548009157e+001	1	1
3.21026562500000000000e+005	0.00000000000000000000e+000	3.21022000000000000000e+005	9.21818354979999987154e-005	0.00000000000000000000e+000	1.06646972660000002975e+002	0.00000000000000000000e+000	-2.64076899391413440156e-005	0.00000000000000000000e+000	8.83183146796773119137e-005	0.00000000000000000000e+000	2.91010000876849517226e+001	1	1
3.21029656250000000000e+005	0.00000000000000000000e+000	3.21024000000000000000e+005	9.23097613849999966678e-005	0.00000000000000000000e+000	1.07007331849999999918e+002	0.00000000000000000000e+000	-2.70000555307382132436e-005	0.00000000000000000000e+000	8.82728103568289600980e-005	0.00000000000000000000e+000	2.92770000877790153027e+001	1	1
3.21031281250000000000e+005	0.00000000000000000000e+000	3.21026000000000000000e+005	9.24612832019999992053e-005	0.00000000000000000000e+000	1.07343574520000004213e+002	0.00000000000000000000e+000	-2.75627890639411040133e-005	0.00000000000000000000e+000	8.82574730568303535963e-005	0.00000000000000000000e+000	2.94530000877566635609e+001	1	1
3.21033062500000000000e+005	0.00000000000000000000e+000	3.21028000000000000000e+005	9.26040665950000050667e-005	0.00000000000000000000e+000	1.07685844419999995125e+002	0.00000000000000000000e+000	-2.81328982888905214908e-005	0.00000000000000000000e+000	8.82272814031926120660e-005	0.00000000000000000000e+000	2.96300000877818092704e+001	1	1
3.21035156250000000000e+005	0.00000000000000000000e+000	3.21030000000000000000e+005	9.27668806980000003760e-005	0.00000000000000000000e+000	1.07969802860000001488e+002	0.00000000000000000000e+000	-2.86200369586549885738e-005	0.00000000000000000000e+000	8.82416434509363970884e-005	0.00000000000000000000e+000	2.98160000877687707543e+001	1	1
3.21037281250000000000e+005	0.00000000000000000000e+000	3.21032000000000000000e+005	9.29609450399999953001e-005	0.00000000000000000000e+000	1.08248588560000001735e+002	0.00000000000000000000e+000	-2.91098257137416154049e-005	0.00000000000000000000e+000	8.82856463398523660414e-005	0.00000000000000000000e+000	2.99910000876989215612e+001	1	1
3.21038812500000000000e+005	0.00000000000000000000e+000	3.21034000000000000000e+005	9.31347240110000037551e-005	0.00000000000000000000e+000	1.08536674500000003718e+002	0.00000000000000000000e+000	-2.96086066996274349932e-005	0.00000000000000000000e+000	8.83029287504775756319e-005	0.00000000000000000000e+000	3.01660000877454876900e+001	1	1
3.21040968750000000000e+005	0.00000000000000000000e+000	3.21036000000000000000e+005	9.33291667019999962975e-005	0.00000000000000000000e+000	1.08790611269999999422e+002	0.00000000000000000000e+000	-3.00623081226275283453e-005	0.00000000000000000000e+000	8.83549149036424986102e-005	0.00000000000000000000e+000	3.03420000877231359482e+001	1	1
3.21043125000000000000e+005	0.00000000000000000000e+000	3.21038000000000000000e+005	9.35408243089999938413e-005	0.00000000000000000000e+000	1.09033973689999996282e+002	0.00000000000000000000e+000	-3.05063487704639649787e-005	0.00000000000000000000e+000	8.84265146723651882703e-005	0.00000000000000000000e+000	3.05170000877697020769e+001	1	1
3.21045718750000000000e+005	0.00000000000000000000e+000	3.21040000000000000000e+005	9.37321456150000007976e-005	0.00000000000000000000e+000	1.09255195619999994960e+002	0.00000000000000000000e+000	-3.09106330323486951962e-005	0.00000000000000000000e+000	8.84886879049013740008e-005	0.00000000000000000000e+000	3.06930000877473503351e+001	1	1
3.21046406250000000000e+005	0.00000000000000000000e+000	3.21042000000000000000e+005	9.39339442989999933971e-005	0.00000000000000000000e+000	1.09471900939999997604e+002	0.00000000000000000000e+000	-3.13123634222175527080e-005	0.00000000000000000000e+000	8.85614012337350333792e-005	0.00000000000000000000e+000	3.08700000877724960446e+001	1	1
3.21049281250000000000e+005	0.00000000000000000000e+000	3.21044000000000000000e+005	9.41534890440000028994e-005	0.00000000000000000000e+000	1.09686157230000006280e+002	0.00000000000000000000e+000	-3.17172746448164257307e-005	0.00000000000000000000e+000	8.86504032041812787797e-005	0.00000000000000000000e+000	3.10490000877762213349e+001	1	1
3.21051375000000000000e+005	0.00000000000000000000e+000	3.21046000000000000000e+005	9.43607228689999941000e-005	0.00000000000000000000e+000	1.09871788019999996777e+002	0.00000000000000000000e+000	-3.20747655144060675827e-005	0.00000000000000000000e+000	8.87420725335851478220e-005	0.00000000000000000000e+000	3.12230000877752900124e+001	1	1
3.21052531250000000000e+005	0.00000000000000000000e+000	3.21048000000000000000e+005	9.45939973459999970760e-005	0.00000000000000000000e+000	1.10049247739999998430e+002	0.00000000000000000000e+000	-3.24294411251764910656e-005	0.00000000000000000000e+000	8.88614409190159810267e-005	0.00000000000000000000e+000	3.13970000877743586898e+001	1	1
3.21055062500000000000e+005	0.00000000000000000000e+000	3.21050000000000000000e+005	9.48042215899999932398e-005	0.00000000000000000000e+000	1.10220077509999995868e+002	0.00000000000000000000e+000	-3.27668998769366969165e-005	0.00000000000000000000e+000	8.89616248937744388955e-005	0.00000000000000000000e+000	3.15740000876830890775e+001	1	1
3.21056625000000000000e+005	0.00000000000000000000e+000	3.21052000000000000000e+005	9.50156318140000008933e-005	0.00000000000000000000e+000	1.10392951969999998596e+002	0.00000000000000000000e+000	-3.31088351802213769724e-005	0.00000000000000000000e+000	8.90605149436187831747e-005	0.00000000000000000000e+000	3.17480000876821577549e+001	1	1
3.21058593750000000000e+005	0.00000000000000000000e+000	3.21054000000000000000e+005	9.52038026299999959887e-005	0.00000000000000000000e+000	1.10535743710000005535e+002	0.00000000000000000000e+000	-3.33966962421221257007e-005	0.00000000000000000000e+000	8.91539383051776336640e-005	0.00000000000000000000e+000	3.19250000877073034644e+001	1	1
3.21061812500000000000e+005	0.00000000000000000000e+000	3.21056000000000000000e+005	9.54123679550000064736e-005	0.00000000000000000000e+000	1.10686203000000006114e+002	0.00000000000000000000e+000	-3.37043755582366305460e-005	0.00000000000000000000e+000	8.92610498874489604248e-005	0.00000000000000000000e+000	3.21020000877324491739e+001	1	1
3.21063375000000000000e+005	0.00000000000000000000e+000	3.21058000000000000000e+005	9.56256772039999964393e-005	0.00000000000000000000e+000	1.10814132689999993886e+002	0.00000000000000000000e+000	-3.39793897151154111486e-005	0.00000000000000000000e+000	8.93849607893403501997e-005	0.00000000000000000000e+000	3.22780000877100974321e+001	1	1
3.21064968750000000000e+005	0.00000000000000000000e+000	3.21060000000000000000e+005	9.58359960349999953156e-005	0.00000000000000000000e+000	1.10922218319999998926e+002	0.00000000000000000000e+000	-3.42230543196528415079e-005	0.00000000000000000000e+000	8.95171530437302668268e-005	0.00000000000000000000e+000	3.24540000876877456903e+001	1	1
3.21067312500000000000e+005	0.00000000000000000000e+000	3.21062000000000000000e+005	9.60207107710000048366e-005	0.00000000000000000000e+000	1.11046768189999994547e+002	0.00000000000000000000e+000	-3.44839027408720946092e-005	0.00000000000000000000e+000	8.96149393166458132056e-005	0.00000000000000000000e+000	3.26310000877128913999e+001	1	1
3.21069406250000000000e+005	0.00000000000000000000e+000	3.21064000000000000000e+005	9.62252015599999945168e-005	0.00000000000000000000e+000	1.11167167660000004048e+002	0.00000000000000000000e+000	-3.47459799800463171285e-005	0.00000000000000000000e+000	8.97329721478612625518e-005	0.00000000000000000000e+000	3.28060000877594575286e+001	1	1
3.21071531250000000000e+005	0.00000000000000000000e+000	3.21066000000000000000e+005	9.64229693640000052419e-005	0.00000000000000000000e+000	1.11270133970000003387e+002	0.00000000000000000000e+000	-3.49789263442470808483e-005	0.00000000000000000000e+000	8.98546811956651530736e-005	0.00000000000000000000e+000	3.29820000877371057868e+001	1	1
3.21073468750000000000e+005	0.00000000000000000000e+000	3.21068000000000000000e+005	9.66142979450000048127e-005	0.00000000000000000000e+000	1.11368865970000001653e+002	0.00000000000000000000e+000	-3.52034263241027172765e-005	0.00000000000000000000e+000	8.99724476851036000357e-005	0.00000000000000000000e+000	3.31590000877622514963e+001	1	1
3.21074937500000000000e+005	0.00000000000000000000e+000	3.21070000000000000000e+005	9.67886007860000054494e-005	0.00000000000000000000e+000	1.11462211609999997108e+002	0.00000000000000000000e+000	-3.54137368644135157227e-005	0.00000000000000000000e+000	9.00771918046391998095e-005	0.00000000000000000000e+000	3.33340000876924023032e+001	1	1
3.21077250000000000000e+005	0.00000000000000000000e+000	3.21072000000000000000e+005	9.69657703539999956148e-005	0.00000000000000000000e+000	1.11556571959999999422e+002	0.00000000000000000000e+000	-3.56271323732803156157e-005	0.00000000000000000000e+000	9.01835243223584936750e-005	0.00000000000000000000e+000	3.35120000877650454640e+001	1	1
3.21078375000000000000e+005	0.00000000000000000000e+000	3.21074000000000000000e+005	9.71478220889999933511e-005	0.00000000000000000000e+000	1.11636650090000003388e+002	0.00000000000000000000e+000	-3.58202664333570248187e-005	0.00000000000000000000e+000	9.03028673369750314176e-005	0.00000000000000000000e+000	3.36880000877426937222e+001	1	1
3.21080187500000000000e+005	0.00000000000000000000e+000	3.21076000000000000000e+005	9.73366695689999942686e-005	0.00000000000000000000e+000	1.11710906980000004296e+002	0.00000000000000000000e+000	-3.60071304276742110259e-005	0.00000000000000000000e+000	9.04318185217412734162e-005	0.00000000000000000000e+000	3.38650000877678394318e+001	1	1
3.21082906250000000000e+005	0.00000000000000000000e+000	3.21078000000000000000e+005	9.74820941340000056809e-005	0.00000000000000000000e+000	1.11784797670000003222e+002	0.00000000000000000000e+000	-3.61776947369747795295e-005	0.00000000000000000000e+000	9.05203462226493259625e-005	0.00000000000000000000e+000	3.40440000877715647221e+001	1	1
3.21084906250000000000e+005	0.00000000000000000000e+000	3.21080000000000000000e+005	9.76761002680000029082e-005	0.00000000000000000000e+000	1.11861251830000000496e+002	0.00000000000000000000e+000	-3.63706909026224387677e-005	0.00000000000000000000e+000	9.06520457950634866171e-005	0.00000000000000000000e+000	3.42200000877492129803e+001	1	1
3.21087093750000000000e+005	0.00000000000000000000e+000	3.21082000000000000000e+005	9.78371172099999983221e-005	0.00000000000000000000e+000	1.11918022160000006693e+002	0.00000000000000000000e+000	-3.65205980614525166144e-005	0.00000000000000000000e+000	9.07653426214935163136e-005	0.00000000000000000000e+000	3.43940000877482816577e+001	1	1
3.21088687500000000000e+005	0.00000000000000000000e+000	3.21084000000000000000e+005	9.79817632469999943903e-005	0.00000000000000000000e+000	1.11982788089999999670e+002	0.00000000000000000000e+000	-3.66773189815736526940e-005	0.00000000000000000000e+000	9.08581322794776307956e-005	0.00000000000000000000e+000	3.45690000877948477864e+001	1	1
3.21090906250000000000e+005	0.00000000000000000000e+000	3.21086000000000000000e+005	9.81414850680000026405e-005	0.00000000000000000000e+000	1.12041244509999998513e+002	0.00000000000000000000e+000	-3.68299379508730937880e-005	0.00000000000000000000e+000	9.09687130934988281289e-005	0.00000000000000000000e+000	3.47440000877249985933e+001	1	1
3.21093531250000000000e+005	0.00000000000000000000e+000	3.21088000000000000000e+005	9.82972342169999996082e-005	0.00000000000000000000e+000	1.12102836609999997108e+002	0.00000000000000000000e+000	-3.69863103948552801440e-005	0.00000000000000000000e+000	9.10733720583968277230e-005	0.00000000000000000000e+000	3.49220000876812264323e+001	1	1
3.21094718750000000000e+005	0.00000000000000000000e+000	3.21090000000000000000e+005	9.84357975540000039753e-005	0.00000000000000000000e+000	1.12149276729999996860e+002	0.00000000000000000000e+000	-3.71123574899302361980e-005	0.00000000000000000000e+000	9.11717015396317642531e-005	0.00000000000000000000e+000	3.50980000877752900124e+001	1	1
3.21096781250000000000e+005	0.00000000000000000000e+000	3.21092000000000000000e+005	9.85817969189999981352e-005	0.00000000000000000000e+000	1.12216583249999999339e+002	0.00000000000000000000e+000	-3.72746367451795687555e-005	0.00000000000000000000e+000	9.12632025478717686523e-005	0.00000000000000000000e+000	3.52730000877054408193e+001	1	1
3.21099562500000000000e+005	0.00000000000000000000e+000	3.21094000000000000000e+005	9.87256134980000018457e-005	0.00000000000000000000e+000	1.12259017940000006774e+002	0.00000000000000000000e+000	-3.73966952233565982249e-005	0.00000000000000000000e+000	9.13686704890021792738e-005	0.00000000000000000000e+000	3.54490000876830890775e+001	1	1
3.21101406250000000000e+005	0.00000000000000000000e+000	3.21096000000000000000e+005	9.88669562499999991963e-005	0.00000000000000000000e+000	1.12307495119999998678e+002	0.00000000000000000000e+000	-3.75276380969996587291e-005	0.00000000000000000000e+000	9.14677616267066726343e-005	0.00000000000000000000e+000	3.56300000877818092704e+001	1	1
3.21103468750000000000e+005	0.00000000000000000000e+000	3.21098000000000000000e+005	9.90120242930000050291e-005	0.00000000000000000000e+000	1.12341934199999997190e+002	0.00000000000000000000e+000	-3.76377555055055742009e-005	0.00000000000000000000e+000	9.15793662082535259075e-005	0.00000000000000000000e+000	3.58080000877380371094e+001	1	1
3.21104875000000000000e+005	0.00000000000000000000e+000	3.21100000000000000000e+005	9.91372144199999943970e-005	0.00000000000000000000e+000	1.12377304080000001818e+002	0.00000000000000000000e+000	-3.77419425754897157267e-005	0.00000000000000000000e+000	9.16718771138973247603e-005	0.00000000000000000000e+000	3.59840000877156853676e+001	1	1
3.21107250000000000000e+005	0.00000000000000000000e+000	3.21102000000000000000e+005	9.92573550320000031442e-005	0.00000000000000000000e+000	1.12435684199999997190e+002	0.00000000000000000000e+000	-3.78811809559109801196e-005	0.00000000000000000000e+000	9.17444203062727040585e-005	0.00000000000000000000e+000	3.61580000877147540450e+001	1	1
3.21108687500000000000e+005	0.00000000000000000000e+000	3.21104000000000000000e+005	9.94112924670000004711e-005	0.00000000000000000000e+000	1.12473136900000000082e+002	0.00000000000000000000e+000	-3.79999863165883121265e-005	0.00000000000000000000e+000	9.18618860567238217302e-005	0.00000000000000000000e+000	3.63340000876924023032e+001	1	1
3.21110562500000000000e+005	0.00000000000000000000e+000	3.21106000000000000000e+005	9.95147202050000040385e-005	0.00000000000000000000e+000	1.12500030519999995704e+002	0.00000000000000000000e+000	-3.80826805933911935421e-005	0.00000000000000000000e+000	9.19395941708531997793e-005	0.00000000000000000000e+000	3.65100000877864658833e+001	1	1
3.21113093750000000000e+005	0.00000000000000000000e+000	3.21108000000000000000e+005	9.96265807770000034636e-005	0.00000000000000000000e+000	1.12540283200000004626e+002	0.00000000000000000000e+000	-3.81901424300135148692e-005	0.00000000000000000000e+000	9.20161323817263437225e-005	0.00000000000000000000e+000	3.66940000877948477864e+001	1	1
3.21114968750000000000e+005	0.00000000000000000000e+000	3.21110000000000000000e+005	9.97384122460000043615e-005	0.00000000000000000000e+000	1.12569564819999996530e+002	0.00000000000000000000e+000	-3.82800847253411357621e-005	0.00000000000000000000e+000	9.20998696566599316235e-005	0.00000000000000000000e+000	3.68710000877035781741e+001	1	1
3.21115812500000000000e+005	0.00000000000000000000e+000	3.21112000000000000000e+005	9.98343457470000065655e-005	0.00000000000000000000e+000	1.12590248110000004544e+002	0.00000000000000000000e+000	-3.83501812188185263464e-005	0.00000000000000000000e+000	9.21746179336552424501e-005	0.00000000000000000000e+000	3.70490000877762213349e+001	1	1
3.21118906250000000000e+005	0.00000000000000000000e+000	3.21114000000000000000e+005	9.99453404799999944224e-005	0.00000000000000000000e+000	1.12628540040000004296e+002	0.00000000000000000000e+000	-3.84544806036462777431e-005	0.00000000000000000000e+000	9.22514173612900000325e-005	0.00000000000000000000e+000	3.72240000877063721418e+001	1	1
3.21121437500000000000e+005	0.00000000000000000000e+000	3.21116000000000000000e+005	1.00078526879999996600e-004	0.00000000000000000000e+000	1.12649085999999996943e+002	0.00000000000000000000e+000	-3.85388472228312135414e-005	0.00000000000000000000e+000	9.23605370123309555230e-005	0.00000000000000000000e+000	3.74010000877315178514e+001	1	1
3.21122750000000000000e+005	0.00000000000000000000e+000	3.21118000000000000000e+005	1.00159311840000004017e-004	0.00000000000000000000e+000	1.12681594849999996200e+002	0.00000000000000000000e+000	-3.86223965943742478181e-005	0.00000000000000000000e+000	9.24131929411013935526e-005	0.00000000000000000000e+000	3.75760000877780839801e+001	1	1
3.21125375000000000000e+005	0.00000000000000000000e+000	3.21120000000000000000e+005	1.00259407189999996787e-004	0.00000000000000000000e+000	1.12712257390000004875e+002	0.00000000000000000000e+000	-3.87104942667415086784e-005	0.00000000000000000000e+000	9.24848439676188041570e-005	0.00000000000000000000e+000	3.77490000877296552062e+001	1	1
3.21127500000000000000e+005	0.00000000000000000000e+000	3.21122000000000000000e+005	1.00363875390000004692e-004	0.00000000000000000000e+000	1.12731987000000003718e+002	0.00000000000000000000e+000	-3.87827075218303169444e-005	0.00000000000000000000e+000	9.25678620287603679982e-005	0.00000000000000000000e+000	3.79240000877762213349e+001	1	1
3.21128937500000000000e+005	0.00000000000000000000e+000	3.21124000000000000000e+005	1.00451114119999993977e-004	0.00000000000000000000e+000	1.12753501889999995456e+002	0.00000000000000000000e+000	-3.88512056306555809103e-005	0.00000000000000000000e+000	9.26337419572035810668e-005	0.00000000000000000000e+000	3.80960000876802951097e+001	1	1
3.21130718750000000000e+005	0.00000000000000000000e+000	3.21126000000000000000e+005	1.00553887019999996992e-004	0.00000000000000000000e+000	1.12780593870000004131e+002	0.00000000000000000000e+000	-3.89347966232485580458e-005	0.00000000000000000000e+000	9.27101170678647999160e-005	0.00000000000000000000e+000	3.82760000877315178514e+001	1	1
3.21133468750000000000e+005	0.00000000000000000000e+000	3.21128000000000000000e+005	1.00661687610000002784e-004	0.00000000000000000000e+000	1.12819732669999993391e+002	0.00000000000000000000e+000	-3.90399265286021761052e-005	0.00000000000000000000e+000	9.27828620443159828675e-005	0.00000000000000000000e+000	3.84510000877780839801e+001	1	1
3.21135656250000000000e+005	0.00000000000000000000e+000	3.21130000000000000000e+005	1.00726414530000004288e-004	0.00000000000000000000e+000	1.12827430730000003223e+002	0.00000000000000000000e+000	-3.90775034085222503486e-005	0.00000000000000000000e+000	9.28372732873296210290e-005	0.00000000000000000000e+000	3.86270000877557322383e+001	1	1
3.21137687500000000000e+005	0.00000000000000000000e+000	3.21132000000000000000e+005	1.00791359729999997156e-004	0.00000000000000000000e+000	1.12861839290000006031e+002	0.00000000000000000000e+000	-3.91584809797149052441e-005	0.00000000000000000000e+000	9.28736322299476515412e-005	0.00000000000000000000e+000	3.88050000877119600773e+001	1	1
3.21138687500000000000e+005	0.00000000000000000000e+000	3.21134000000000000000e+005	1.00905672299999996707e-004	0.00000000000000000000e+000	1.12875801089999995952e+002	0.00000000000000000000e+000	-3.92255484820334504288e-005	0.00000000000000000000e+000	9.29694092086135110472e-005	0.00000000000000000000e+000	3.89830000877846032381e+001	1	1
3.21141000000000000000e+005	0.00000000000000000000e+000	3.21136000000000000000e+005	1.00989389469999997517e-004	0.00000000000000000000e+000	1.12890991209999995704e+002	0.00000000000000000000e+000	-3.92827591573892016537e-005	0.00000000000000000000e+000	9.30361307154693544224e-005	0.00000000000000000000e+000	3.91580000877147540450e+001	1	1
3.21142812500000000000e+005	0.00000000000000000000e+000	3.21138000000000000000e+005	1.01074285340000002043e-004	0.00000000000000000000e+000	1.12906570430000002148e+002	0.00000000000000000000e+000	-3.93410990179595098900e-005	0.00000000000000000000e+000	9.31036470018808834598e-005	0.00000000000000000000e+000	3.93300000877352431417e+001	1	1
3.21144812500000000000e+005	0.00000000000000000000e+000	3.21140000000000000000e+005	1.01162841019999998277e-004	0.00000000000000000000e+000	1.12928909300000000826e+002	0.00000000000000000000e+000	-3.94118962014739797795e-005	0.00000000000000000000e+000	9.31698601536035104055e-005	0.00000000000000000000e+000	3.95050000877818092704e+001	1	1
3.21147156250000000000e+005	0.00000000000000000000e+000	3.21142000000000000000e+005	1.01232617450000005901e-004	0.00000000000000000000e+000	1.12951393129999999587e+002	0.00000000000000000000e+000	-3.94756639116677657763e-005	0.00000000000000000000e+000	9.32186397375068799510e-005	0.00000000000000000000e+000	3.96830000877380371094e+001	1	1
3.21149031250000000000e+005	0.00000000000000000000e+000	3.21144000000000000000e+005	1.01311168690000003912e-004	0.00000000000000000000e+000	1.12963821409999994216e+002	0.00000000000000000000e+000	-3.95265301973842609956e-005	0.00000000000000000000e+000	9.32824008690219563019e-005	0.00000000000000000000e+000	3.98610000876942649484e+001	1	1
3.21151281250000000000e+005	0.00000000000000000000e+000	3.21146000000000000000e+005	1.01401521529999999720e-004	0.00000000000000000000e+000	1.12977882390000004875e+002	0.00000000000000000000e+000	-3.95846930334430848961e-005	0.00000000000000000000e+000	9.33558816896243353267e-005	0.00000000000000000000e+000	4.00380000877194106579e+001	1	1
3.21152968750000000000e+005	0.00000000000000000000e+000	3.21148000000000000000e+005	1.01468613140000006091e-004	0.00000000000000000000e+000	1.12986862180000002809e+002	0.00000000000000000000e+000	-3.96255245417412879736e-005	0.00000000000000000000e+000	9.34114407197899986436e-005	0.00000000000000000000e+000	4.02170000877231359482e+001	1	1
3.21155218750000000000e+005	0.00000000000000000000e+000	3.21150000000000000000e+005	1.01544304929999994278e-004	0.00000000000000000000e+000	1.13006881710000001817e+002	0.00000000000000000000e+000	-3.96877442106411933501e-005	0.00000000000000000000e+000	9.34672607022776687777e-005	0.00000000000000000000e+000	4.03970000877743586898e+001	1	1
