TimeAll	TimeExperiment	R	Theta
2.336790e+002	8.000016e-002	9.866474e-005	9.753458e+001
2.338260e+002	2.270000e-001	9.874454e-005	9.749558e+001
2.339510e+002	3.520000e-001	9.890842e-005	9.743680e+001
2.340450e+002	4.460001e-001	9.902634e-005	9.739775e+001
2.341380e+002	5.390000e-001	9.910212e-005	9.735592e+001
2.342480e+002	6.490002e-001	9.919835e-005	9.732413e+001
2.343410e+002	7.420001e-001	9.936086e-005	9.727443e+001
2.344350e+002	8.360000e-001	9.944363e-005	9.723474e+001
2.345280e+002	9.290001e-001	9.955304e-005	9.720260e+001
2.346220e+002	1.023000e+000	9.964214e-005	9.716153e+001
2.347160e+002	1.117000e+000	9.975887e-005	9.713058e+001
2.348090e+002	1.210000e+000	9.981707e-005	9.709276e+001
2.349180e+002	1.319000e+000	9.992091e-005	9.705772e+001
2.350120e+002	1.413000e+000	1.000272e-004	9.702309e+001
2.351210e+002	1.522000e+000	1.001341e-004	9.699470e+001
2.352150e+002	1.616000e+000	1.002468e-004	9.695619e+001
2.353240e+002	1.725000e+000	1.003406e-004	9.692358e+001
2.354170e+002	1.818000e+000	1.004651e-004	9.688866e+001
2.355110e+002	1.912000e+000	1.005873e-004	9.685764e+001
2.355780e+002	1.979000e+000	1.006910e-004	9.682164e+001
2.356710e+002	2.072000e+000	1.007957e-004	9.678537e+001
2.357670e+002	2.168000e+000	1.008932e-004	9.676963e+001
2.358590e+002	2.260000e+000	1.010040e-004	9.673555e+001
2.359530e+002	2.354000e+000	1.011013e-004	9.671088e+001
2.360480e+002	2.449000e+000	1.012007e-004	9.667959e+001
2.361420e+002	2.543000e+000	1.013044e-004	9.665244e+001
2.362360e+002	2.637000e+000	1.014190e-004	9.662314e+001
2.363290e+002	2.730000e+000	1.015181e-004	9.660935e+001
2.364230e+002	2.824000e+000	1.016393e-004	9.655942e+001
2.365150e+002	2.916000e+000	1.017390e-004	9.654037e+001
2.366560e+002	3.057000e+000	1.018465e-004	9.651792e+001
2.367190e+002	3.120000e+000	1.019726e-004	9.649118e+001
2.368130e+002	3.214000e+000	1.020883e-004	9.646027e+001
2.369080e+002	3.309000e+000	1.022253e-004	9.643032e+001
2.370000e+002	3.401000e+000	1.023342e-004	9.641712e+001
2.370920e+002	3.493000e+000	1.024594e-004	9.639687e+001
2.371870e+002	3.588000e+000	1.025820e-004	9.636137e+001
2.372810e+002	3.682000e+000	1.027028e-004	9.634777e+001
2.373760e+002	3.777000e+000	1.028168e-004	9.632461e+001
2.374730e+002	3.874000e+000	1.029461e-004	9.630542e+001
2.375770e+002	3.978000e+000	1.030562e-004	9.628658e+001
2.376710e+002	4.072000e+000	1.031781e-004	9.627130e+001
2.377640e+002	4.165000e+000	1.032797e-004	9.624859e+001
2.378570e+002	4.258000e+000	1.033950e-004	9.623561e+001
2.379520e+002	4.353000e+000	1.035359e-004	9.620889e+001
2.380470e+002	4.448000e+000	1.036437e-004	9.619476e+001
2.381540e+002	4.555000e+000	1.038050e-004	9.616922e+001
2.382510e+002	4.652000e+000	1.039300e-004	9.615023e+001
2.383970e+002	4.798000e+000	1.040594e-004	9.613895e+001
2.384910e+002	4.892000e+000	1.041740e-004	9.610840e+001
2.386000e+002	5.001000e+000	1.043156e-004	9.610856e+001
2.387090e+002	5.110000e+000	1.045261e-004	9.608495e+001
2.388030e+002	5.204000e+000	1.046372e-004	9.606441e+001
2.388960e+002	5.297000e+000	1.047627e-004	9.605550e+001
2.389900e+002	5.391000e+000	1.048829e-004	9.603909e+001
2.390990e+002	5.500000e+000	1.050315e-004	9.602599e+001
2.391930e+002	5.594000e+000	1.051576e-004	9.601612e+001
2.392860e+002	5.687000e+000	1.052942e-004	9.601301e+001
2.393950e+002	5.796000e+000	1.054394e-004	9.599667e+001
2.394890e+002	5.890000e+000	1.055513e-004	9.599336e+001
2.395830e+002	5.984000e+000	1.057019e-004	9.598297e+001
2.396920e+002	6.093000e+000	1.057939e-004	9.597076e+001
2.398010e+002	6.202000e+000	1.059667e-004	9.595860e+001
2.399100e+002	6.311000e+000	1.061217e-004	9.594979e+001
2.400040e+002	6.405000e+000	1.062510e-004	9.593523e+001
2.401130e+002	6.514000e+000	1.064268e-004	9.593779e+001
2.401770e+002	6.578000e+000	1.065498e-004	9.592092e+001
2.402710e+002	6.672000e+000	1.066753e-004	9.592030e+001
2.403630e+002	6.764000e+000	1.067987e-004	9.590924e+001
2.404580e+002	6.859000e+000	1.069555e-004	9.591542e+001
2.405510e+002	6.952000e+000	1.070711e-004	9.590948e+001
2.406440e+002	7.045000e+000	1.071996e-004	9.590312e+001
2.407410e+002	7.142000e+000	1.073463e-004	9.590898e+001
2.408350e+002	7.236000e+000	1.074817e-004	9.590773e+001
2.409280e+002	7.329000e+000	1.075899e-004	9.589940e+001
2.410210e+002	7.422000e+000	1.077405e-004	9.591284e+001
2.411150e+002	7.516000e+000	1.078839e-004	9.590890e+001
2.412450e+002	7.646000e+000	1.080439e-004	9.591722e+001
2.413540e+002	7.755000e+000	1.081531e-004	9.591648e+001
2.414480e+002	7.849000e+000	1.083200e-004	9.592047e+001
2.415410e+002	7.942000e+000	1.084819e-004	9.591897e+001
2.416500e+002	8.051000e+000	1.086094e-004	9.592146e+001
2.417440e+002	8.145000e+000	1.087645e-004	9.593882e+001
2.418380e+002	8.239000e+000	1.089131e-004	9.593525e+001
2.419310e+002	8.332000e+000	1.090522e-004	9.593422e+001
2.420250e+002	8.426000e+000	1.091975e-004	9.594051e+001
2.421340e+002	8.535000e+000	1.093461e-004	9.595590e+001
2.422280e+002	8.629000e+000	1.094834e-004	9.595825e+001
2.423370e+002	8.738000e+000	1.096548e-004	9.596217e+001
2.424300e+002	8.831000e+000	1.097747e-004	9.598026e+001
2.425240e+002	8.925000e+000	1.099442e-004	9.599216e+001
2.426180e+002	9.019000e+000	1.100842e-004	9.600299e+001
2.427110e+002	9.112000e+000	1.102152e-004	9.601032e+001
2.428200e+002	9.221000e+000	1.103375e-004	9.602290e+001
2.429300e+002	9.331000e+000	1.105006e-004	9.603725e+001
2.430230e+002	9.424000e+000	1.106572e-004	9.604737e+001
2.431170e+002	9.518000e+000	1.107890e-004	9.605933e+001
2.432260e+002	9.627000e+000	1.109259e-004	9.606583e+001
2.433350e+002	9.736000e+000	1.110858e-004	9.608701e+001
2.434290e+002	9.830000e+000	1.112350e-004	9.610036e+001
2.435220e+002	9.923000e+000	1.113868e-004	9.612712e+001
2.436160e+002	1.001700e+001	1.115158e-004	9.614067e+001
2.437250e+002	1.012600e+001	1.116634e-004	9.614962e+001
2.438340e+002	1.023500e+001	1.118242e-004	9.616328e+001
2.439440e+002	1.034500e+001	1.119791e-004	9.619429e+001
2.440370e+002	1.043800e+001	1.121379e-004	9.621567e+001
2.441310e+002	1.053200e+001	1.122694e-004	9.623232e+001
2.442400e+002	1.064100e+001	1.124296e-004	9.625896e+001
2.443490e+002	1.075000e+001	1.126029e-004	9.628458e+001
2.444430e+002	1.084400e+001	1.127829e-004	9.631375e+001
2.445360e+002	1.093700e+001	1.128965e-004	9.633231e+001
2.446460e+002	1.104700e+001	1.130458e-004	9.635945e+001
2.447550e+002	1.115600e+001	1.132142e-004	9.637178e+001
2.448640e+002	1.126500e+001	1.133507e-004	9.639887e+001
2.449300e+002	1.133100e+001	1.134996e-004	9.643452e+001
