TimeAll	TimeExperiment	R	Theta
7.376200e+001	7.800007e-002	9.816016e-005	1.118480e+002
7.389500e+001	2.110000e-001	9.807862e-005	1.118095e+002
7.398900e+001	3.050001e-001	9.799596e-005	1.117620e+002
7.408200e+001	3.980000e-001	9.789482e-005	1.117281e+002
7.417600e+001	4.920001e-001	9.780833e-005	1.117018e+002
7.426900e+001	5.850000e-001	9.770797e-005	1.116672e+002
7.436300e+001	6.789999e-001	9.764455e-005	1.116046e+002
7.445700e+001	7.730000e-001	9.754959e-005	1.115680e+002
7.456600e+001	8.820000e-001	9.743073e-005	1.115270e+002
7.467500e+001	9.909999e-001	9.735617e-005	1.114702e+002
7.476900e+001	1.085000e+000	9.723860e-005	1.114205e+002
7.486200e+001	1.178000e+000	9.715762e-005	1.113764e+002
7.497100e+001	1.287000e+000	9.708700e-005	1.113078e+002
7.506500e+001	1.381000e+000	9.696658e-005	1.112615e+002
7.517400e+001	1.490000e+000	9.685928e-005	1.112184e+002
7.526800e+001	1.584000e+000	9.672118e-005	1.111610e+002
7.536100e+001	1.677000e+000	9.663789e-005	1.110925e+002
7.545500e+001	1.771000e+000	9.656495e-005	1.110436e+002
7.556400e+001	1.880000e+000	9.643770e-005	1.109823e+002
7.565800e+001	1.974000e+000	9.636067e-005	1.109036e+002
7.576700e+001	2.083000e+000	9.623537e-005	1.108383e+002
7.586100e+001	2.177000e+000	9.610846e-005	1.107568e+002
7.595400e+001	2.270000e+000	9.603432e-005	1.106945e+002
7.604800e+001	2.364000e+000	9.587885e-005	1.106168e+002
7.614100e+001	2.457000e+000	9.581268e-005	1.105588e+002
7.623500e+001	2.551000e+000	9.569632e-005	1.104738e+002
7.634400e+001	2.660000e+000	9.560327e-005	1.103995e+002
7.643800e+001	2.754000e+000	9.549528e-005	1.103003e+002
7.653100e+001	2.847000e+000	9.535288e-005	1.102234e+002
7.662500e+001	2.941000e+000	9.526337e-005	1.101458e+002
7.673400e+001	3.050000e+000	9.513338e-005	1.100589e+002
7.684300e+001	3.159000e+000	9.501381e-005	1.099476e+002
7.693700e+001	3.253000e+000	9.487564e-005	1.098307e+002
7.703000e+001	3.346000e+000	9.476059e-005	1.097288e+002
7.712400e+001	3.440000e+000	9.465792e-005	1.096326e+002
7.723300e+001	3.549000e+000	9.453668e-005	1.095319e+002
7.732700e+001	3.643000e+000	9.441251e-005	1.093925e+002
7.742000e+001	3.736000e+000	9.430981e-005	1.092900e+002
7.753000e+001	3.846000e+000	9.419491e-005	1.091572e+002
7.762300e+001	3.939000e+000	9.406921e-005	1.090168e+002
7.773200e+001	4.048000e+000	9.396687e-005	1.088875e+002
7.782600e+001	4.142000e+000	9.382366e-005	1.087318e+002
7.793500e+001	4.251000e+000	9.371611e-005	1.085938e+002
7.802900e+001	4.345000e+000	9.362110e-005	1.084347e+002
7.813800e+001	4.454000e+000	9.349734e-005	1.082965e+002
7.824700e+001	4.563000e+000	9.340314e-005	1.081150e+002
7.834100e+001	4.657000e+000	9.328726e-005	1.079339e+002
7.845000e+001	4.766000e+000	9.318277e-005	1.077640e+002
7.854400e+001	4.860000e+000	9.305982e-005	1.075856e+002
7.865300e+001	4.969000e+000	9.300358e-005	1.073849e+002
7.874600e+001	5.062000e+000	9.290897e-005	1.071979e+002
7.884000e+001	5.156000e+000	9.284309e-005	1.070056e+002
7.893400e+001	5.250000e+000	9.276564e-005	1.067952e+002
7.902700e+001	5.343000e+000	9.267569e-005	1.066243e+002
7.912100e+001	5.437000e+000	9.266435e-005	1.064167e+002
7.921400e+001	5.530000e+000	9.257153e-005	1.062045e+002
7.932400e+001	5.640000e+000	9.253384e-005	1.059887e+002
7.941700e+001	5.733000e+000	9.249736e-005	1.057523e+002
7.951100e+001	5.827000e+000	9.246152e-005	1.055111e+002
7.962000e+001	5.936000e+000	9.245837e-005	1.052666e+002
7.971400e+001	6.030000e+000	9.244592e-005	1.049897e+002
7.980700e+001	6.123000e+000	9.244629e-005	1.047334e+002
7.990100e+001	6.217000e+000	9.245479e-005	1.044830e+002
7.999400e+001	6.310000e+000	9.250986e-005	1.042292e+002
8.010400e+001	6.420000e+000	9.253767e-005	1.039496e+002
8.021300e+001	6.529000e+000	9.260265e-005	1.036412e+002
8.030600e+001	6.622000e+000	9.270875e-005	1.033299e+002
8.040000e+001	6.716000e+000	9.281270e-005	1.030441e+002
8.050900e+001	6.825000e+000	9.292582e-005	1.027587e+002
8.060300e+001	6.919000e+000	9.309583e-005	1.024185e+002
8.069600e+001	7.012000e+000	9.324071e-005	1.021137e+002
8.079000e+001	7.106000e+000	9.343136e-005	1.018244e+002
8.089900e+001	7.215000e+000	9.367711e-005	1.014969e+002
8.099300e+001	7.309000e+000	9.394268e-005	1.011469e+002
8.108600e+001	7.402000e+000	9.417796e-005	1.008414e+002
8.118000e+001	7.496000e+000	9.450495e-005	1.005442e+002
8.127400e+001	7.590000e+000	9.482559e-005	1.002328e+002
8.136700e+001	7.683000e+000	9.516208e-005	9.993055e+001
8.147600e+001	7.792000e+000	9.559523e-005	9.962342e+001
8.158600e+001	7.902000e+000	9.605209e-005	9.927289e+001
8.167900e+001	7.995000e+000	9.659633e-005	9.894573e+001
8.178800e+001	8.104000e+000	9.709648e-005	9.867003e+001
8.189800e+001	8.214000e+000	9.773338e-005	9.834341e+001
8.200700e+001	8.323000e+000	9.840349e-005	9.806505e+001
8.210000e+001	8.416000e+000	9.912320e-005	9.779053e+001
8.221000e+001	8.526000e+000	9.976186e-005	9.756747e+001
8.230300e+001	8.619000e+000	1.004634e-004	9.737232e+001
8.241200e+001	8.728000e+000	1.010966e-004	9.718744e+001
8.252200e+001	8.838000e+000	1.019820e-004	9.698235e+001
8.261500e+001	8.931000e+000	1.028493e-004	9.680355e+001
8.270900e+001	9.025000e+000	1.036128e-004	9.667971e+001
8.281800e+001	9.134000e+000	1.044059e-004	9.657809e+001
8.292700e+001	9.243000e+000	1.054116e-004	9.647881e+001
8.302100e+001	9.337000e+000	1.064017e-004	9.641074e+001
8.311400e+001	9.430000e+000	1.072540e-004	9.639854e+001
8.322400e+001	9.540000e+000	1.081668e-004	9.639409e+001
8.331700e+001	9.633000e+000	1.092037e-004	9.643567e+001
8.341100e+001	9.727000e+000	1.101398e-004	9.649218e+001
8.350400e+001	9.820000e+000	1.110335e-004	9.656622e+001
8.361300e+001	9.929000e+000	1.119723e-004	9.668701e+001
8.370700e+001	1.002300e+001	1.130110e-004	9.683788e+001
8.380100e+001	1.011700e+001	1.139229e-004	9.700935e+001
8.389400e+001	1.021000e+001	1.147800e-004	9.720905e+001
8.398800e+001	1.030400e+001	1.156425e-004	9.741656e+001
8.408100e+001	1.039700e+001	1.164171e-004	9.765381e+001
8.417500e+001	1.049100e+001	1.172163e-004	9.791103e+001
8.426900e+001	1.058500e+001	1.180038e-004	9.817858e+001
8.436200e+001	1.067800e+001	1.187226e-004	9.845986e+001
8.447100e+001	1.078700e+001	1.194659e-004	9.878471e+001
8.453800e+001	1.085400e+001	1.202215e-004	9.915780e+001
8.463000e+001	1.094600e+001	1.207988e-004	9.948453e+001
