Fext	FextSD	Fgen	R	RSD	Theta	ThetaSD	X	XSD	Y	YSD	Time	Interval	Round
3.20705312500000000000e+005	0.00000000000000000000e+000	3.20700000000000000000e+005	1.11972723970000002328e-004	0.00000000000000000000e+000	1.13359977720000003387e+002	0.00000000000000000000e+000	-4.43979344134278676340e-005	0.00000000000000000000e+000	1.02794524820550494813e-004	0.00000000000000000000e+000	6.34999904665164649487e-001	1	1
3.20707312500000000000e+005	0.00000000000000000000e+000	3.20702000000000000000e+005	1.12148205519999996020e-004	0.00000000000000000000e+000	1.13355964659999997934e+002	0.00000000000000000000e+000	-4.44603027873534764093e-005	0.00000000000000000000e+000	1.02958736770674322129e-004	0.00000000000000000000e+000	8.12999904621392488480e-001	1	1
3.20709250000000000000e+005	0.00000000000000000000e+000	3.20704000000000000000e+005	1.12219589939999999078e-004	0.00000000000000000000e+000	1.13356361390000003553e+002	0.00000000000000000000e+000	-4.44893159617212782244e-005	0.00000000000000000000e+000	1.03023963870353397728e-004	0.00000000000000000000e+000	9.86999904620461165905e-001	1	1
3.20710656250000000000e+005	0.00000000000000000000e+000	3.20706000000000000000e+005	1.12244961199999996682e-004	0.00000000000000000000e+000	1.13346420289999997522e+002	0.00000000000000000000e+000	-4.44814944900039465465e-005	0.00000000000000000000e+000	1.03054975438962939400e-004	0.00000000000000000000e+000	1.15999990468844771385e+000	1	1
3.20713781250000000000e+005	0.00000000000000000000e+000	3.20708000000000000000e+005	1.12296867880000000037e-004	0.00000000000000000000e+000	1.13345420840000002727e+002	0.00000000000000000000e+000	-4.45002660625006012845e-005	0.00000000000000000000e+000	1.03103408556772904487e-004	0.00000000000000000000e+000	1.34199990460183471441e+000	1	1
3.20714812500000000000e+005	0.00000000000000000000e+000	3.20710000000000000000e+005	1.12330191770000002802e-004	0.00000000000000000000e+000	1.13352066039999996860e+002	0.00000000000000000000e+000	-4.45254326810918065849e-005	0.00000000000000000000e+000	1.03128840911000913103e-004	0.00000000000000000000e+000	1.51999990467447787523e+000	1	1
3.20717312500000000000e+005	0.00000000000000000000e+000	3.20712000000000000000e+005	1.12394518509999999812e-004	0.00000000000000000000e+000	1.13335861210000004462e+002	0.00000000000000000000e+000	-4.45217443387261832023e-005	0.00000000000000000000e+000	1.03200494534337554168e-004	0.00000000000000000000e+000	1.69299990462604910135e+000	1	1
3.20718687500000000000e+005	0.00000000000000000000e+000	3.20714000000000000000e+005	1.12425797849999997311e-004	0.00000000000000000000e+000	1.13330383299999994051e+002	0.00000000000000000000e+000	-4.45242650212657591091e-005	0.00000000000000000000e+000	1.03233472510252962773e-004	0.00000000000000000000e+000	1.86599990457762032747e+000	1	1
3.20721531250000000000e+005	0.00000000000000000000e+000	3.20716000000000000000e+005	1.12481233369999996915e-004	0.00000000000000000000e+000	1.13333007809999998017e+002	0.00000000000000000000e+000	-4.45509503189691729837e-005	0.00000000000000000000e+000	1.03282334821174249530e-004	0.00000000000000000000e+000	2.04199990467168390751e+000	1	1
3.20723906250000000000e+005	0.00000000000000000000e+000	3.20718000000000000000e+005	1.12522553540000001186e-004	0.00000000000000000000e+000	1.13325393680000004792e+002	0.00000000000000000000e+000	-4.45535853914344625215e-005	0.00000000000000000000e+000	1.03326197471552788079e-004	0.00000000000000000000e+000	2.21599990467075258493e+000	1	1
3.20724843750000000000e+005	0.00000000000000000000e+000	3.20720000000000000000e+005	1.12591558720000000596e-004	0.00000000000000000000e+000	1.13298400880000002644e+002	0.00000000000000000000e+000	-4.45321950282934076056e-005	0.00000000000000000000e+000	1.03410554108182055019e-004	0.00000000000000000000e+000	2.39099990460090339184e+000	1	1
3.20726812500000000000e+005	0.00000000000000000000e+000	3.20722000000000000000e+005	1.12623521999999996854e-004	0.00000000000000000000e+000	1.13309387209999997026e+002	0.00000000000000000000e+000	-4.45646706781679998051e-005	0.00000000000000000000e+000	1.03431367751910337671e-004	0.00000000000000000000e+000	2.56799990462604910135e+000	1	1
3.20730187500000000000e+005	0.00000000000000000000e+000	3.20724000000000000000e+005	1.12686793730000004939e-004	0.00000000000000000000e+000	1.13298736570000002644e+002	0.00000000000000000000e+000	-4.45704687473452555268e-005	0.00000000000000000000e+000	1.03497762279140540962e-004	0.00000000000000000000e+000	2.74299990467261523008e+000	1	1
3.20730437500000000000e+005	0.00000000000000000000e+000	3.20726000000000000000e+005	1.12735564469999995215e-004	0.00000000000000000000e+000	1.13289665220000003387e+002	0.00000000000000000000e+000	-4.45733648790168883328e-005	0.00000000000000000000e+000	1.03549614387169727813e-004	0.00000000000000000000e+000	2.91799990460276603699e+000	1	1
3.20733875000000000000e+005	0.00000000000000000000e+000	3.20728000000000000000e+005	1.12796900790000000493e-004	0.00000000000000000000e+000	1.13283668520000006197e+002	0.00000000000000000000e+000	-4.45867721541212512363e-005	0.00000000000000000000e+000	1.03610619999619629739e-004	0.00000000000000000000e+000	3.09099990467075258493e+000	1	1
3.20735062500000000000e+005	0.00000000000000000000e+000	3.20730000000000000000e+005	1.12848305430000004669e-004	0.00000000000000000000e+000	1.13287239069999998264e+002	0.00000000000000000000e+000	-4.46135512157871204201e-005	0.00000000000000000000e+000	1.03655058180191617491e-004	0.00000000000000000000e+000	3.26299990457482635975e+000	1	1
3.20737093750000000000e+005	0.00000000000000000000e+000	3.20732000000000000000e+005	1.12911460750000005736e-004	0.00000000000000000000e+000	1.13276023859999995125e+002	0.00000000000000000000e+000	-4.46182172036708194146e-005	0.00000000000000000000e+000	1.03721804179568942959e-004	0.00000000000000000000e+000	3.43499990459531545639e+000	1	1
3.20738843750000000000e+005	0.00000000000000000000e+000	3.20734000000000000000e+005	1.12954403450000001011e-004	0.00000000000000000000e+000	1.13268112180000002809e+002	0.00000000000000000000e+000	-4.46208582045636644071e-005	0.00000000000000000000e+000	1.03767414306388090447e-004	0.00000000000000000000e+000	3.60799990466330200434e+000	1	1
3.20740781250000000000e+005	0.00000000000000000000e+000	3.20736000000000000000e+005	1.13010471979999995253e-004	0.00000000000000000000e+000	1.13247131350000003636e+002	0.00000000000000000000e+000	-4.46049873158919744920e-005	0.00000000000000000000e+000	1.03835263199413514799e-004	0.00000000000000000000e+000	3.77999990468379110098e+000	1	1
3.20742937500000000000e+005	0.00000000000000000000e+000	3.20738000000000000000e+005	1.13048386990000001304e-004	0.00000000000000000000e+000	1.13249656680000001074e+002	0.00000000000000000000e+000	-4.46245303526198242158e-005	0.00000000000000000000e+000	1.03868133187464734999e-004	0.00000000000000000000e+000	3.95499990461394190788e+000	1	1
3.20745218750000000000e+005	0.00000000000000000000e+000	3.20740000000000000000e+005	1.13131354740000000456e-004	0.00000000000000000000e+000	1.13244606020000006197e+002	0.00000000000000000000e+000	-4.46481179667015419727e-005	0.00000000000000000000e+000	1.03948299588493622294e-004	0.00000000000000000000e+000	4.12999990466050803661e+000	1	1
3.20747093750000000000e+005	0.00000000000000000000e+000	3.20742000000000000000e+005	1.13200541819999999445e-004	0.00000000000000000000e+000	1.13231246949999999174e+002	0.00000000000000000000e+000	-4.46511705585448569677e-005	0.00000000000000000000e+000	1.04022284324529741637e-004	0.00000000000000000000e+000	4.30899990466423332691e+000	1	1
3.20749468750000000000e+005	0.00000000000000000000e+000	3.20744000000000000000e+005	1.13271693409999998805e-004	0.00000000000000000000e+000	1.13226684570000003305e+002	0.00000000000000000000e+000	-4.46709473191914994777e-005	0.00000000000000000000e+000	1.04091224383110484081e-004	0.00000000000000000000e+000	4.48599990468937903643e+000	1	1
3.20751437500000000000e+005	0.00000000000000000000e+000	3.20746000000000000000e+005	1.13318339569999995686e-004	0.00000000000000000000e+000	1.13217147830000001818e+002	0.00000000000000000000e+000	-4.46720096820632517343e-005	0.00000000000000000000e+000	1.04141526942269649022e-004	0.00000000000000000000e+000	4.66199990466702729464e+000	1	1
3.20752375000000000000e+005	0.00000000000000000000e+000	3.20748000000000000000e+005	1.13404836160000004638e-004	0.00000000000000000000e+000	1.13205955509999995456e+002	0.00000000000000000000e+000	-4.46857484217951224999e-005	0.00000000000000000000e+000	1.04229749843605021785e-004	0.00000000000000000000e+000	4.83599990466609597206e+000	1	1
3.20754843750000000000e+005	0.00000000000000000000e+000	3.20750000000000000000e+005	1.13474961839999999086e-004	0.00000000000000000000e+000	1.13197952270000001818e+002	0.00000000000000000000e+000	-4.46988120120953179499e-005	0.00000000000000000000e+000	1.04300446639968039607e-004	0.00000000000000000000e+000	5.00799990468658506870e+000	1	1
3.20757218750000000000e+005	0.00000000000000000000e+000	3.20752000000000000000e+005	1.13523237809999994743e-004	0.00000000000000000000e+000	1.13186851500000003057e+002	0.00000000000000000000e+000	-4.46976112281466240366e-005	0.00000000000000000000e+000	1.04353481366762621029e-004	0.00000000000000000000e+000	5.18499990459531545639e+000	1	1
3.20759031250000000000e+005	0.00000000000000000000e+000	3.20754000000000000000e+005	1.13617512400000000286e-004	0.00000000000000000000e+000	1.13169670100000004709e+002	0.00000000000000000000e+000	-4.47034093668499229383e-005	0.00000000000000000000e+000	1.04453550992505701366e-004	0.00000000000000000000e+000	5.35999990464188158512e+000	1	1
3.20759937500000000000e+005	0.00000000000000000000e+000	3.20756000000000000000e+005	1.13689937279999993486e-004	0.00000000000000000000e+000	1.13164772029999994629e+002	0.00000000000000000000e+000	-4.47229699948958707694e-005	0.00000000000000000000e+000	1.04523957988424728155e-004	0.00000000000000000000e+000	5.53499990468844771385e+000	1	1
3.20763187500000000000e+005	0.00000000000000000000e+000	3.20758000000000000000e+005	1.13748792500000000432e-004	0.00000000000000000000e+000	1.13151893619999995622e+002	0.00000000000000000000e+000	-4.47226150550913536391e-005	0.00000000000000000000e+000	1.04588123120372386067e-004	0.00000000000000000000e+000	5.71699990460183471441e+000	1	1
3.20764468750000000000e+005	0.00000000000000000000e+000	3.20760000000000000000e+005	1.13836118539999999171e-004	0.00000000000000000000e+000	1.13143463130000000660e+002	0.00000000000000000000e+000	-4.47415476611289346398e-005	0.00000000000000000000e+000	1.04675000822258693674e-004	0.00000000000000000000e+000	5.88999990466982126236e+000	1	1
3.20766843750000000000e+005	0.00000000000000000000e+000	3.20762000000000000000e+005	1.13899004650000004756e-004	0.00000000000000000000e+000	1.13123069760000007022e+002	0.00000000000000000000e+000	-4.47289835450407767710e-005	0.00000000000000000000e+000	1.04748753172952818735e-004	0.00000000000000000000e+000	6.06299990462139248848e+000	1	1
3.20768718750000000000e+005	0.00000000000000000000e+000	3.20764000000000000000e+005	1.13987400250000004754e-004	0.00000000000000000000e+000	1.13114540099999999256e+002	0.00000000000000000000e+000	-4.47480905393853685328e-005	0.00000000000000000000e+000	1.04836710215614221518e-004	0.00000000000000000000e+000	6.23599990468937903643e+000	1	1
3.20771312500000000000e+005	0.00000000000000000000e+000	3.20766000000000000000e+005	1.14077505709999998083e-004	0.00000000000000000000e+000	1.13094009400000004462e+002	0.00000000000000000000e+000	-4.47458647542450105175e-005	0.00000000000000000000e+000	1.04935622628399627464e-004	0.00000000000000000000e+000	6.40799990459345281124e+000	1	1
3.20773125000000000000e+005	0.00000000000000000000e+000	3.20768000000000000000e+005	1.14158588990000001758e-004	0.00000000000000000000e+000	1.13082115169999994464e+002	0.00000000000000000000e+000	-4.47558685354712258741e-005	0.00000000000000000000e+000	1.05019501388186779290e-004	0.00000000000000000000e+000	6.58199990459252148867e+000	1	1
3.20775468750000000000e+005	0.00000000000000000000e+000	3.20770000000000000000e+005	1.14256086819999999517e-004	0.00000000000000000000e+000	1.13074272160000006693e+002	0.00000000000000000000e+000	-4.47797041213051589333e-005	0.00000000000000000000e+000	1.05115324640262344010e-004	0.00000000000000000000e+000	6.75399990461301058531e+000	1	1
3.20776406250000000000e+005	0.00000000000000000000e+000	3.20772000000000000000e+005	1.14343754830000004412e-004	0.00000000000000000000e+000	1.13049873349999998595e+002	0.00000000000000000000e+000	-4.47692626482288404946e-005	0.00000000000000000000e+000	1.05215053060657865456e-004	0.00000000000000000000e+000	6.92799990461207926273e+000	1	1
3.20779750000000000000e+005	0.00000000000000000000e+000	3.20774000000000000000e+005	1.14416972789999998828e-004	0.00000000000000000000e+000	1.13040893550000006940e+002	0.00000000000000000000e+000	-4.47814286810910557545e-005	0.00000000000000000000e+000	1.05289445376580628072e-004	0.00000000000000000000e+000	7.09999990463256835938e+000	1	1
3.20780468750000000000e+005	0.00000000000000000000e+000	3.20776000000000000000e+005	1.14505972309999999115e-004	0.00000000000000000000e+000	1.13019706729999995787e+002	0.00000000000000000000e+000	-4.47772947701999770209e-005	0.00000000000000000000e+000	1.05387909969413038984e-004	0.00000000000000000000e+000	7.27599990461021661758e+000	1	1
3.20782750000000000000e+005	0.00000000000000000000e+000	3.20778000000000000000e+005	1.14600108650000001424e-004	0.00000000000000000000e+000	1.13009536740000001487e+002	0.00000000000000000000e+000	-4.47953841493035678756e-005	0.00000000000000000000e+000	1.05482503106003923658e-004	0.00000000000000000000e+000	7.45099990465678274632e+000	1	1
3.20785187500000000000e+005	0.00000000000000000000e+000	3.20780000000000000000e+005	1.14716422100000003470e-004	0.00000000000000000000e+000	1.12984237669999998843e+002	0.00000000000000000000e+000	-4.47942215928732401990e-005	0.00000000000000000000e+000	1.05609351912195440783e-004	0.00000000000000000000e+000	7.62399990460835397243e+000	1	1
3.20786562500000000000e+005	0.00000000000000000000e+000	3.20782000000000000000e+005	1.14814640259999994985e-004	0.00000000000000000000e+000	1.12969429020000006858e+002	0.00000000000000000000e+000	-4.48052529803347757619e-005	0.00000000000000000000e+000	1.05711356643462922296e-004	0.00000000000000000000e+000	7.79999990458600223064e+000	1	1
3.20790062500000000000e+005	0.00000000000000000000e+000	3.20784000000000000000e+005	1.14908259999999996120e-004	0.00000000000000000000e+000	1.12947158810000004792e+002	0.00000000000000000000e+000	-4.48006614608091924853e-005	0.00000000000000000000e+000	1.05814975069229040279e-004	0.00000000000000000000e+000	7.97199990460649132729e+000	1	1
3.20791437500000000000e+005	0.00000000000000000000e+000	3.20786000000000000000e+005	1.15020928209999998113e-004	0.00000000000000000000e+000	1.12934585569999995869e+002	0.00000000000000000000e+000	-4.48213444126011371178e-005	0.00000000000000000000e+000	1.05928565605963723238e-004	0.00000000000000000000e+000	8.14699990465305745602e+000	1	1
3.20793156250000000000e+005	0.00000000000000000000e+000	3.20788000000000000000e+005	1.15127011670000006013e-004	0.00000000000000000000e+000	1.12907920840000002727e+002	0.00000000000000000000e+000	-4.48133348697454645835e-005	0.00000000000000000000e+000	1.06047130248377644815e-004	0.00000000000000000000e+000	8.31999990460462868214e+000	1	1
3.20795406250000000000e+005	0.00000000000000000000e+000	3.20790000000000000000e+005	1.15234375700000001973e-004	0.00000000000000000000e+000	1.12879287719999993556e+002	0.00000000000000000000e+000	-4.48020752052770600141e-005	0.00000000000000000000e+000	1.06168429395321888432e-004	0.00000000000000000000e+000	8.49499990465119481087e+000	1	1
3.20797750000000000000e+005	0.00000000000000000000e+000	3.20792000000000000000e+005	1.15366005050000002496e-004	0.00000000000000000000e+000	1.12871032709999994381e+002	0.00000000000000000000e+000	-4.48379371192543659495e-005	0.00000000000000000000e+000	1.06296164164500393724e-004	0.00000000000000000000e+000	8.66799990460276603699e+000	1	1
3.20798906250000000000e+005	0.00000000000000000000e+000	3.20794000000000000000e+005	1.15481598190000003660e-004	0.00000000000000000000e+000	1.12832382199999997852e+002	0.00000000000000000000e+000	-4.48110761588012317461e-005	0.00000000000000000000e+000	1.06432922415983344353e-004	0.00000000000000000000e+000	8.83999990462325513363e+000	1	1
3.20801750000000000000e+005	0.00000000000000000000e+000	3.20796000000000000000e+005	1.15590351920000000479e-004	0.00000000000000000000e+000	1.12811599729999997521e+002	0.00000000000000000000e+000	-4.48146316521773352025e-005	0.00000000000000000000e+000	1.06549416924116079975e-004	0.00000000000000000000e+000	9.01199990464374423027e+000	1	1
3.20802375000000000000e+005	0.00000000000000000000e+000	3.20798000000000000000e+005	1.15716611619999995282e-004	0.00000000000000000000e+000	1.12780464170000001900e+002	0.00000000000000000000e+000	-4.48056120727878615996e-005	0.00000000000000000000e+000	1.06690165111863820941e-004	0.00000000000000000000e+000	9.18799990462139248848e+000	1	1
3.20805343750000000000e+005	0.00000000000000000000e+000	3.20800000000000000000e+005	1.15857481430000003927e-004	0.00000000000000000000e+000	1.12761535640000005287e+002	0.00000000000000000000e+000	-4.48248649640123171469e-005	0.00000000000000000000e+000	1.06834860809853899569e-004	0.00000000000000000000e+000	9.36199990462046116590e+000	1	1
3.20807218750000000000e+005	0.00000000000000000000e+000	3.20802000000000000000e+005	1.15973765789999998070e-004	0.00000000000000000000e+000	1.12731452939999996943e+002	0.00000000000000000000e+000	-4.48136996998861310629e-005	0.00000000000000000000e+000	1.06965633129160701408e-004	0.00000000000000000000e+000	9.53599990461952984333e+000	1	1
3.20809812500000000000e+005	0.00000000000000000000e+000	3.20804000000000000000e+005	1.16139715830000005495e-004	0.00000000000000000000e+000	1.12676918029999995952e+002	0.00000000000000000000e+000	-4.47758474959880579925e-005	0.00000000000000000000e+000	1.07161359986187072085e-004	0.00000000000000000000e+000	9.71099990466609597206e+000	1	1
3.20811156250000000000e+005	0.00000000000000000000e+000	3.20806000000000000000e+005	1.16299343059999996195e-004	0.00000000000000000000e+000	1.12661300659999994878e+002	0.00000000000000000000e+000	-4.48081380046356819898e-005	0.00000000000000000000e+000	1.07320864535956356093e-004	0.00000000000000000000e+000	9.88399990461766719818e+000	1	1
3.20813000000000000000e+005	0.00000000000000000000e+000	3.20808000000000000000e+005	1.16402981799999997547e-004	0.00000000000000000000e+000	1.12614662170000002561e+002	0.00000000000000000000e+000	-4.47606168649981807535e-005	0.00000000000000000000e+000	1.07452972735964694356e-004	0.00000000000000000000e+000	1.00579999046167358756e+001	1	1
3.20815375000000000000e+005	0.00000000000000000000e+000	3.20810000000000000000e+005	1.16581490150000001860e-004	0.00000000000000000000e+000	1.12587104800000005866e+002	0.00000000000000000000e+000	-4.47774931999806471939e-005	0.00000000000000000000e+000	1.07639304848741170981e-004	0.00000000000000000000e+000	1.02279999046586453915e+001	1	1
3.20816343750000000000e+005	0.00000000000000000000e+000	3.20812000000000000000e+005	1.16732793690000000446e-004	0.00000000000000000000e+000	1.12545021059999996282e+002	0.00000000000000000000e+000	-4.47564312540953308794e-005	0.00000000000000000000e+000	1.07811905576654857414e-004	0.00000000000000000000e+000	1.04009999046102166176e+001	1	1
3.20818500000000000000e+005	0.00000000000000000000e+000	3.20814000000000000000e+005	1.16884126329999996595e-004	0.00000000000000000000e+000	1.12505325319999997191e+002	0.00000000000000000000e+000	-4.47396516125208784913e-005	0.00000000000000000000e+000	1.07982695657765723901e-004	0.00000000000000000000e+000	1.05709999046521261334e+001	1	1
3.20821156250000000000e+005	0.00000000000000000000e+000	3.20816000000000000000e+005	1.17057141320000001076e-004	0.00000000000000000000e+000	1.12448982240000006527e+002	0.00000000000000000000e+000	-4.46995104204311478739e-005	0.00000000000000000000e+000	1.08186543073453541133e-004	0.00000000000000000000e+000	1.07409999045776203275e+001	1	1
3.20823406250000000000e+005	0.00000000000000000000e+000	3.20818000000000000000e+005	1.17218201919999995405e-004	0.00000000000000000000e+000	1.12420013429999997356e+002	0.00000000000000000000e+000	-4.47062329018867296235e-005	0.00000000000000000000e+000	1.08358015859834531610e-004	0.00000000000000000000e+000	1.09139999046456068754e+001	1	1
3.20824843750000000000e+005	0.00000000000000000000e+000	3.20820000000000000000e+005	1.17424198829999996497e-004	0.00000000000000000000e+000	1.12361145019999995043e+002	0.00000000000000000000e+000	-4.46732472851717543421e-005	0.00000000000000000000e+000	1.08594398786794098049e-004	0.00000000000000000000e+000	1.10899999046232551336e+001	1	1
3.20827281250000000000e+005	0.00000000000000000000e+000	3.20822000000000000000e+005	1.17619769300000005081e-004	0.00000000000000000000e+000	1.12305152890000002230e+002	0.00000000000000000000e+000	-4.46413291053991844359e-005	0.00000000000000000000e+000	1.08818940749708928037e-004	0.00000000000000000000e+000	1.12639999046223238111e+001	1	1
3.20828531250000000000e+005	0.00000000000000000000e+000	3.20824000000000000000e+005	1.17785697510000005950e-004	0.00000000000000000000e+000	1.12258354190000005701e+002	0.00000000000000000000e+000	-4.46152827243034402261e-005	0.00000000000000000000e+000	1.09008931218261624261e-004	0.00000000000000000000e+000	1.14389999046688899398e+001	1	1
3.20831812500000000000e+005	0.00000000000000000000e+000	3.20826000000000000000e+005	1.18006813860000003944e-004	0.00000000000000000000e+000	1.12193626399999999421e+002	0.00000000000000000000e+000	-4.45756294645668072461e-005	0.00000000000000000000e+000	1.09263998532116394656e-004	0.00000000000000000000e+000	1.16119999046204611659e+001	1	1
3.20833406250000000000e+005	0.00000000000000000000e+000	3.20828000000000000000e+005	1.18210351499999999705e-004	0.00000000000000000000e+000	1.12124511720000000992e+002	0.00000000000000000000e+000	-4.45204506937457386313e-005	0.00000000000000000000e+000	1.09506240332591587758e-004	0.00000000000000000000e+000	1.17849999046884477139e+001	1	1
3.20834750000000000000e+005	0.00000000000000000000e+000	3.20830000000000000000e+005	1.18422758529999999871e-004	0.00000000000000000000e+000	1.12058784479999999917e+002	0.00000000000000000000e+000	-4.44745716901937822958e-005	0.00000000000000000000e+000	1.09754098833840844050e-004	0.00000000000000000000e+000	1.19639999045757576823e+001	1	1
3.20837125000000000000e+005	0.00000000000000000000e+000	3.20832000000000000000e+005	1.18656716950000002569e-004	0.00000000000000000000e+000	1.11978897090000003800e+002	0.00000000000000000000e+000	-4.44090610503156964879e-005	0.00000000000000000000e+000	1.10032957671698310392e-004	0.00000000000000000000e+000	1.21349999046651646495e+001	1	1
3.20839062500000000000e+005	0.00000000000000000000e+000	3.20834000000000000000e+005	1.18892996399999997022e-004	0.00000000000000000000e+000	1.11919502260000001570e+002	0.00000000000000000000e+000	-4.43831771151562189267e-005	0.00000000000000000000e+000	1.10298133176110852382e-004	0.00000000000000000000e+000	1.23109999046428129077e+001	1	1
3.20841000000000000000e+005	0.00000000000000000000e+000	3.20836000000000000000e+005	1.19139695020000006527e-004	0.00000000000000000000e+000	1.11834739690000006362e+002	0.00000000000000000000e+000	-4.43117098929912838520e-005	0.00000000000000000000e+000	1.10592672884861546278e-004	0.00000000000000000000e+000	1.24839999045943841338e+001	1	1
3.20842500000000000000e+005	0.00000000000000000000e+000	3.20838000000000000000e+005	1.19377385999999994842e-004	0.00000000000000000000e+000	1.11741500849999994216e+002	0.00000000000000000000e+000	-4.42197265126644049578e-005	0.00000000000000000000e+000	1.10885418677742113107e-004	0.00000000000000000000e+000	1.26569999046623706818e+001	1	1
3.20845125000000000000e+005	0.00000000000000000000e+000	3.20840000000000000000e+005	1.19635398730000001746e-004	0.00000000000000000000e+000	1.11642509459999999422e+002	0.00000000000000000000e+000	-4.41232397977821399625e-005	0.00000000000000000000e+000	1.11201476334774895251e-004	0.00000000000000000000e+000	1.28309999046614393592e+001	1	1
3.20847062500000000000e+005	0.00000000000000000000e+000	3.20842000000000000000e+005	1.19939548310000001791e-004	0.00000000000000000000e+000	1.11533012389999996117e+002	0.00000000000000000000e+000	-4.40222781662728387324e-005	0.00000000000000000000e+000	1.11568518291936291968e-004	0.00000000000000000000e+000	1.30049999046605080366e+001	1	1
3.20848687500000000000e+005	0.00000000000000000000e+000	3.20844000000000000000e+005	1.20202224929999998762e-004	0.00000000000000000000e+000	1.11430282590000004461e+002	0.00000000000000000000e+000	-4.39181419876031955171e-005	0.00000000000000000000e+000	1.11891785589823515991e-004	0.00000000000000000000e+000	1.31789999046595767140e+001	1	1
3.20850656250000000000e+005	0.00000000000000000000e+000	3.20846000000000000000e+005	1.20488351969999995736e-004	0.00000000000000000000e+000	1.11308532709999994381e+002	0.00000000000000000000e+000	-4.37842557939431147084e-005	0.00000000000000000000e+000	1.12251422730481065508e-004	0.00000000000000000000e+000	1.33519999046111479402e+001	1	1
3.20853843750000000000e+005	0.00000000000000000000e+000	3.20848000000000000000e+005	1.20828910440000004294e-004	0.00000000000000000000e+000	1.11172210690000000000e+002	0.00000000000000000000e+000	-4.36400561804923148735e-005	0.00000000000000000000e+000	1.12672849856036816460e-004	0.00000000000000000000e+000	1.35269999046577140689e+001	1	1
3.20855593750000000000e+005	0.00000000000000000000e+000	3.20850000000000000000e+005	1.21122735440000006517e-004	0.00000000000000000000e+000	1.11028709410000004709e+002	0.00000000000000000000e+000	-4.34631574769425718468e-005	0.00000000000000000000e+000	1.13056052392619495379e-004	0.00000000000000000000e+000	1.37009999046567827463e+001	1	1
3.20856375000000000000e+005	0.00000000000000000000e+000	3.20852000000000000000e+005	1.21484888950000000400e-004	0.00000000000000000000e+000	1.10879470830000002479e+002	0.00000000000000000000e+000	-4.32976054352191865038e-005	0.00000000000000000000e+000	1.13507249137532662182e-004	0.00000000000000000000e+000	1.38739999046083539724e+001	1	1
3.20859468750000000000e+005	0.00000000000000000000e+000	3.20854000000000000000e+005	1.21834134920000003444e-004	0.00000000000000000000e+000	1.10712814330000000496e+002	0.00000000000000000000e+000	-4.30907864007315846971e-005	0.00000000000000000000e+000	1.13959381180626326832e-004	0.00000000000000000000e+000	1.40469999046763405204e+001	1	1
3.20860625000000000000e+005	0.00000000000000000000e+000	3.20856000000000000000e+005	1.22179029860000008248e-004	0.00000000000000000000e+000	1.10530143739999999752e+002	0.00000000000000000000e+000	-4.28481970401942333895e-005	0.00000000000000000000e+000	1.14419173864940419737e-004	0.00000000000000000000e+000	1.42189999045804142952e+001	1	1
3.20862656250000000000e+005	0.00000000000000000000e+000	3.20858000000000000000e+005	1.22567129439999999247e-004	0.00000000000000000000e+000	1.10322196959999999422e+002	0.00000000000000000000e+000	-4.25674344169835606588e-005	0.00000000000000000000e+000	1.14937873420024253956e-004	0.00000000000000000000e+000	1.43929999045794829726e+001	1	1
3.20865250000000000000e+005	0.00000000000000000000e+000	3.20860000000000000000e+005	1.22956887940000003353e-004	0.00000000000000000000e+000	1.10088157649999999421e+002	0.00000000000000000000e+000	-4.22314559975487646671e-005	0.00000000000000000000e+000	1.15476839306489600695e-004	0.00000000000000000000e+000	1.45689999046735465527e+001	1	1
3.20867062500000000000e+005	0.00000000000000000000e+000	3.20862000000000000000e+005	1.23334626549999987980e-004	0.00000000000000000000e+000	1.09853462219999997274e+002	0.00000000000000000000e+000	-4.18863718287569035859e-005	0.00000000000000000000e+000	1.16004146310599956819e-004	0.00000000000000000000e+000	1.47389999045990407467e+001	1	1
3.20868593750000000000e+005	0.00000000000000000000e+000	3.20864000000000000000e+005	1.23756923129999998195e-004	0.00000000000000000000e+000	1.09572822569999999587e+002	0.00000000000000000000e+000	-4.14591447023755877246e-005	0.00000000000000000000e+000	1.16605811789774059702e-004	0.00000000000000000000e+000	1.49119999046670272946e+001	1	1
3.20871281250000000000e+005	0.00000000000000000000e+000	3.20866000000000000000e+005	1.24192796650000002439e-004	0.00000000000000000000e+000	1.09271728519999996365e+002	0.00000000000000000000e+000	-4.09896613589006650899e-005	0.00000000000000000000e+000	1.17233520809668158606e-004	0.00000000000000000000e+000	1.50899999046232551336e+001	1	1
3.20873656250000000000e+005	0.00000000000000000000e+000	3.20868000000000000000e+005	1.24660247819999997227e-004	0.00000000000000000000e+000	1.08923500059999994960e+002	0.00000000000000000000e+000	-4.04279915847721618271e-005	0.00000000000000000000e+000	1.17922664839993347839e-004	0.00000000000000000000e+000	1.52629999045748263597e+001	1	1
3.20875187500000000000e+005	0.00000000000000000000e+000	3.20870000000000000000e+005	1.25087986819999999943e-004	0.00000000000000000000e+000	1.08548828119999996034e+002	0.00000000000000000000e+000	-3.97920750650415997038e-005	0.00000000000000000000e+000	1.18590029971741669676e-004	0.00000000000000000000e+000	1.54359999046428129077e+001	1	1
3.20876687500000000000e+005	0.00000000000000000000e+000	3.20872000000000000000e+005	1.25525431939999991071e-004	0.00000000000000000000e+000	1.08129104609999998843e+002	0.00000000000000000000e+000	-3.90583921810447646204e-005	0.00000000000000000000e+000	1.19294073884477895044e-004	0.00000000000000000000e+000	1.56109999046893790364e+001	1	1
3.20878593750000000000e+005	0.00000000000000000000e+000	3.20874000000000000000e+005	1.25955062689999997038e-004	0.00000000000000000000e+000	1.07658401490000002809e+002	0.00000000000000000000e+000	-3.82073710195805050322e-005	0.00000000000000000000e+000	1.20020309185628874403e-004	0.00000000000000000000e+000	1.57849999046884477139e+001	1	1
3.20880750000000000000e+005	0.00000000000000000000e+000	3.20876000000000000000e+005	1.26352897500000004331e-004	0.00000000000000000000e+000	1.07149765009999995868e+002	0.00000000000000000000e+000	-3.72577231657073427822e-005	0.00000000000000000000e+000	1.20734902870516373785e-004	0.00000000000000000000e+000	1.59599999046185985208e+001	1	1
3.20883062500000000000e+005	0.00000000000000000000e+000	3.20878000000000000000e+005	1.26718892720000003054e-004	0.00000000000000000000e+000	1.06564582819999998264e+002	0.00000000000000000000e+000	-3.61270366148589328233e-005	0.00000000000000000000e+000	1.21459931654893969278e-004	0.00000000000000000000e+000	1.61319999046390876174e+001	1	1
3.20884812500000000000e+005	0.00000000000000000000e+000	3.20880000000000000000e+005	1.27027553389999991150e-004	0.00000000000000000000e+000	1.05936996460000003140e+002	0.00000000000000000000e+000	-3.48792430414965242487e-005	0.00000000000000000000e+000	1.22145150231605655955e-004	0.00000000000000000000e+000	1.63059999046381562948e+001	1	1
3.20887312500000000000e+005	0.00000000000000000000e+000	3.20882000000000000000e+005	1.27267412610000013075e-004	0.00000000000000000000e+000	1.05243957519999995043e+002	0.00000000000000000000e+000	-3.34623489122843787856e-005	0.00000000000000000000e+000	1.22789517132842129158e-004	0.00000000000000000000e+000	1.64799999046372249722e+001	1	1
3.20888781250000000000e+005	0.00000000000000000000e+000	3.20884000000000000000e+005	1.27358565810000004320e-004	0.00000000000000000000e+000	1.04446525570000005700e+002	0.00000000000000000000e+000	-3.17729422583581984775e-005	0.00000000000000000000e+000	1.23331603514375561610e-004	0.00000000000000000000e+000	1.66519999046577140689e+001	1	1
3.20891000000000000000e+005	0.00000000000000000000e+000	3.20886000000000000000e+005	1.27312960099999994369e-004	0.00000000000000000000e+000	1.03590225219999993556e+002	0.00000000000000000000e+000	-2.99155233565929134718e-005	0.00000000000000000000e+000	1.23748338460463128824e-004	0.00000000000000000000e+000	1.68279999046353623271e+001	1	1
3.20893156250000000000e+005	0.00000000000000000000e+000	3.20888000000000000000e+005	1.27036400950000002551e-004	0.00000000000000000000e+000	1.02677116389999994794e+002	0.00000000000000000000e+000	-2.78789682481575407515e-005	0.00000000000000000000e+000	1.23939542905996655285e-004	0.00000000000000000000e+000	1.69979999046772718430e+001	1	1
3.20895625000000000000e+005	0.00000000000000000000e+000	3.20890000000000000000e+005	1.26546947289999999831e-004	0.00000000000000000000e+000	1.01710845950000006610e+002	0.00000000000000000000e+000	-2.56855662718406017669e-005	0.00000000000000000000e+000	1.23912798183694163393e-004	0.00000000000000000000e+000	1.71719999046763405204e+001	1	1
3.20896656250000000000e+005	0.00000000000000000000e+000	3.20892000000000000000e+005	1.25753533210000011545e-004	0.00000000000000000000e+000	1.00661361690000006774e+002	0.00000000000000000000e+000	-2.32648945068710395452e-005	0.00000000000000000000e+000	1.23582748789556953750e-004	0.00000000000000000000e+000	1.73429999046493321657e+001	1	1
3.20898531250000000000e+005	0.00000000000000000000e+000	3.20894000000000000000e+005	1.24700338350000004004e-004	0.00000000000000000000e+000	9.96495895390000043790e+001	0.00000000000000000000e+000	-2.09025245029801318185e-005	0.00000000000000000000e+000	1.22935994948618679528e-004	0.00000000000000000000e+000	1.75159999046009033918e+001	1	1
3.20901656250000000000e+005	0.00000000000000000000e+000	3.20896000000000000000e+005	1.23359743160000005649e-004	0.00000000000000000000e+000	9.86688461300000057008e+001	0.00000000000000000000e+000	-1.85931860433014171030e-005	0.00000000000000000000e+000	1.21950480381425105251e-004	0.00000000000000000000e+000	1.76879999046213924885e+001	1	1
3.20902281250000000000e+005	0.00000000000000000000e+000	3.20898000000000000000e+005	1.21659890279999998255e-004	0.00000000000000000000e+000	9.77078628539999982650e+001	0.00000000000000000000e+000	-1.63172861286046452626e-005	0.00000000000000000000e+000	1.20560669690985389864e-004	0.00000000000000000000e+000	1.78609999046893790364e+001	1	1
3.20905125000000000000e+005	0.00000000000000000000e+000	3.20900000000000000000e+005	1.19627562529999996476e-004	0.00000000000000000000e+000	9.68175201420000064445e+001	0.00000000000000000000e+000	-1.42006969266684761902e-005	0.00000000000000000000e+000	1.18781707024549732735e-004	0.00000000000000000000e+000	1.80329999045934528112e+001	1	1
3.20907843750000000000e+005	0.00000000000000000000e+000	3.20902000000000000000e+005	1.17398347360000006269e-004	0.00000000000000000000e+000	9.60887985229999941339e+001	0.00000000000000000000e+000	-1.24524010459812875301e-005	0.00000000000000000000e+000	1.16736068423813478361e-004	0.00000000000000000000e+000	1.82119999045971781015e+001	1	1
3.20909218750000000000e+005	0.00000000000000000000e+000	3.20904000000000000000e+005	1.15094124339999999526e-004	0.00000000000000000000e+000	9.55266799930000019003e+001	0.00000000000000000000e+000	-1.10846257732547010422e-005	0.00000000000000000000e+000	1.14559104959223033611e-004	0.00000000000000000000e+000	1.83869999046437442303e+001	1	1
3.20910968750000000000e+005	0.00000000000000000000e+000	3.20906000000000000000e+005	1.12637957499999994998e-004	0.00000000000000000000e+000	9.51193389889999991738e+001	0.00000000000000000000e+000	-1.00507363519727457775e-005	0.00000000000000000000e+000	1.12188645452893041572e-004	0.00000000000000000000e+000	1.85599999045953154564e+001	1	1
3.20913281250000000000e+005	0.00000000000000000000e+000	3.20908000000000000000e+005	1.10220942590000001789e-004	0.00000000000000000000e+000	9.48830184939999980998e+001	0.00000000000000000000e+000	-9.38218202178860338411e-006	0.00000000000000000000e+000	1.09820903501738244149e-004	0.00000000000000000000e+000	1.87339999045943841338e+001	1	1
3.20914812500000000000e+005	0.00000000000000000000e+000	3.20910000000000000000e+005	1.07864834719999998247e-004	0.00000000000000000000e+000	9.48247222899999968604e+001	0.00000000000000000000e+000	-9.07227173199390464226e-006	0.00000000000000000000e+000	1.07482633270653457603e-004	0.00000000000000000000e+000	1.89079999045934528112e+001	1	1
3.20917187500000000000e+005	0.00000000000000000000e+000	3.20912000000000000000e+005	1.05640407129999999345e-004	0.00000000000000000000e+000	9.49216461179999981823e+001	0.00000000000000000000e+000	-9.06323958191130941476e-006	0.00000000000000000000e+000	1.05250906442049373536e-004	0.00000000000000000000e+000	1.90829999046400189400e+001	1	1
3.20918906250000000000e+005	0.00000000000000000000e+000	3.20914000000000000000e+005	1.03552280049999995593e-004	0.00000000000000000000e+000	9.51598815920000049573e+001	0.00000000000000000000e+000	-9.31299638859042140421e-006	0.00000000000000000000e+000	1.03132646634417995913e-004	0.00000000000000000000e+000	1.92569999046390876174e+001	1	1
3.20920687500000000000e+005	0.00000000000000000000e+000	3.20916000000000000000e+005	1.01613186420000006002e-004	0.00000000000000000000e+000	9.55465393070000033049e+001	0.00000000000000000000e+000	-9.82134298410347815987e-006	0.00000000000000000000e+000	1.01137435583537884601e-004	0.00000000000000000000e+000	1.94299999045906588435e+001	1	1
3.20922437500000000000e+005	0.00000000000000000000e+000	3.20918000000000000000e+005	9.99521071209999987552e-005	0.00000000000000000000e+000	9.59909210210000054531e+001	0.00000000000000000000e+000	-1.04320857305435420409e-005	0.00000000000000000000e+000	9.94062136148362180668e-005	0.00000000000000000000e+000	1.96089999045943841338e+001	1	1
3.20925968750000000000e+005	0.00000000000000000000e+000	3.20920000000000000000e+005	9.84344151219999934825e-005	0.00000000000000000000e+000	9.65208129880000029743e+001	0.00000000000000000000e+000	-1.11786155509094320415e-005	0.00000000000000000000e+000	9.77976105780462652475e-005	0.00000000000000000000e+000	1.97819999046623706818e+001	1	1
3.20927500000000000000e+005	0.00000000000000000000e+000	3.20922000000000000000e+005	9.70828623390000017019e-005	0.00000000000000000000e+000	9.71195907590000047094e+001	0.00000000000000000000e+000	-1.20325220108536554755e-005	0.00000000000000000000e+000	9.63343166996660066857e-005	0.00000000000000000000e+000	1.99499999046092852950e+001	1	1
3.20929562500000000000e+005	0.00000000000000000000e+000	3.20924000000000000000e+005	9.59506141949999956852e-005	0.00000000000000000000e+000	9.77605133059999928946e+001	0.00000000000000000000e+000	-1.29564719345025814953e-005	0.00000000000000000000e+000	9.50718160098363874186e-005	0.00000000000000000000e+000	2.01229999046772718430e+001	1	1
3.20931187500000000000e+005	0.00000000000000000000e+000	3.20926000000000000000e+005	9.49588938969999940857e-005	0.00000000000000000000e+000	9.84293365479999948775e+001	0.00000000000000000000e+000	-1.39199774401204684487e-005	0.00000000000000000000e+000	9.39330919229652621869e-005	0.00000000000000000000e+000	2.02959999046288430691e+001	1	1
3.20933250000000000000e+005	0.00000000000000000000e+000	3.20928000000000000000e+005	9.40997415460000010551e-005	0.00000000000000000000e+000	9.91240692140000021482e+001	0.00000000000000000000e+000	-1.49216617438098257881e-005	0.00000000000000000000e+000	9.29091242549800447239e-005	0.00000000000000000000e+000	2.04689999045804142952e+001	1	1
3.20934875000000000000e+005	0.00000000000000000000e+000	3.20930000000000000000e+005	9.33989213079999992936e-005	0.00000000000000000000e+000	9.98232879640000021482e+001	0.00000000000000000000e+000	-1.59347877672285892882e-005	0.00000000000000000000e+000	9.20295661204123988412e-005	0.00000000000000000000e+000	2.06419999046484008431e+001	1	1
3.20937562500000000000e+005	0.00000000000000000000e+000	3.20932000000000000000e+005	9.28512090470000025014e-005	0.00000000000000000000e+000	1.00539428709999995704e+002	0.00000000000000000000e+000	-1.69836087386611325582e-005	0.00000000000000000000e+000	9.12847416368243292457e-005	0.00000000000000000000e+000	2.08129999046213924885e+001	1	1
3.20938437500000000000e+005	0.00000000000000000000e+000	3.20934000000000000000e+005	9.24136329560000020387e-005	0.00000000000000000000e+000	1.01212348939999998265e+002	0.00000000000000000000e+000	-1.79694374386449926397e-005	0.00000000000000000000e+000	9.06497593723497698329e-005	0.00000000000000000000e+000	2.09879999046679586172e+001	1	1
3.20940093750000000000e+005	0.00000000000000000000e+000	3.20936000000000000000e+005	9.20691381910000001230e-005	0.00000000000000000000e+000	1.01878021239999995373e+002	0.00000000000000000000e+000	-1.89504786487243373895e-005	0.00000000000000000000e+000	9.00977556114340602479e-005	0.00000000000000000000e+000	2.11609999046195298433e+001	1	1
3.20943375000000000000e+005	0.00000000000000000000e+000	3.20938000000000000000e+005	9.18092700889999946629e-005	0.00000000000000000000e+000	1.02511138919999993391e+002	0.00000000000000000000e+000	-1.98885854933880523037e-005	0.00000000000000000000e+000	8.96291595483698688490e-005	0.00000000000000000000e+000	2.13399999046232551336e+001	1	1
3.20945031250000000000e+005	0.00000000000000000000e+000	3.20940000000000000000e+005	9.16382414289999938954e-005	0.00000000000000000000e+000	1.03112030029999999670e+002	0.00000000000000000000e+000	-2.07886640108179672286e-005	0.00000000000000000000e+000	8.92490825770495671814e-005	0.00000000000000000000e+000	2.15149999046698212624e+001	1	1
3.20946656250000000000e+005	0.00000000000000000000e+000	3.20942000000000000000e+005	9.15396594790000064359e-005	0.00000000000000000000e+000	1.03689224240000001487e+002	0.00000000000000000000e+000	-2.16633538346996543046e-005	0.00000000000000000000e+000	8.89393521348333062531e-005	0.00000000000000000000e+000	2.16879999046213924885e+001	1	1
3.20948562500000000000e+005	0.00000000000000000000e+000	3.20944000000000000000e+005	9.15069103940000015771e-005	0.00000000000000000000e+000	1.04253883360000003222e+002	0.00000000000000000000e+000	-2.25307357929246587975e-005	0.00000000000000000000e+000	8.86897998333797618360e-005	0.00000000000000000000e+000	2.18629999046679586172e+001	1	1
3.20951125000000000000e+005	0.00000000000000000000e+000	3.20946000000000000000e+005	9.14970369189999972086e-005	0.00000000000000000000e+000	1.04762115480000005618e+002	0.00000000000000000000e+000	-2.33140305025869004466e-005	0.00000000000000000000e+000	8.84769108111336383127e-005	0.00000000000000000000e+000	2.20379999045981094241e+001	1	1
3.20953343750000000000e+005	0.00000000000000000000e+000	3.20948000000000000000e+005	9.15460914259999975493e-005	0.00000000000000000000e+000	1.05262252810000006775e+002	0.00000000000000000000e+000	-2.40983642223958129678e-005	0.00000000000000000000e+000	8.83173578476071930712e-005	0.00000000000000000000e+000	2.22109999046660959721e+001	1	1
3.20955156250000000000e+005	0.00000000000000000000e+000	3.20950000000000000000e+005	9.16432545639999962843e-005	0.00000000000000000000e+000	1.05747871399999993969e+002	0.00000000000000000000e+000	-2.48724066327225381613e-005	0.00000000000000000000e+000	8.82034551215461586071e-005	0.00000000000000000000e+000	2.23839999046176671982e+001	1	1
3.20957218750000000000e+005	0.00000000000000000000e+000	3.20952000000000000000e+005	9.17459401530000030756e-005	0.00000000000000000000e+000	1.06171318049999996447e+002	0.00000000000000000000e+000	-2.55521914297498071696e-005	0.00000000000000000000e+000	8.81158501502157613921e-005	0.00000000000000000000e+000	2.25589999046642333269e+001	1	1
3.20959093750000000000e+005	0.00000000000000000000e+000	3.20954000000000000000e+005	9.19082813199999980542e-005	0.00000000000000000000e+000	1.06589378359999997770e+002	0.00000000000000000000e+000	-2.62407955078925400909e-005	0.00000000000000000000e+000	8.80826477026504125979e-005	0.00000000000000000000e+000	2.27309999046847224236e+001	1	1
3.20961218750000000000e+005	0.00000000000000000000e+000	3.20956000000000000000e+005	9.20754973779999941154e-005	0.00000000000000000000e+000	1.06969566349999993804e+002	0.00000000000000000000e+000	-2.68734930545839215089e-005	0.00000000000000000000e+000	8.80665236537205036891e-005	0.00000000000000000000e+000	2.29039999046362936497e+001	1	1
3.20962906250000000000e+005	0.00000000000000000000e+000	3.20958000000000000000e+005	9.22409963099999935694e-005	0.00000000000000000000e+000	1.07341255189999998265e+002	0.00000000000000000000e+000	-2.74935571812060222034e-005	0.00000000000000000000e+000	8.80483146561317653756e-005	0.00000000000000000000e+000	2.30759999046567827463e+001	1	1
3.20964875000000000000e+005	0.00000000000000000000e+000	3.20960000000000000000e+005	9.24493288040000000356e-005	0.00000000000000000000e+000	1.07675567630000003305e+002	0.00000000000000000000e+000	-2.80700905195901354722e-005	0.00000000000000000000e+000	8.80848932254113661583e-005	0.00000000000000000000e+000	2.32489999046083539724e+001	1	1
3.20966312500000000000e+005	0.00000000000000000000e+000	3.20962000000000000000e+005	9.26484863160000006368e-005	0.00000000000000000000e+000	1.07987838749999994548e+002	0.00000000000000000000e+000	-2.86112507721694528807e-005	0.00000000000000000000e+000	8.81200223893416454031e-005	0.00000000000000000000e+000	2.34219999046763405204e+001	1	1
3.20968968750000000000e+005	0.00000000000000000000e+000	3.20964000000000000000e+005	9.28750087039999987042e-005	0.00000000000000000000e+000	1.08282905580000004875e+002	0.00000000000000000000e+000	-2.91357397191228606145e-005	0.00000000000000000000e+000	8.81865971267040252334e-005	0.00000000000000000000e+000	2.35949999046279117465e+001	1	1
3.20971156250000000000e+005	0.00000000000000000000e+000	3.20966000000000000000e+005	9.30817259360000045327e-005	0.00000000000000000000e+000	1.08575706479999993803e+002	0.00000000000000000000e+000	-2.96518720786640953822e-005	0.00000000000000000000e+000	8.82325007321857414551e-005	0.00000000000000000000e+000	2.37679999045794829726e+001	1	1
3.20973125000000000000e+005	0.00000000000000000000e+000	3.20968000000000000000e+005	9.33184492170000001472e-005	0.00000000000000000000e+000	1.08820037839999997686e+002	0.00000000000000000000e+000	-3.01042249775130918855e-005	0.00000000000000000000e+000	8.83293190439566597077e-005	0.00000000000000000000e+000	2.39409999046474695206e+001	1	1
3.20975531250000000000e+005	0.00000000000000000000e+000	3.20970000000000000000e+005	9.35342395680000026400e-005	0.00000000000000000000e+000	1.09074089049999997769e+002	0.00000000000000000000e+000	-3.05661008484707605749e-005	0.00000000000000000000e+000	8.83989109123247800972e-005	0.00000000000000000000e+000	2.41149999046465381980e+001	1	1
3.20977500000000000000e+005	0.00000000000000000000e+000	3.20972000000000000000e+005	9.37715230979999954516e-005	0.00000000000000000000e+000	1.09302009580000003552e+002	0.00000000000000000000e+000	-3.09959391996919331495e-005	0.00000000000000000000e+000	8.85005666493031461009e-005	0.00000000000000000000e+000	2.42869999046670272946e+001	1	1
3.20978843750000000000e+005	0.00000000000000000000e+000	3.20974000000000000000e+005	9.40007666940000026793e-005	0.00000000000000000000e+000	1.09508186339999994630e+002	0.00000000000000000000e+000	-3.13907578185591352223e-005	0.00000000000000000000e+000	8.86045397405595049501e-005	0.00000000000000000000e+000	2.44629999046446755528e+001	1	1
3.20981343750000000000e+005	0.00000000000000000000e+000	3.20976000000000000000e+005	9.42190163189999982342e-005	0.00000000000000000000e+000	1.09712165830000003552e+002	0.00000000000000000000e+000	-3.17796149886116055853e-005	0.00000000000000000000e+000	8.86976837763850492783e-005	0.00000000000000000000e+000	2.46409999046009033918e+001	1	1
3.20982375000000000000e+005	0.00000000000000000000e+000	3.20978000000000000000e+005	9.44465864449999935749e-005	0.00000000000000000000e+000	1.09892784120000001735e+002	0.00000000000000000000e+000	-3.21364990218864202587e-005	0.00000000000000000000e+000	8.88110529254616484253e-005	0.00000000000000000000e+000	2.48149999045999720693e+001	1	1
3.20985093750000000000e+005	0.00000000000000000000e+000	3.20980000000000000000e+005	9.46794534679999997629e-005	0.00000000000000000000e+000	1.10076622009999994134e+002	0.00000000000000000000e+000	-3.25012279289956299271e-005	0.00000000000000000000e+000	8.89262002567671374503e-005	0.00000000000000000000e+000	2.49859999046893790364e+001	1	1
3.20987625000000000000e+005	0.00000000000000000000e+000	3.20982000000000000000e+005	9.48939559749999947966e-005	0.00000000000000000000e+000	1.10241012569999995208e+002	0.00000000000000000000e+000	-3.28304483886209875262e-005	0.00000000000000000000e+000	8.90338392926382361618e-005	0.00000000000000000000e+000	2.51579999045934528112e+001	1	1
3.20989281250000000000e+005	0.00000000000000000000e+000	3.20984000000000000000e+005	9.50976682359999962377e-005	0.00000000000000000000e+000	1.10394477839999993307e+002	0.00000000000000000000e+000	-3.31397951697178202502e-005	0.00000000000000000000e+000	8.91365271930282817387e-005	0.00000000000000000000e+000	2.53289999046828597784e+001	1	1
3.20991281250000000000e+005	0.00000000000000000000e+000	3.20986000000000000000e+005	9.53206254050000065942e-005	0.00000000000000000000e+000	1.10551704409999999257e+002	0.00000000000000000000e+000	-3.34625411938231466578e-005	0.00000000000000000000e+000	8.92540193181910588736e-005	0.00000000000000000000e+000	2.55019999046344310045e+001	1	1
3.20993312500000000000e+005	0.00000000000000000000e+000	3.20988000000000000000e+005	9.55404393609999983469e-005	0.00000000000000000000e+000	1.10669929499999994960e+002	0.00000000000000000000e+000	-3.37242288602653379976e-005	0.00000000000000000000e+000	8.93904465872800377832e-005	0.00000000000000000000e+000	2.56759999046334996819e+001	1	1
3.20994812500000000000e+005	0.00000000000000000000e+000	3.20990000000000000000e+005	9.57294105320000008252e-005	0.00000000000000000000e+000	1.10805541989999994712e+002	0.00000000000000000000e+000	-3.40028331133690540477e-005	0.00000000000000000000e+000	8.94870235345246358826e-005	0.00000000000000000000e+000	2.58489999045850709081e+001	1	1
3.20996781250000000000e+005	0.00000000000000000000e+000	3.20992000000000000000e+005	9.59271274039999932368e-005	0.00000000000000000000e+000	1.10922698969999999008e+002	0.00000000000000000000e+000	-3.42563490162273284658e-005	0.00000000000000000000e+000	8.96019883934595916556e-005	0.00000000000000000000e+000	2.60289999046362936497e+001	1	1
3.20999468750000000000e+005	0.00000000000000000000e+000	3.20994000000000000000e+005	9.61164842010000001430e-005	0.00000000000000000000e+000	1.11049148560000006114e+002	0.00000000000000000000e+000	-3.45220246003386449030e-005	0.00000000000000000000e+000	8.97028893216639749237e-005	0.00000000000000000000e+000	2.62029999046353623271e+001	1	1
3.21001062500000000000e+005	0.00000000000000000000e+000	3.20996000000000000000e+005	9.63103811959999952337e-005	0.00000000000000000000e+000	1.11152969360000000165e+002	0.00000000000000000000e+000	-3.47544802969905876431e-005	0.00000000000000000000e+000	8.98210199530428591392e-005	0.00000000000000000000e+000	2.63749999046558514237e+001	1	1
3.21002281250000000000e+005	0.00000000000000000000e+000	3.20998000000000000000e+005	9.65065410129999979357e-005	0.00000000000000000000e+000	1.11261131289999994465e+002	0.00000000000000000000e+000	-3.49951120430453259153e-005	0.00000000000000000000e+000	8.99380597488546728192e-005	0.00000000000000000000e+000	2.65499999045860022306e+001	1	1
3.21005062500000000000e+005	0.00000000000000000000e+000	3.21000000000000000000e+005	9.66726802289999978752e-005	0.00000000000000000000e+000	1.11353858950000002892e+002	0.00000000000000000000e+000	-3.52011179187030042717e-005	0.00000000000000000000e+000	9.00360394505003377736e-005	0.00000000000000000000e+000	2.67229999046539887786e+001	1	1
3.21007187500000000000e+005	0.00000000000000000000e+000	3.21002000000000000000e+005	9.68635067689999979456e-005	0.00000000000000000000e+000	1.11437660219999997935e+002	0.00000000000000000000e+000	-3.54025125917091612908e-005	0.00000000000000000000e+000	9.01620820843328967323e-005	0.00000000000000000000e+000	2.68949999046744778752e+001	1	1
3.21008625000000000000e+005	0.00000000000000000000e+000	3.21004000000000000000e+005	9.70422770480000031982e-005	0.00000000000000000000e+000	1.11533302309999996282e+002	0.00000000000000000000e+000	-3.56185841850877724286e-005	0.00000000000000000000e+000	9.02691530663194113132e-005	0.00000000000000000000e+000	2.70699999046046286821e+001	1	1
3.21011812500000000000e+005	0.00000000000000000000e+000	3.21006000000000000000e+005	9.72115885819999938060e-005	0.00000000000000000000e+000	1.11612899780000006444e+002	0.00000000000000000000e+000	-3.58063182705920600543e-005	0.00000000000000000000e+000	9.03769911345863398476e-005	0.00000000000000000000e+000	2.72449999046511948109e+001	1	1
3.21012468750000000000e+005	0.00000000000000000000e+000	3.21008000000000000000e+005	9.73604110190000066483e-005	0.00000000000000000000e+000	1.11691215520000000083e+002	0.00000000000000000000e+000	-3.59848235627977579786e-005	0.00000000000000000000e+000	9.04662484407468543528e-005	0.00000000000000000000e+000	2.74179999046027660370e+001	1	1
3.21014750000000000000e+005	0.00000000000000000000e+000	3.21010000000000000000e+005	9.75092625590000044652e-005	0.00000000000000000000e+000	1.11771621699999997190e+002	0.00000000000000000000e+000	-3.61669543377590653639e-005	0.00000000000000000000e+000	9.05538938904918171060e-005	0.00000000000000000000e+000	2.75959999046754091978e+001	1	1
3.21017718750000000000e+005	0.00000000000000000000e+000	3.21012000000000000000e+005	9.77136223809999996488e-005	0.00000000000000000000e+000	1.11832664489999999091e+002	0.00000000000000000000e+000	-3.63394105197844180305e-005	0.00000000000000000000e+000	9.07050122203356847103e-005	0.00000000000000000000e+000	2.77679999045794829726e+001	1	1
3.21018656250000000000e+005	0.00000000000000000000e+000	3.21014000000000000000e+005	9.78726384350000035497e-005	0.00000000000000000000e+000	1.11882423399999993308e+002	0.00000000000000000000e+000	-3.64774359669817841985e-005	0.00000000000000000000e+000	9.08209778603103585429e-005	0.00000000000000000000e+000	2.79419999045785516500e+001	1	1
3.21021187500000000000e+005	0.00000000000000000000e+000	3.21016000000000000000e+005	9.80207478280000052331e-005	0.00000000000000000000e+000	1.11954071040000002313e+002	0.00000000000000000000e+000	-3.66463505390433703858e-005	0.00000000000000000000e+000	9.09126613675450797377e-005	0.00000000000000000000e+000	2.81129999046679586172e+001	1	1
3.21022875000000000000e+005	0.00000000000000000000e+000	3.21018000000000000000e+005	9.81755365500000011514e-005	0.00000000000000000000e+000	1.12019012450000005288e+002	0.00000000000000000000e+000	-3.68074036434154331678e-005	0.00000000000000000000e+000	9.10145648449250981504e-005	0.00000000000000000000e+000	2.82849999046884477139e+001	1	1
3.21025437500000000000e+005	0.00000000000000000000e+000	3.21020000000000000000e+005	9.83012723740000018448e-005	0.00000000000000000000e+000	1.12072952270000001818e+002	0.00000000000000000000e+000	-3.69403207919034054399e-005	0.00000000000000000000e+000	9.10963931785370201362e-005	0.00000000000000000000e+000	2.84579999046400189400e+001	1	1
3.21026781250000000000e+005	0.00000000000000000000e+000	3.21022000000000000000e+005	9.84465586949999983983e-005	0.00000000000000000000e+000	1.12124008180000004131e+002	0.00000000000000000000e+000	-3.70761981736647498330e-005	0.00000000000000000000e+000	9.11980287499418429929e-005	0.00000000000000000000e+000	2.86299999046605080366e+001	1	1
3.21029468750000000000e+005	0.00000000000000000000e+000	3.21024000000000000000e+005	9.85784790830000003147e-005	0.00000000000000000000e+000	1.12167640689999998926e+002	0.00000000000000000000e+000	-3.71954134460908116206e-005	0.00000000000000000000e+000	9.12919369763389142993e-005	0.00000000000000000000e+000	2.88049999045906588435e+001	1	1
3.21031375000000000000e+005	0.00000000000000000000e+000	3.21026000000000000000e+005	9.87366656769999976630e-005	0.00000000000000000000e+000	1.12225364690000006362e+002	0.00000000000000000000e+000	-3.73472029661065139873e-005	0.00000000000000000000e+000	9.14008510880512164629e-005	0.00000000000000000000e+000	2.89789999045897275209e+001	1	1
3.21032625000000000000e+005	0.00000000000000000000e+000	3.21028000000000000000e+005	9.88497267829999950919e-005	0.00000000000000000000e+000	1.12276741029999996613e+002	0.00000000000000000000e+000	-3.74720050914173759640e-005	0.00000000000000000000e+000	9.14719482655887108262e-005	0.00000000000000000000e+000	2.91529999045887961984e+001	1	1
3.21035187500000000000e+005	0.00000000000000000000e+000	3.21030000000000000000e+005	9.89962572930000011531e-005	0.00000000000000000000e+000	1.12308456419999998843e+002	0.00000000000000000000e+000	-3.75782544533118806080e-005	0.00000000000000000000e+000	9.15867553211926089130e-005	0.00000000000000000000e+000	2.93249999046092852950e+001	1	1
3.21036687500000000000e+005	0.00000000000000000000e+000	3.21032000000000000000e+005	9.91089473249999935783e-005	0.00000000000000000000e+000	1.12364723209999993969e+002	0.00000000000000000000e+000	-3.77110569161184910870e-005	0.00000000000000000000e+000	9.16540213309753978204e-005	0.00000000000000000000e+000	2.94979999046772718430e+001	1	1
3.21039218750000000000e+005	0.00000000000000000000e+000	3.21034000000000000000e+005	9.92310160649999967175e-005	0.00000000000000000000e+000	1.12399581909999994878e+002	0.00000000000000000000e+000	-3.78133281087333984250e-005	0.00000000000000000000e+000	9.17439195076903181176e-005	0.00000000000000000000e+000	2.96729999046074226499e+001	1	1
3.21041375000000000000e+005	0.00000000000000000000e+000	3.21036000000000000000e+005	9.93659195959999971088e-005	0.00000000000000000000e+000	1.12444610600000004297e+002	0.00000000000000000000e+000	-3.79369226982066964351e-005	0.00000000000000000000e+000	9.18388581883998846630e-005	0.00000000000000000000e+000	2.98469999046064913273e+001	1	1
3.21044031250000000000e+005	0.00000000000000000000e+000	3.21038000000000000000e+005	9.94829242699999934194e-005	0.00000000000000000000e+000	1.12470817569999994134e+002	0.00000000000000000000e+000	-3.80236463129011658898e-005	0.00000000000000000000e+000	9.19296173296829850514e-005	0.00000000000000000000e+000	3.00179999045794829726e+001	1	1
3.21044968750000000000e+005	0.00000000000000000000e+000	3.21040000000000000000e+005	9.95999362199999962184e-005	0.00000000000000000000e+000	1.12515625000000000000e+002	0.00000000000000000000e+000	-3.81403350664316154531e-005	0.00000000000000000000e+000	9.20079460484168941501e-005	0.00000000000000000000e+000	3.01929999046260491014e+001	1	1
3.21047312500000000000e+005	0.00000000000000000000e+000	3.21042000000000000000e+005	9.97003007799999980227e-005	0.00000000000000000000e+000	1.12548881530000002726e+002	0.00000000000000000000e+000	-3.82322203016584761127e-005	0.00000000000000000000e+000	9.20784844924585034942e-005	0.00000000000000000000e+000	3.03669999046251177788e+001	1	1
3.21048656250000000000e+005	0.00000000000000000000e+000	3.21044000000000000000e+005	9.98045652520000004361e-005	0.00000000000000000000e+000	1.12579277039999993804e+002	0.00000000000000000000e+000	-3.83210962418059823231e-005	0.00000000000000000000e+000	9.21544617908811274217e-005	0.00000000000000000000e+000	3.05409999046241864562e+001	1	1
3.21050718750000000000e+005	0.00000000000000000000e+000	3.21046000000000000000e+005	9.99072435660000010603e-005	0.00000000000000000000e+000	1.12604690550000000826e+002	0.00000000000000000000e+000	-3.84014340814763509182e-005	0.00000000000000000000e+000	9.22322458657604026325e-005	0.00000000000000000000e+000	3.07169999046018347144e+001	1	1
3.21052656250000000000e+005	0.00000000000000000000e+000	3.21048000000000000000e+005	1.00044766440000000769e-004	0.00000000000000000000e+000	1.12638641359999994052e+002	0.00000000000000000000e+000	-3.85090148750439457167e-005	0.00000000000000000000e+000	9.23364016268112675198e-005	0.00000000000000000000e+000	3.08899999046698212624e+001	1	1
3.21054781250000000000e+005	0.00000000000000000000e+000	3.21050000000000000000e+005	1.00120225399999998811e-004	0.00000000000000000000e+000	1.12658004759999997191e+002	0.00000000000000000000e+000	-3.85692872658805805774e-005	0.00000000000000000000e+000	9.23930171276422080272e-005	0.00000000000000000000e+000	3.10629999046213924885e+001	1	1
3.21056437500000000000e+005	0.00000000000000000000e+000	3.21052000000000000000e+005	1.00210476379999999935e-004	0.00000000000000000000e+000	1.12693984990000004132e+002	0.00000000000000000000e+000	-3.86621196753248632500e-005	0.00000000000000000000e+000	9.24520420462273821759e-005	0.00000000000000000000e+000	3.12369999046204611659e+001	1	1
3.21059062500000000000e+005	0.00000000000000000000e+000	3.21054000000000000000e+005	1.00322664370000006091e-004	0.00000000000000000000e+000	1.12713310239999998430e+002	0.00000000000000000000e+000	-3.87366186160060190402e-005	0.00000000000000000000e+000	9.25424841059162658257e-005	0.00000000000000000000e+000	3.14139999046456068754e+001	1	1
3.21062062500000000000e+005	0.00000000000000000000e+000	3.21056000000000000000e+005	1.00388366260000005178e-004	0.00000000000000000000e+000	1.12742576600000006692e+002	0.00000000000000000000e+000	-3.88092835255878415611e-005	0.00000000000000000000e+000	9.25832792278521754829e-005	0.00000000000000000000e+000	3.15899999046232551336e+001	1	1
3.21062718750000000000e+005	0.00000000000000000000e+000	3.21058000000000000000e+005	1.00517521790000001589e-004	0.00000000000000000000e+000	1.12762832639999999174e+002	0.00000000000000000000e+000	-3.88919850214661106378e-005	0.00000000000000000000e+000	9.26886491858263159406e-005	0.00000000000000000000e+000	3.17609999045962467790e+001	1	1
3.21065500000000000000e+005	0.00000000000000000000e+000	3.21060000000000000000e+005	1.00601020679999997483e-004	0.00000000000000000000e+000	1.12792083739999995373e+002	0.00000000000000000000e+000	-3.89716465846210802573e-005	0.00000000000000000000e+000	9.27457606812364185192e-005	0.00000000000000000000e+000	3.19359999046428129077e+001	1	1
3.21067093750000000000e+005	0.00000000000000000000e+000	3.21062000000000000000e+005	1.00673059929999998523e-004	0.00000000000000000000e+000	1.12817832949999996117e+002	0.00000000000000000000e+000	-3.90412603780787860453e-005	0.00000000000000000000e+000	9.27946387662586163808e-005	0.00000000000000000000e+000	3.21079999046633020043e+001	1	1
3.21069281250000000000e+005	0.00000000000000000000e+000	3.21064000000000000000e+005	1.00752484290000002645e-004	0.00000000000000000000e+000	1.12834426879999995208e+002	0.00000000000000000000e+000	-3.90989559674562750470e-005	0.00000000000000000000e+000	9.28565276804038821192e-005	0.00000000000000000000e+000	3.22789999046362936497e+001	1	1
3.21070687500000000000e+005	0.00000000000000000000e+000	3.21066000000000000000e+005	1.00859091620000002726e-004	0.00000000000000000000e+000	1.12849655150000003800e+002	0.00000000000000000000e+000	-3.91650314689715210118e-005	0.00000000000000000000e+000	9.29443740763582918266e-005	0.00000000000000000000e+000	3.24519999045878648758e+001	1	1
3.21072812500000000000e+005	0.00000000000000000000e+000	3.21068000000000000000e+005	1.00933000790000000461e-004	0.00000000000000000000e+000	1.12877769470000004048e+002	0.00000000000000000000e+000	-3.92393667967909061736e-005	0.00000000000000000000e+000	9.29932403019759586853e-005	0.00000000000000000000e+000	3.26269999046344310045e+001	1	1
3.21074718750000000000e+005	0.00000000000000000000e+000	3.21070000000000000000e+005	1.01028141220000004341e-004	0.00000000000000000000e+000	1.12883552550000004544e+002	0.00000000000000000000e+000	-3.92857490134114890586e-005	0.00000000000000000000e+000	9.30769318511493593373e-005	0.00000000000000000000e+000	3.28009999046334996819e+001	1	1
3.21076593750000000000e+005	0.00000000000000000000e+000	3.21072000000000000000e+005	1.01080804600000003575e-004	0.00000000000000000000e+000	1.12915939330000000496e+002	0.00000000000000000000e+000	-3.93588610985876353738e-005	0.00000000000000000000e+000	9.31032175147855270815e-005	0.00000000000000000000e+000	3.29749999046325683594e+001	1	1
3.21079750000000000000e+005	0.00000000000000000000e+000	3.21074000000000000000e+005	1.01159064799999999550e-004	0.00000000000000000000e+000	1.12923713680000005866e+002	0.00000000000000000000e+000	-3.94019764765871340832e-005	0.00000000000000000000e+000	9.31699556775094343440e-005	0.00000000000000000000e+000	3.31519999046577140689e+001	1	1
3.21081062500000000000e+005	0.00000000000000000000e+000	3.21076000000000000000e+005	1.01251134769999993250e-004	0.00000000000000000000e+000	1.12941909789999996860e+002	0.00000000000000000000e+000	-3.94674522482779435955e-005	0.00000000000000000000e+000	9.32422249050428986585e-005	0.00000000000000000000e+000	3.33219999045832082629e+001	1	1
3.21083218750000000000e+005	0.00000000000000000000e+000	3.21078000000000000000e+005	1.01329111200000005302e-004	0.00000000000000000000e+000	1.12951515200000002892e+002	0.00000000000000000000e+000	-3.95134904477049153670e-005	0.00000000000000000000e+000	9.33074104732368005740e-005	0.00000000000000000000e+000	3.34959999045822769403e+001	1	1
3.21084968750000000000e+005	0.00000000000000000000e+000	3.21080000000000000000e+005	1.01393983640000001048e-004	0.00000000000000000000e+000	1.12974838259999998513e+002	0.00000000000000000000e+000	-3.95767907305387945890e-005	0.00000000000000000000e+000	9.33510447389836439105e-005	0.00000000000000000000e+000	3.36709999046288430691e+001	1	1
3.21086843750000000000e+005	0.00000000000000000000e+000	3.21082000000000000000e+005	1.01457480920000005058e-004	0.00000000000000000000e+000	1.12990951539999997522e+002	0.00000000000000000000e+000	-3.96278433902437163001e-005	0.00000000000000000000e+000	9.33983643479396386834e-005	0.00000000000000000000e+000	3.38469999046064913273e+001	1	1
3.21089562500000000000e+005	0.00000000000000000000e+000	3.21084000000000000000e+005	1.01531244579999998211e-004	0.00000000000000000000e+000	1.12998802190000006362e+002	0.00000000000000000000e+000	-3.96694607693342973613e-005	0.00000000000000000000e+000	9.34608340869801237439e-005	0.00000000000000000000e+000	3.40189999046269804239e+001	1	1
3.21091562500000000000e+005	0.00000000000000000000e+000	3.21086000000000000000e+005	1.01603538499999999163e-004	0.00000000000000000000e+000	1.13019546509999997852e+002	0.00000000000000000000e+000	-3.97315664713579358718e-005	0.00000000000000000000e+000	9.35130026330726309017e-005	0.00000000000000000000e+000	3.41919999045785516500e+001	1	1
3.21092937500000000000e+005	0.00000000000000000000e+000	3.21088000000000000000e+005	1.01683370299999995576e-004	0.00000000000000000000e+000	1.13043197629999994547e+002	0.00000000000000000000e+000	-3.98014124707716973302e-005	0.00000000000000000000e+000	9.35700558987672233657e-005	0.00000000000000000000e+000	3.43629999046679586172e+001	1	1
3.21095500000000000000e+005	0.00000000000000000000e+000	3.21090000000000000000e+005	1.01732512120000006335e-004	0.00000000000000000000e+000	1.13042846679999996695e+002	0.00000000000000000000e+000	-3.98200743911830142658e-005	0.00000000000000000000e+000	9.36155206027643660080e-005	0.00000000000000000000e+000	3.45329999045934528112e+001	1	1
3.21096781250000000000e+005	0.00000000000000000000e+000	3.21092000000000000000e+005	1.01789599279999997718e-004	0.00000000000000000000e+000	1.13061698910000004048e+002	0.00000000000000000000e+000	-3.98732371786504608121e-005	0.00000000000000000000e+000	9.36549383560635544761e-005	0.00000000000000000000e+000	3.47059999046614393592e+001	1	1
3.21099906250000000000e+005	0.00000000000000000000e+000	3.21094000000000000000e+005	1.01867808550000003127e-004	0.00000000000000000000e+000	1.13079948430000001736e+002	0.00000000000000000000e+000	-3.99337248029653593836e-005	0.00000000000000000000e+000	9.37141827160674865949e-005	0.00000000000000000000e+000	3.48789999046130105853e+001	1	1
3.21100250000000000000e+005	0.00000000000000000000e+000	3.21096000000000000000e+005	1.01921228629999998240e-004	0.00000000000000000000e+000	1.13087020870000003470e+002	0.00000000000000000000e+000	-3.99662398772501669601e-005	0.00000000000000000000e+000	9.37583943736390438596e-005	0.00000000000000000000e+000	3.50519999046809971333e+001	1	1
3.21102937500000000000e+005	0.00000000000000000000e+000	3.21098000000000000000e+005	1.01971563710000001158e-004	0.00000000000000000000e+000	1.13091224670000002561e+002	0.00000000000000000000e+000	-3.99928600643511785503e-005	0.00000000000000000000e+000	9.38017641056702758482e-005	0.00000000000000000000e+000	3.52239999045850709081e+001	1	1
3.21105343750000000000e+005	0.00000000000000000000e+000	3.21100000000000000000e+005	1.02063248050000002698e-004	0.00000000000000000000e+000	1.13097595209999994381e+002	0.00000000000000000000e+000	-4.00392569712650480004e-005	0.00000000000000000000e+000	9.38816515816846488976e-005	0.00000000000000000000e+000	3.54009999046102166176e+001	1	1
3.21107093750000000000e+005	0.00000000000000000000e+000	3.21102000000000000000e+005	1.02107151179999999986e-004	0.00000000000000000000e+000	1.13107994079999997439e+002	0.00000000000000000000e+000	-4.00735257769890384615e-005	0.00000000000000000000e+000	9.39147637695818770197e-005	0.00000000000000000000e+000	3.55759999046567827463e+001	1	1
3.21109968750000000000e+005	0.00000000000000000000e+000	3.21104000000000000000e+005	1.02157733640000005382e-004	0.00000000000000000000e+000	1.13124710079999999834e+002	0.00000000000000000000e+000	-4.01207890702228264323e-005	0.00000000000000000000e+000	9.39495866241245254679e-005	0.00000000000000000000e+000	3.57499999046558514237e+001	1	1
3.21110531250000000000e+005	0.00000000000000000000e+000	3.21106000000000000000e+005	1.02225254519999997046e-004	0.00000000000000000000e+000	1.13129135129999994547e+002	0.00000000000000000000e+000	-4.01545673595671935162e-005	0.00000000000000000000e+000	9.40085814266163782068e-005	0.00000000000000000000e+000	3.59249999045860022306e+001	1	1
3.21112937500000000000e+005	0.00000000000000000000e+000	3.21108000000000000000e+005	1.02256992249999997379e-004	0.00000000000000000000e+000	1.13150604250000000661e+002	0.00000000000000000000e+000	-4.02022678641135048977e-005	0.00000000000000000000e+000	9.40227106745951428856e-005	0.00000000000000000000e+000	3.60979999046539887786e+001	1	1
3.21115656250000000000e+005	0.00000000000000000000e+000	3.21110000000000000000e+005	1.02306221380000004042e-004	0.00000000000000000000e+000	1.13157279970000004710e+002	0.00000000000000000000e+000	-4.02325821599982581551e-005	0.00000000000000000000e+000	9.40632886188472568589e-005	0.00000000000000000000e+000	3.62719999046530574560e+001	1	1
3.21117187500000000000e+005	0.00000000000000000000e+000	3.21112000000000000000e+005	1.02380879980000006647e-004	0.00000000000000000000e+000	1.13160133360000003222e+002	0.00000000000000000000e+000	-4.02666299555961345203e-005	0.00000000000000000000e+000	9.41299266838036734553e-005	0.00000000000000000000e+000	3.64469999045832082629e+001	1	1
3.21118500000000000000e+005	0.00000000000000000000e+000	3.21114000000000000000e+005	1.02427744419999994891e-004	0.00000000000000000000e+000	1.13176559449999999174e+002	0.00000000000000000000e+000	-4.03120585893080703925e-005	0.00000000000000000000e+000	9.41614611147311916795e-005	0.00000000000000000000e+000	3.66199999046511948109e+001	1	1
3.21121156250000000000e+005	0.00000000000000000000e+000	3.21116000000000000000e+005	1.02486344989999994797e-004	0.00000000000000000000e+000	1.13176406860000000165e+002	0.00000000000000000000e+000	-4.03348708561150889125e-005	0.00000000000000000000e+000	9.42154398303686506843e-005	0.00000000000000000000e+000	3.67929999046027660370e+001	1	1
3.21123343750000000000e+005	0.00000000000000000000e+000	3.21118000000000000000e+005	1.02536578199999999818e-004	0.00000000000000000000e+000	1.13195655819999998926e+002	0.00000000000000000000e+000	-4.03863064483409963984e-005	0.00000000000000000000e+000	9.42480563217375124762e-005	0.00000000000000000000e+000	3.69669999046018347144e+001	1	1
3.21124781250000000000e+005	0.00000000000000000000e+000	3.21120000000000000000e+005	1.02581529060000005362e-004	0.00000000000000000000e+000	1.13190773010000000909e+002	0.00000000000000000000e+000	-4.03959757501710865811e-005	0.00000000000000000000e+000	9.42928165210861344214e-005	0.00000000000000000000e+000	3.71399999046698212624e+001	1	1
3.21126437500000000000e+005	0.00000000000000000000e+000	3.21122000000000000000e+005	1.02619989779999999809e-004	0.00000000000000000000e+000	1.13207595830000002479e+002	0.00000000000000000000e+000	-4.04388156358882714801e-005	0.00000000000000000000e+000	9.43163002476981329964e-005	0.00000000000000000000e+000	3.73149999045999720693e+001	1	1
3.21128281250000000000e+005	0.00000000000000000000e+000	3.21124000000000000000e+005	1.02666446760000002890e-004	0.00000000000000000000e+000	1.13200531010000005949e+002	0.00000000000000000000e+000	-4.04454874624280715477e-005	0.00000000000000000000e+000	9.43639858963709075640e-005	0.00000000000000000000e+000	3.74879999046679586172e+001	1	1
3.21131250000000000000e+005	0.00000000000000000000e+000	3.21126000000000000000e+005	1.02708429039999999365e-004	0.00000000000000000000e+000	1.13212440490000005866e+002	0.00000000000000000000e+000	-4.04816480084307697674e-005	0.00000000000000000000e+000	9.43941606794945216969e-005	0.00000000000000000000e+000	3.76609999046195298433e+001	1	1
3.21132906250000000000e+005	0.00000000000000000000e+000	3.21128000000000000000e+005	1.02777252319999999196e-004	0.00000000000000000000e+000	1.13219177250000001322e+002	0.00000000000000000000e+000	-4.05198800092115883967e-005	0.00000000000000000000e+000	9.44526490813679550857e-005	0.00000000000000000000e+000	3.78339999046875163913e+001	1	1
3.21135000000000000000e+005	0.00000000000000000000e+000	3.21130000000000000000e+005	1.02820289609999998147e-004	0.00000000000000000000e+000	1.13228897090000003800e+002	0.00000000000000000000e+000	-4.05528768157710655154e-005	0.00000000000000000000e+000	9.44853223387059800971e-005	0.00000000000000000000e+000	3.80059999045915901661e+001	1	1
3.21135937500000000000e+005	0.00000000000000000000e+000	3.21132000000000000000e+005	1.02854472060000005028e-004	0.00000000000000000000e+000	1.13241470340000006445e+002	0.00000000000000000000e+000	-4.05870987689620942506e-005	0.00000000000000000000e+000	9.45078294971365685763e-005	0.00000000000000000000e+000	3.81779999046120792627e+001	1	1
3.21138812500000000000e+005	0.00000000000000000000e+000	3.21134000000000000000e+005	1.02907375550000002181e-004	0.00000000000000000000e+000	1.13242851259999994795e+002	0.00000000000000000000e+000	-4.06102538082804423794e-005	0.00000000000000000000e+000	9.45554611231724882053e-005	0.00000000000000000000e+000	3.83519999046111479402e+001	1	1
3.21141750000000000000e+005	0.00000000000000000000e+000	3.21136000000000000000e+005	1.02932739539999995224e-004	0.00000000000000000000e+000	1.13247100829999993721e+002	0.00000000000000000000e+000	-4.06272778785770642880e-005	0.00000000000000000000e+000	9.45757535597066268914e-005	0.00000000000000000000e+000	3.85309999046148732305e+001	1	1
3.21143343750000000000e+005	0.00000000000000000000e+000	3.21138000000000000000e+005	1.02996171339999996333e-004	0.00000000000000000000e+000	1.13261985780000003388e+002	0.00000000000000000000e+000	-4.06768979756565759835e-005	0.00000000000000000000e+000	9.46234710934695235837e-005	0.00000000000000000000e+000	3.87039999046828597784e+001	1	1
3.21145125000000000000e+005	0.00000000000000000000e+000	3.21140000000000000000e+005	1.03032449259999995834e-004	0.00000000000000000000e+000	1.13266716000000002396e+002	0.00000000000000000000e+000	-4.06990399620643764121e-005	0.00000000000000000000e+000	9.46534402263370496173e-005	0.00000000000000000000e+000	3.88799999046605080366e+001	1	1
3.21147843750000000000e+005	0.00000000000000000000e+000	3.21142000000000000000e+005	1.03065489380000001123e-004	0.00000000000000000000e+000	1.13265579220000006444e+002	0.00000000000000000000e+000	-4.07102126146087885204e-005	0.00000000000000000000e+000	9.46846011240066543022e-005	0.00000000000000000000e+000	3.90529999046120792627e+001	1	1
3.21148656250000000000e+005	0.00000000000000000000e+000	3.21144000000000000000e+005	1.03108461189999997174e-004	0.00000000000000000000e+000	1.13275627139999997439e+002	0.00000000000000000000e+000	-4.07437972736681252163e-005	0.00000000000000000000e+000	9.47169348780458057908e-005	0.00000000000000000000e+000	3.92249999046325683594e+001	1	1
3.21151406250000000000e+005	0.00000000000000000000e+000	3.21146000000000000000e+005	1.03140402640000000429e-004	0.00000000000000000000e+000	1.13285896300000004544e+002	0.00000000000000000000e+000	-4.07733998711587721192e-005	0.00000000000000000000e+000	9.47389704381882633835e-005	0.00000000000000000000e+000	3.93999999046791344881e+001	1	1
3.21153375000000000000e+005	0.00000000000000000000e+000	3.21148000000000000000e+005	1.03182639579999993603e-004	0.00000000000000000000e+000	1.13280265810000003057e+002	0.00000000000000000000e+000	-4.07807828882676478709e-005	0.00000000000000000000e+000	9.47817749238542107482e-005	0.00000000000000000000e+000	3.95719999045832082629e+001	1	1
3.21154937500000000000e+005	0.00000000000000000000e+000	3.21150000000000000000e+005	1.03233571279999996164e-004	0.00000000000000000000e+000	1.13291061400000003800e+002	0.00000000000000000000e+000	-4.08187793176759854737e-005	0.00000000000000000000e+000	9.48208705625386462238e-005	0.00000000000000000000e+000	3.97449999046511948109e+001	1	1
3.21156593750000000000e+005	0.00000000000000000000e+000	3.21152000000000000000e+005	1.03256497820000000772e-004	0.00000000000000000000e+000	1.13304168700000005288e+002	0.00000000000000000000e+000	-4.08495400178681043421e-005	0.00000000000000000000e+000	9.48325862896307248589e-005	0.00000000000000000000e+000	3.99159999046241864562e+001	1	1
3.21159906250000000000e+005	0.00000000000000000000e+000	3.21154000000000000000e+005	1.03290010879999994125e-004	0.00000000000000000000e+000	1.13300727839999993307e+002	0.00000000000000000000e+000	-4.08571011664207253970e-005	0.00000000000000000000e+000	9.48658190913217129860e-005	0.00000000000000000000e+000	4.00919999046018347144e+001	1	1
3.21161187500000000000e+005	0.00000000000000000000e+000	3.21156000000000000000e+005	1.03319776830000003079e-004	0.00000000000000000000e+000	1.13319686889999999835e+002	0.00000000000000000000e+000	-4.09002730032225926137e-005	0.00000000000000000000e+000	9.48796287538208426952e-005	0.00000000000000000000e+000	4.02639999046223238111e+001	1	1
3.21163187500000000000e+005	0.00000000000000000000e+000	3.21158000000000000000e+005	1.03364167439999997552e-004	0.00000000000000000000e+000	1.13313934329999995043e+002	0.00000000000000000000e+000	-4.09083151965875823123e-005	0.00000000000000000000e+000	9.49245008327196716259e-005	0.00000000000000000000e+000	4.04369999046903103590e+001	1	1
3.21165062500000000000e+005	0.00000000000000000000e+000	3.21160000000000000000e+005	1.03399615909999993712e-004	0.00000000000000000000e+000	1.13315757750000003057e+002	0.00000000000000000000e+000	-4.09253665533056514817e-005	0.00000000000000000000e+000	9.49557525525078195911e-005	0.00000000000000000000e+000	4.06109999046893790364e+001	1	1
3.21167375000000000000e+005	0.00000000000000000000e+000	3.21162000000000000000e+005	1.03443249829999995518e-004	0.00000000000000000000e+000	1.13326591489999998430e+002	0.00000000000000000000e+000	-4.09605982729193451365e-005	0.00000000000000000000e+000	9.49880799075142459370e-005	0.00000000000000000000e+000	4.07849999046884477139e+001	1	1
3.21169531250000000000e+005	0.00000000000000000000e+000	3.21164000000000000000e+005	1.03458085499999994945e-004	0.00000000000000000000e+000	1.13334770199999994134e+002	0.00000000000000000000e+000	-4.09800334183710882269e-005	0.00000000000000000000e+000	9.49958542061415245469e-005	0.00000000000000000000e+000	4.09559999046614393592e+001	1	1
3.21170500000000000000e+005	0.00000000000000000000e+000	3.21166000000000000000e+005	1.03487916929999993246e-004	0.00000000000000000000e+000	1.13338813779999995290e+002	0.00000000000000000000e+000	-4.09985557780500903952e-005	0.00000000000000000000e+000	9.50203524231766689283e-005	0.00000000000000000000e+000	4.11289999046130105853e+001	1	1
3.21173218750000000000e+005	0.00000000000000000000e+000	3.21168000000000000000e+005	1.03538135589999999485e-004	0.00000000000000000000e+000	1.13345268250000003718e+002	0.00000000000000000000e+000	-4.10291599252932397569e-005	0.00000000000000000000e+000	9.50618407000302924033e-005	0.00000000000000000000e+000	4.13029999046120792627e+001	1	1
3.21174906250000000000e+005	0.00000000000000000000e+000	3.21170000000000000000e+005	1.03563295849999999947e-004	0.00000000000000000000e+000	1.13350219730000006280e+002	0.00000000000000000000e+000	-4.10473472584651152286e-005	0.00000000000000000000e+000	9.50813942386080201280e-005	0.00000000000000000000e+000	4.14789999045897275209e+001	1	1
3.21177656250000000000e+005	0.00000000000000000000e+000	3.21172000000000000000e+005	1.03589525680000004880e-004	0.00000000000000000000e+000	1.13350547789999993142e+002	0.00000000000000000000e+000	-4.10582880077592691061e-005	0.00000000000000000000e+000	9.51052407413980130380e-005	0.00000000000000000000e+000	4.16569999046623706818e+001	1	1
3.21178312500000000000e+005	0.00000000000000000000e+000	3.21174000000000000000e+005	1.03640748419999995924e-004	0.00000000000000000000e+000	1.13342987059999998678e+002	0.00000000000000000000e+000	-4.10660338115753685909e-005	0.00000000000000000000e+000	9.51576880763939142362e-005	0.00000000000000000000e+000	4.18289999046828597784e+001	1	1
3.21181500000000000000e+005	0.00000000000000000000e+000	3.21176000000000000000e+005	1.03661353929999995225e-004	0.00000000000000000000e+000	1.13352081299999994712e+002	0.00000000000000000000e+000	-4.10893047593392644239e-005	0.00000000000000000000e+000	9.51700863349133651444e-005	0.00000000000000000000e+000	4.20039999046130105853e+001	1	1
3.21182906250000000000e+005	0.00000000000000000000e+000	3.21178000000000000000e+005	1.03668746310000002868e-004	0.00000000000000000000e+000	1.13355720520000005536e+002	0.00000000000000000000e+000	-4.10982801587665117111e-005	0.00000000000000000000e+000	9.51742629573703495874e-005	0.00000000000000000000e+000	4.21779999046120792627e+001	1	1
3.21184437500000000000e+005	0.00000000000000000000e+000	3.21180000000000000000e+005	1.03709724499999997771e-004	0.00000000000000000000e+000	1.13358619689999997604e+002	0.00000000000000000000e+000	-4.11193431645970978723e-005	0.00000000000000000000e+000	9.52098029279443633377e-005	0.00000000000000000000e+000	4.23549999046372249722e+001	1	1
3.21186718750000000000e+005	0.00000000000000000000e+000	3.21182000000000000000e+005	1.03763544759999997379e-004	0.00000000000000000000e+000	1.13373069760000007022e+002	0.00000000000000000000e+000	-4.11647052747342651253e-005	0.00000000000000000000e+000	9.52488333829070430749e-005	0.00000000000000000000e+000	4.25289999046362936497e+001	1	1
3.21188718750000000000e+005	0.00000000000000000000e+000	3.21184000000000000000e+005	1.03789665449999999854e-004	0.00000000000000000000e+000	1.13368339539999993804e+002	0.00000000000000000000e+000	-4.11672021175599263279e-005	0.00000000000000000000e+000	9.52762096435143273796e-005	0.00000000000000000000e+000	4.27029999046353623271e+001	1	1
3.21191281250000000000e+005	0.00000000000000000000e+000	3.21186000000000000000e+005	1.03819089419999999440e-004	0.00000000000000000000e+000	1.13376838680000005866e+002	0.00000000000000000000e+000	-4.11930094941255955780e-005	0.00000000000000000000e+000	9.52971106425312079052e-005	0.00000000000000000000e+000	4.28719999046297743917e+001	1	1
3.21192750000000000000e+005	0.00000000000000000000e+000	3.21188000000000000000e+005	1.03863669210000001265e-004	0.00000000000000000000e+000	1.13371582029999999008e+002	0.00000000000000000000e+000	-4.12019506800199774915e-005	0.00000000000000000000e+000	9.53418116144512042690e-005	0.00000000000000000000e+000	4.30439999046502634883e+001	1	1
3.21195093750000000000e+005	0.00000000000000000000e+000	3.21190000000000000000e+005	1.03864724220000003742e-004	0.00000000000000000000e+000	1.13382865910000006693e+002	0.00000000000000000000e+000	-4.12211452841718294028e-005	0.00000000000000000000e+000	9.53346637837353128031e-005	0.00000000000000000000e+000	4.32169999046018347144e+001	1	1
3.21197250000000000000e+005	0.00000000000000000000e+000	3.21192000000000000000e+005	1.03887257859999998077e-004	0.00000000000000000000e+000	1.13381736759999995456e+002	0.00000000000000000000e+000	-4.12282090737558587707e-005	0.00000000000000000000e+000	9.53561593303799441210e-005	0.00000000000000000000e+000	4.33909999046009033918e+001	1	1
3.21199406250000000000e+005	0.00000000000000000000e+000	3.21194000000000000000e+005	1.03934653449999999828e-004	0.00000000000000000000e+000	1.13391983030000005783e+002	0.00000000000000000000e+000	-4.12640780361801009493e-005	0.00000000000000000000e+000	9.53922850737712134774e-005	0.00000000000000000000e+000	4.35669999045785516500e+001	1	1
3.21201312500000000000e+005	0.00000000000000000000e+000	3.21196000000000000000e+005	1.03962891440000001477e-004	0.00000000000000000000e+000	1.13395233149999995703e+002	0.00000000000000000000e+000	-4.12807016263645222554e-005	0.00000000000000000000e+000	9.54158606825945376610e-005	0.00000000000000000000e+000	4.37409999045776203275e+001	1	1
3.21202625000000000000e+005	0.00000000000000000000e+000	3.21198000000000000000e+005	1.03964921439999994409e-004	0.00000000000000000000e+000	1.13396911619999997356e+002	0.00000000000000000000e+000	-4.12843029095518994440e-005	0.00000000000000000000e+000	9.54165144159947552606e-005	0.00000000000000000000e+000	4.39139999046456068754e+001	1	1
3.21205718750000000000e+005	0.00000000000000000000e+000	3.21200000000000000000e+005	1.04010410720000004469e-004	0.00000000000000000000e+000	1.13400711060000006114e+002	0.00000000000000000000e+000	-4.13086966372581452871e-005	0.00000000000000000000e+000	9.54555243046418437983e-005	0.00000000000000000000e+000	4.40889999045757576823e+001	1	1
