2.10001523439999982656e+004	0.00000000000000000000e+000	2.10000000000000000000e+004	2.14075759050000008488e-001	0.00000000000000000000e+000	-5.57836456300000023134e+001	0.00000000000000000000e+000	1.20378962783708395867e-001	0.00000000000000000000e+000	-1.77023546264196751654e-001	0.00000000000000000000e+000	3.37499999045394361019e+000	1	1
2.30003945310000017344e+004	0.00000000000000000000e+000	2.30000000000000000000e+004	1.96411788459999986367e-001	0.00000000000000000000e+000	-5.69156265259999969430e+001	0.00000000000000000000e+000	1.07215986529165016594e-001	0.00000000000000000000e+000	-1.64567077140701761850e-001	0.00000000000000000000e+000	3.61999999044928699732e+000	1	1
2.50006113279999990482e+004	0.00000000000000000000e+000	2.50000000000000000000e+004	1.81322291490000009340e-001	0.00000000000000000000e+000	-5.78686180110000023546e+001	0.00000000000000000000e+000	9.64385271082407319332e-002	0.00000000000000000000e+000	-1.53549288114200155331e-001	0.00000000000000000000e+000	3.86599999049212783575e+000	1	1
2.70003847659999992175e+004	0.00000000000000000000e+000	2.70000000000000000000e+004	1.68405696750000000161e-001	0.00000000000000000000e+000	-5.86876068119999985129e+001	0.00000000000000000000e+000	8.75211034038835683502e-002	0.00000000000000000000e+000	-1.43876805485872838464e-001	0.00000000000000000000e+000	4.11299999046605080366e+000	1	1
2.90007265619999998307e+004	0.00000000000000000000e+000	2.90000000000000000000e+004	1.57066836950000010553e-001	0.00000000000000000000e+000	-5.93702888489999978106e+001	0.00000000000000000000e+000	8.00236225491627317652e-002	0.00000000000000000000e+000	-1.35152547529031136220e-001	0.00000000000000000000e+000	4.35999999043997377157e+000	1	1
1.99003296880000008969e+005	0.00000000000000000000e+000	1.99000000000000000000e+005	2.06913165750000002663e-002	0.00000000000000000000e+000	-6.39217567439999996282e+001	0.00000000000000000000e+000	9.09586448922128538996e-003	0.00000000000000000000e+000	-1.85848279733925175750e-002	0.00000000000000000000e+000	2.52379999904660508037e+001	1	1
2.01003937500000000000e+005	0.00000000000000000000e+000	2.01000000000000000000e+005	2.04270761459999991572e-002	0.00000000000000000000e+000	-6.38965988160000009088e+001	0.00000000000000000000e+000	8.98776019393341882302e-003	0.00000000000000000000e+000	-1.83435440024774971957e-002	0.00000000000000000000e+000	2.54829999904613941908e+001	1	1
2.03003703119999991031e+005	0.00000000000000000000e+000	2.03000000000000000000e+005	2.01686918739999998529e-002	0.00000000000000000000e+000	-6.38592033389999969017e+001	0.00000000000000000000e+000	8.88589208059894705705e-003	0.00000000000000000000e+000	-1.81057188158963329461e-002	0.00000000000000000000e+000	2.57289999905042350292e+001	1	1
2.05003250000000000000e+005	0.00000000000000000000e+000	2.05000000000000000000e+005	1.99139639739999985135e-002	0.00000000000000000000e+000	-6.38298645019999995043e+001	0.00000000000000000000e+000	8.78281740058275452177e-003	0.00000000000000000000e+000	-1.78725510116992149234e-002	0.00000000000000000000e+000	2.59739999904995784163e+001	1	1
2.07004093750000000000e+005	0.00000000000000000000e+000	2.07000000000000000000e+005	1.96633394809999986763e-002	0.00000000000000000000e+000	-6.38049354549999989672e+001	0.00000000000000000000e+000	8.67995999402798590339e-003	0.00000000000000000000e+000	-1.76438435168510543427e-002	0.00000000000000000000e+000	2.62199999904260039330e+001	1	1
2.09003265619999991031e+005	0.00000000000000000000e+000	2.09000000000000000000e+005	1.94317027930000010838e-002	0.00000000000000000000e+000	-6.37737617490000019416e+001	0.00000000000000000000e+000	8.58719431342777270166e-003	0.00000000000000000000e+000	-1.74313271800777616627e-002	0.00000000000000000000e+000	2.64639999904902651906e+001	1	1
2.11002828119999991031e+005	0.00000000000000000000e+000	2.11000000000000000000e+005	1.91905498499999986606e-002	0.00000000000000000000e+000	-6.37467041020000024787e+001	0.00000000000000000000e+000	8.48875354825433768580e-003	0.00000000000000000000e+000	-1.72109926135111217238e-002	0.00000000000000000000e+000	2.67079999904381111264e+001	1	1
2.13004515619999991031e+005	0.00000000000000000000e+000	2.13000000000000000000e+005	1.89542938020000016619e-002	0.00000000000000000000e+000	-6.37192726139999976454e+001	0.00000000000000000000e+000	8.39238567489894449203e-003	0.00000000000000000000e+000	-1.69950909446312352358e-002	0.00000000000000000000e+000	2.69459999904502183199e+001	1	1
2.15004421880000008969e+005	0.00000000000000000000e+000	2.15000000000000000000e+005	1.87251716849999999548e-002	0.00000000000000000000e+000	-6.36843643189999966125e+001	0.00000000000000000000e+000	8.30116516203828480602e-003	0.00000000000000000000e+000	-1.67845974507965962907e-002	0.00000000000000000000e+000	2.71929999904241412878e+001	1	1
2.17003562500000000000e+005	0.00000000000000000000e+000	2.17000000000000000000e+005	1.85000821949999998128e-002	0.00000000000000000000e+000	-6.36552581790000004958e+001	0.00000000000000000000e+000	8.20980241420882911330e-003	0.00000000000000000000e+000	-1.65786665791132596659e-002	0.00000000000000000000e+000	2.74409999904455617070e+001	1	1
2.19003593750000000000e+005	0.00000000000000000000e+000	2.19000000000000000000e+005	1.82768348600000005155e-002	0.00000000000000000000e+000	-6.36254196169999985955e+001	0.00000000000000000000e+000	8.11926026039952453139e-003	0.00000000000000000000e+000	-1.63743795401110787957e-002	0.00000000000000000000e+000	2.76859999904409050941e+001	1	1
2.21003906250000000000e+005	0.00000000000000000000e+000	2.21000000000000000000e+005	1.80694218719999986911e-002	0.00000000000000000000e+000	-6.35889892579999980171e+001	0.00000000000000000000e+000	8.03741111996516925664e-003	0.00000000000000000000e+000	-1.61834492391755638274e-002	0.00000000000000000000e+000	2.79309999904362484813e+001	1	1
2.23004375000000000000e+005	0.00000000000000000000e+000	2.23000000000000000000e+005	1.78488641980000008191e-002	0.00000000000000000000e+000	-6.35572547909999983062e+001	0.00000000000000000000e+000	7.94815836569161097980e-003	0.00000000000000000000e+000	-1.59815121860396140707e-002	0.00000000000000000000e+000	2.81749999905005097389e+001	1	1
2.25004390619999991031e+005	0.00000000000000000000e+000	2.25000000000000000000e+005	1.76318828019999991608e-002	0.00000000000000000000e+000	-6.35168533330000002479e+001	0.00000000000000000000e+000	7.86266606218141012041e-003	0.00000000000000000000e+000	-1.57816910861315502779e-002	0.00000000000000000000e+000	2.84179999905172735453e+001	1	1
2.27004140619999991031e+005	0.00000000000000000000e+000	2.27000000000000000000e+005	1.74171309919999989235e-002	0.00000000000000000000e+000	-6.34735260010000033049e+001	0.00000000000000000000e+000	7.77868741628406391853e-003	0.00000000000000000000e+000	-1.55835963138240603948e-002	0.00000000000000000000e+000	2.86639999904436990619e+001	1	1
2.29003781250000000000e+005	0.00000000000000000000e+000	2.29000000000000000000e+005	1.72072034330000012137e-002	0.00000000000000000000e+000	-6.34419555659999971908e+001	0.00000000000000000000e+000	7.69341342228522899471e-003	0.00000000000000000000e+000	-1.53915314344755353726e-002	0.00000000000000000000e+000	2.89069999904604628682e+001	1	1
2.31003765619999991031e+005	0.00000000000000000000e+000	2.31000000000000000000e+005	1.69994905590000015827e-002	0.00000000000000000000e+000	-6.34099197390000028918e+001	0.00000000000000000000e+000	7.60904492249014907657e-003	0.00000000000000000000e+000	-1.52014839615432634234e-002	0.00000000000000000000e+000	2.91529999905033037066e+001	1	1
2.33004359380000008969e+005	0.00000000000000000000e+000	2.33000000000000000000e+005	1.68072227390000002167e-002	0.00000000000000000000e+000	-6.33749122620000022721e+001	0.00000000000000000000e+000	7.53216660842297072026e-003	0.00000000000000000000e+000	-1.50249526582055068641e-002	0.00000000000000000000e+000	2.94039999904343858361e+001	1	1
2.35004812500000000000e+005	0.00000000000000000000e+000	2.35000000000000000000e+005	1.66059471670000000088e-002	0.00000000000000000000e+000	-6.33429260249999970256e+001	0.00000000000000000000e+000	7.45025114170184792062e-003	0.00000000000000000000e+000	-1.48408638306119378819e-002	0.00000000000000000000e+000	2.96499999904772266746e+001	1	1
2.37004359380000008969e+005	0.00000000000000000000e+000	2.37000000000000000000e+005	1.64068359879999993434e-002	0.00000000000000000000e+000	-6.33051757810000026439e+001	0.00000000000000000000e+000	7.37057929524116174635e-003	0.00000000000000000000e+000	-1.46580635825368892078e-002	0.00000000000000000000e+000	2.98959999905200675130e+001	1	1
2.39004031250000000000e+005	0.00000000000000000000e+000	2.39000000000000000000e+005	1.62105802450000016646e-002	0.00000000000000000000e+000	-6.32732772829999987607e+001	0.00000000000000000000e+000	7.29047559100779677538e-003	0.00000000000000000000e+000	-1.44786697433329086815e-002	0.00000000000000000000e+000	3.01419999904464930296e+001	1	1
2.41004140619999991031e+005	0.00000000000000000000e+000	2.41000000000000000000e+005	1.60178206859999984479e-002	0.00000000000000000000e+000	-6.32380294800000015698e+001	0.00000000000000000000e+000	7.21258460604117575959e-003	0.00000000000000000000e+000	-1.43020698792009591516e-002	0.00000000000000000000e+000	3.03869999904418364167e+001	1	1
2.43004796880000008969e+005	0.00000000000000000000e+000	2.43000000000000000000e+005	1.58267077060000004030e-002	0.00000000000000000000e+000	-6.31974906920000023547e+001	0.00000000000000000000e+000	7.13652599493868645963e-003	0.00000000000000000000e+000	-1.41263821813911068237e-002	0.00000000000000000000e+000	3.06289999904111027718e+001	1	1
2.45004312500000000000e+005	0.00000000000000000000e+000	2.45000000000000000000e+005	1.56514160339999985894e-002	0.00000000000000000000e+000	-6.31645164489999970669e+001	0.00000000000000000000e+000	7.06552271016945825782e-003	0.00000000000000000000e+000	-1.39658588243413046837e-002	0.00000000000000000000e+000	3.08709999904967844486e+001	1	1
2.47004296880000008969e+005	0.00000000000000000000e+000	2.47000000000000000000e+005	1.54661992560000006308e-002	0.00000000000000000000e+000	-6.31173248289999975214e+001	0.00000000000000000000e+000	6.99327472649636031066e-003	0.00000000000000000000e+000	-1.37948333815976990208e-002	0.00000000000000000000e+000	3.11149999904446303844e+001	1	1
2.49004421880000008969e+005	0.00000000000000000000e+000	2.49000000000000000000e+005	1.52808595450000007931e-002	0.00000000000000000000e+000	-6.30794296259999995868e+001	0.00000000000000000000e+000	6.91848358768727168810e-003	0.00000000000000000000e+000	-1.36249496615921290854e-002	0.00000000000000000000e+000	3.13569999904138967395e+001	1	1
2.51004531250000000000e+005	0.00000000000000000000e+000	2.51000000000000000000e+005	1.50986313820000005864e-002	0.00000000000000000000e+000	-6.30392036439999969843e+001	0.00000000000000000000e+000	6.84542888746743349859e-003	0.00000000000000000000e+000	-1.34576659549916610031e-002	0.00000000000000000000e+000	3.15999999904306605458e+001	1	1
2.53004890619999991031e+005	0.00000000000000000000e+000	2.53000000000000000000e+005	1.49211082610000000254e-002	0.00000000000000000000e+000	-6.29958953860000008262e+001	0.00000000000000000000e+000	6.77499405493833979641e-003	0.00000000000000000000e+000	-1.32943193617436703630e-002	0.00000000000000000000e+000	3.18459999904735013843e+001	1	1
2.55004484380000008969e+005	0.00000000000000000000e+000	2.55000000000000000000e+005	1.47454803810000006914e-002	0.00000000000000000000e+000	-6.29557228090000009502e+001	0.00000000000000000000e+000	6.70445931999464304896e-003	0.00000000000000000000e+000	-1.31331419276954786818e-002	0.00000000000000000000e+000	3.20889999904902651906e+001	1	1
2.57004171880000008969e+005	0.00000000000000000000e+000	2.57000000000000000000e+005	1.45812286060000000781e-002	0.00000000000000000000e+000	-6.29137229919999967365e+001	0.00000000000000000000e+000	6.63929553250535223197e-003	0.00000000000000000000e+000	-1.29819868468769895886e-002	0.00000000000000000000e+000	3.23349999904166907072e+001	1	1
2.59004343750000000000e+005	0.00000000000000000000e+000	2.59000000000000000000e+005	1.44070098179999994681e-002	0.00000000000000000000e+000	-6.28646926879999980997e+001	0.00000000000000000000e+000	6.57094226704276265782e-003	0.00000000000000000000e+000	-1.28212577237624900106e-002	0.00000000000000000000e+000	3.25809999904595315456e+001	1	1
2.61004718750000000000e+005	0.00000000000000000000e+000	2.61000000000000000000e+005	1.42372846600000001888e-002	0.00000000000000000000e+000	-6.28224639889999991738e+001	0.00000000000000000000e+000	6.50286830158011350256e-003	0.00000000000000000000e+000	-1.26654245227775883592e-002	0.00000000000000000000e+000	3.28269999905023723841e+001	1	1
2.63004718750000000000e+005	0.00000000000000000000e+000	2.63000000000000000000e+005	1.40700181950000006298e-002	0.00000000000000000000e+000	-6.27604331969999975627e+001	0.00000000000000000000e+000	6.44001672767815537546e-003	0.00000000000000000000e+000	-1.25096601294702094304e-002	0.00000000000000000000e+000	3.30709999904502183199e+001	1	1
2.65004781250000000000e+005	0.00000000000000000000e+000	2.65000000000000000000e+005	1.38907330110000001161e-002	0.00000000000000000000e+000	-6.27061004640000021482e+001	0.00000000000000000000e+000	6.36966444480622107777e-003	0.00000000000000000000e+000	-1.23442228772594909253e-002	0.00000000000000000000e+000	3.33189999904716387391e+001	1	1
2.67004906250000000000e+005	0.00000000000000000000e+000	2.67000000000000000000e+005	1.37131307270000005888e-002	0.00000000000000000000e+000	-6.26575546259999995868e+001	0.00000000000000000000e+000	6.29854712410784969151e-003	0.00000000000000000000e+000	-1.21810614669323573345e-002	0.00000000000000000000e+000	3.35659999904455617070e+001	1	1
2.69005000000000000000e+005	0.00000000000000000000e+000	2.69000000000000000000e+005	1.35595174509999995965e-002	0.00000000000000000000e+000	-6.26011848449999988020e+001	0.00000000000000000000e+000	6.23983828938205319775e-003	0.00000000000000000000e+000	-1.20384771306978506644e-002	0.00000000000000000000e+000	3.38139999904669821262e+001	1	1
2.71005187500000000000e+005	0.00000000000000000000e+000	2.71000000000000000000e+005	1.33985988799999993643e-002	0.00000000000000000000e+000	-6.25565795899999983476e+001	0.00000000000000000000e+000	6.17504551377773009541e-003	0.00000000000000000000e+000	-1.18908058957293040481e-002	0.00000000000000000000e+000	3.40549999905051663518e+001	1	1
2.73005000000000000000e+005	0.00000000000000000000e+000	2.73000000000000000000e+005	1.32391192020000006413e-002	0.00000000000000000000e+000	-6.25107421880000018177e+001	0.00000000000000000000e+000	6.11094334316854021633e-003	0.00000000000000000000e+000	-1.17443879662309045436e-002	0.00000000000000000000e+000	3.43009999904315918684e+001	1	1
2.75004437500000000000e+005	0.00000000000000000000e+000	2.75000000000000000000e+005	1.30823999639999993816e-002	0.00000000000000000000e+000	-6.24532775879999988433e+001	0.00000000000000000000e+000	6.05024103221796314550e-003	0.00000000000000000000e+000	-1.15993005077949969117e-002	0.00000000000000000000e+000	3.45519999904790893197e+001	1	1
2.77004812500000000000e+005	0.00000000000000000000e+000	2.77000000000000000000e+005	1.29259442910000001137e-002	0.00000000000000000000e+000	-6.24160537719999979345e+001	0.00000000000000000000e+000	5.98532912304303079537e-003	0.00000000000000000000e+000	-1.14566954704612977700e-002	0.00000000000000000000e+000	3.47979999904055148363e+001	1	1
2.79005625000000000000e+005	0.00000000000000000000e+000	2.79000000000000000000e+005	1.27713428810000001468e-002	0.00000000000000000000e+000	-6.23688430790000012394e+001	0.00000000000000000000e+000	5.92306648510369099236e-003	0.00000000000000000000e+000	-1.13147904265660532303e-002	0.00000000000000000000e+000	3.50429999905172735453e+001	1	1
2.81004343750000000000e+005	0.00000000000000000000e+000	2.81000000000000000000e+005	1.26277497039999995337e-002	0.00000000000000000000e+000	-6.23148994450000017764e+001	0.00000000000000000000e+000	5.86700158065561316184e-003	0.00000000000000000000e+000	-1.11820550454492309567e-002	0.00000000000000000000e+000	3.52889999904436990619e+001	1	1
2.83004812500000000000e+005	0.00000000000000000000e+000	2.83000000000000000000e+005	1.24777387830000002777e-002	0.00000000000000000000e+000	-6.22718124390000014046e+001	0.00000000000000000000e+000	5.80561221964312132449e-003	0.00000000000000000000e+000	-1.10448554491180562370e-002	0.00000000000000000000e+000	3.55329999905079603195e+001	1	1
2.85004625000000000000e+005	0.00000000000000000000e+000	2.85000000000000000000e+005	1.23282447459999999761e-002	0.00000000000000000000e+000	-6.22217445369999992977e+001	0.00000000000000000000e+000	5.74558971332912293145e-003	0.00000000000000000000e+000	-1.09075119694347875965e-002	0.00000000000000000000e+000	3.57769999904558062553e+001	1	1
2.87005031250000000000e+005	0.00000000000000000000e+000	2.87000000000000000000e+005	1.21803097430000003415e-002	0.00000000000000000000e+000	-6.21694259639999984302e+001	0.00000000000000000000e+000	5.68648257654694004593e-003	0.00000000000000000000e+000	-1.07714372923045330344e-002	0.00000000000000000000e+000	3.60199999904725700617e+001	1	1
2.89005312500000000000e+005	0.00000000000000000000e+000	2.89000000000000000000e+005	1.20337540280000005605e-002	0.00000000000000000000e+000	-6.21179046629999973561e+001	0.00000000000000000000e+000	5.62762881557985015363e-003	0.00000000000000000000e+000	-1.06367772337518460418e-002	0.00000000000000000000e+000	3.62649999904679134488e+001	1	1
2.91005062500000000000e+005	0.00000000000000000000e+000	2.91000000000000000000e+005	1.18907606230000007647e-002	0.00000000000000000000e+000	-6.20569114689999992152e+001	0.00000000000000000000e+000	5.57194291717187477342e-003	0.00000000000000000000e+000	-1.05044581164982307048e-002	0.00000000000000000000e+000	3.65109999905107542872e+001	1	1
2.93004406250000000000e+005	0.00000000000000000000e+000	2.93000000000000000000e+005	1.17558464410000007572e-002	0.00000000000000000000e+000	-6.20059509279999971909e+001	0.00000000000000000000e+000	5.51795768262178850522e-003	0.00000000000000000000e+000	-1.03803693844278753511e-002	0.00000000000000000000e+000	3.67569999904371798038e+001	1	1
2.95004593750000000000e+005	0.00000000000000000000e+000	2.95000000000000000000e+005	1.16132805119999998195e-002	0.00000000000000000000e+000	-6.19538993840000031810e+001	0.00000000000000000000e+000	5.46035375413308696202e-003	0.00000000000000000000e+000	-1.02495278491315736785e-002	0.00000000000000000000e+000	3.70039999904111027718e+001	1	1
2.97005187500000000000e+005	0.00000000000000000000e+000	2.97000000000000000000e+005	1.14735867830000008022e-002	0.00000000000000000000e+000	-6.18798599240000015698e+001	0.00000000000000000000e+000	5.40775324258615033846e-003	0.00000000000000000000e+000	-1.01192587937225571965e-002	0.00000000000000000000e+000	3.72479999904753640294e+001	1	1
2.99005000000000000000e+005	0.00000000000000000000e+000	2.99000000000000000000e+005	1.13347694279999997718e-002	0.00000000000000000000e+000	-6.18273811339999994630e+001	0.00000000000000000000e+000	5.35147970517939764595e-003	0.00000000000000000000e+000	-9.99192989121603508673e-003	0.00000000000000000000e+000	3.74929999904707074165e+001	1	1
3.01005687500000000000e+005	0.00000000000000000000e+000	3.01000000000000000000e+005	1.11973676830000000437e-002	0.00000000000000000000e+000	-6.17740211489999992978e+001	0.00000000000000000000e+000	5.29579874079507632173e-003	0.00000000000000000000e+000	-9.86587850752714684566e-003	0.00000000000000000000e+000	3.77339999905088916421e+001	1	1
3.03005812500000000000e+005	0.00000000000000000000e+000	3.03000000000000000000e+005	1.10604045910000000491e-002	0.00000000000000000000e+000	-6.17142677309999996282e+001	0.00000000000000000000e+000	5.24118236589079730670e-003	0.00000000000000000000e+000	-9.73974112202625336154e-003	0.00000000000000000000e+000	3.79779999904567375779e+001	1	1
3.05005062500000000000e+005	0.00000000000000000000e+000	3.05000000000000000000e+005	1.09247090289999997798e-002	0.00000000000000000000e+000	-6.16601448059999981410e+001	0.00000000000000000000e+000	5.18596565059639257739e-003	0.00000000000000000000e+000	-9.61535374487847149805e-003	0.00000000000000000000e+000	3.82229999904520809650e+001	1	1
3.07005593750000000000e+005	0.00000000000000000000e+000	3.07000000000000000000e+005	1.07985595240000006173e-002	0.00000000000000000000e+000	-6.16067314149999987194e+001	0.00000000000000000000e+000	5.13494048545240326653e-003	0.00000000000000000000e+000	-9.49954072596317401767e-003	0.00000000000000000000e+000	3.84689999904949218035e+001	1	1
3.09004781250000000000e+005	0.00000000000000000000e+000	3.09000000000000000000e+005	1.06673156840000008666e-002	0.00000000000000000000e+000	-6.15408973689999996282e+001	0.00000000000000000000e+000	5.08331045798479826126e-003	0.00000000000000000000e+000	-9.37825030002157646047e-003	0.00000000000000000000e+000	3.87129999904427677393e+001	1	1
3.11005562500000000000e+005	0.00000000000000000000e+000	3.11000000000000000000e+005	1.05340089649999992666e-002	0.00000000000000000000e+000	-6.14766960139999980584e+001	0.00000000000000000000e+000	5.03015971342539360694e-003	0.00000000000000000000e+000	-9.25542209367744179993e-003	0.00000000000000000000e+000	3.89599999904166907072e+001	1	1
3.13005718750000000000e+005	0.00000000000000000000e+000	3.13000000000000000000e+005	1.04034468530000007158e-002	0.00000000000000000000e+000	-6.14019546509999969430e+001	0.00000000000000000000e+000	4.97973385816736276860e-003	0.00000000000000000000e+000	-9.13421902107767504086e-003	0.00000000000000000000e+000	3.92059999904595315456e+001	1	1
3.15005625000000000000e+005	0.00000000000000000000e+000	3.15000000000000000000e+005	1.02747026830000004471e-002	0.00000000000000000000e+000	-6.13452034000000026026e+001	0.00000000000000000000e+000	4.92704195834210538496e-003	0.00000000000000000000e+000	-9.01630593784304677774e-003	0.00000000000000000000e+000	3.94519999905023723841e+001	1	1
3.17005062500000000000e+005	0.00000000000000000000e+000	3.17000000000000000000e+005	1.01454826069999996807e-002	0.00000000000000000000e+000	-6.12815780640000014046e+001	0.00000000000000000000e+000	4.87496031118289478712e-003	0.00000000000000000000e+000	-8.89750410470998773227e-003	0.00000000000000000000e+000	3.96989999904762953520e+001	1	1
3.19005312500000000000e+005	0.00000000000000000000e+000	3.19000000000000000000e+005	1.00188655780000003548e-002	0.00000000000000000000e+000	-6.12185897829999987607e+001	0.00000000000000000000e+000	4.82377664209733374168e-003	0.00000000000000000000e+000	-8.78116429508009159466e-003	0.00000000000000000000e+000	3.99459999904502183199e+001	1	1
3.21004875000000000000e+005	0.00000000000000000000e+000	3.21000000000000000000e+005	9.89300105720000017007e-003	0.00000000000000000000e+000	-6.11547927860000015698e+001	0.00000000000000000000e+000	4.77282848843908411030e-003	0.00000000000000000000e+000	-8.66553969108125460297e-003	0.00000000000000000000e+000	4.01909999904455617070e+001	1	1
3.23005312500000000000e+005	0.00000000000000000000e+000	3.23000000000000000000e+005	9.76762920619999967797e-003	0.00000000000000000000e+000	-6.10897674559999970256e+001	0.00000000000000000000e+000	4.72205037639753747586e-003	0.00000000000000000000e+000	-8.55036961496841510511e-003	0.00000000000000000000e+000	4.04369999904884025455e+001	1	1
3.25005312500000000000e+005	0.00000000000000000000e+000	3.25000000000000000000e+005	9.64272022249999978538e-003	0.00000000000000000000e+000	-6.10216331479999993803e+001	0.00000000000000000000e+000	4.67169903511234323179e-003	0.00000000000000000000e+000	-8.43547754515065056902e-003	0.00000000000000000000e+000	4.06809999904362484813e+001	1	1
3.27005937500000000000e+005	0.00000000000000000000e+000	3.27000000000000000000e+005	9.51970461759999928009e-003	0.00000000000000000000e+000	-6.09577064509999999586e+001	0.00000000000000000000e+000	4.62138929729903526894e-003	0.00000000000000000000e+000	-8.32271211620134489240e-003	0.00000000000000000000e+000	4.09269999904790893197e+001	1	1
3.29006500000000000000e+005	0.00000000000000000000e+000	3.29000000000000000000e+005	9.40546393390000005919e-003	0.00000000000000000000e+000	-6.08935050959999983888e+001	0.00000000000000000000e+000	4.57514159797122940687e-003	0.00000000000000000000e+000	-8.21771447364818934112e-003	0.00000000000000000000e+000	4.11739999904530122876e+001	1	1
3.31006312500000000000e+005	0.00000000000000000000e+000	3.31000000000000000000e+005	9.28376242519999943237e-003	0.00000000000000000000e+000	-6.08241310120000022721e+001	0.00000000000000000000e+000	4.52575979086646245503e-003	0.00000000000000000000e+000	-8.10590791231505063130e-003	0.00000000000000000000e+000	4.14209999904269352555e+001	1	1
3.33005500000000000000e+005	0.00000000000000000000e+000	3.33000000000000000000e+005	9.16330795740000030036e-003	0.00000000000000000000e+000	-6.07565765379999973561e+001	0.00000000000000000000e+000	4.47646934726093903567e-003	0.00000000000000000000e+000	-7.99546339527506047529e-003	0.00000000000000000000e+000	4.16679999905172735453e+001	1	1
3.35006218750000000000e+005	0.00000000000000000000e+000	3.35000000000000000000e+005	9.04377456749999933394e-003	0.00000000000000000000e+000	-6.06868515009999995868e+001	0.00000000000000000000e+000	4.42767449548648901053e-003	0.00000000000000000000e+000	-7.88578195170131987513e-003	0.00000000000000000000e+000	4.19119999904651194811e+001	1	1
3.37005781250000000000e+005	0.00000000000000000000e+000	3.37000000000000000000e+005	8.92553105950000084945e-003	0.00000000000000000000e+000	-6.06139335630000033461e+001	0.00000000000000000000e+000	4.37968568112986900154e-003	0.00000000000000000000e+000	-7.77711116216074204582e-003	0.00000000000000000000e+000	4.21569999904604628682e+001	1	1
3.39005968750000000000e+005	0.00000000000000000000e+000	3.39000000000000000000e+005	8.80792085080000022868e-003	0.00000000000000000000e+000	-6.05408210749999966538e+001	0.00000000000000000000e+000	4.33176502826072753333e-003	0.00000000000000000000e+000	-7.66911216855606630433e-003	0.00000000000000000000e+000	4.24049999904818832874e+001	1	1
3.41006218750000000000e+005	0.00000000000000000000e+000	3.41000000000000000000e+005	8.69163870810000030454e-003	0.00000000000000000000e+000	-6.04611930849999978932e+001	0.00000000000000000000e+000	4.28509054436186555964e-003	0.00000000000000000000e+000	-7.56191658633991858202e-003	0.00000000000000000000e+000	4.26539999904343858361e+001	1	1
3.43006812500000000000e+005	0.00000000000000000000e+000	3.43000000000000000000e+005	8.57490114869999958680e-003	0.00000000000000000000e+000	-6.03852577210000021068e+001	0.00000000000000000000e+000	4.23742106856012535482e-003	0.00000000000000000000e+000	-7.45474294645357641459e-003	0.00000000000000000000e+000	4.28979999904986470938e+001	1	1
3.45006562500000000000e+005	0.00000000000000000000e+000	3.45000000000000000000e+005	8.46029073000000020333e-003	0.00000000000000000000e+000	-6.02871551510000003304e+001	0.00000000000000000000e+000	4.19337191306538067254e-003	0.00000000000000000000e+000	-7.34793516811616410217e-003	0.00000000000000000000e+000	4.31519999904558062553e+001	1	1
3.47006031250000000000e+005	0.00000000000000000000e+000	3.47000000000000000000e+005	8.34656413639999969489e-003	0.00000000000000000000e+000	-6.02090682979999982649e+001	0.00000000000000000000e+000	4.14687877827167854922e-003	0.00000000000000000000e+000	-7.24351636164084766722e-003	0.00000000000000000000e+000	4.33959999905200675130e+001	1	1
3.49006687500000000000e+005	0.00000000000000000000e+000	3.49000000000000000000e+005	8.23263637720000017450e-003	0.00000000000000000000e+000	-6.01289672850000016524e+001	0.00000000000000000000e+000	4.10025969616022341324e-003	0.00000000000000000000e+000	-7.13891953612315333100e-003	0.00000000000000000000e+000	4.36409999905154109001e+001	1	1
3.51006187500000000000e+005	0.00000000000000000000e+000	3.51000000000000000000e+005	8.11987183989999923572e-003	0.00000000000000000000e+000	-6.00470848080000010327e+001	0.00000000000000000000e+000	4.05415587130154072421e-003	0.00000000000000000000e+000	-7.03534923565221799457e-003	0.00000000000000000000e+000	4.38869999904418364167e+001	1	1
3.53006875000000000000e+005	0.00000000000000000000e+000	3.53000000000000000000e+005	8.00809450449999939148e-003	0.00000000000000000000e+000	-5.99651222230000016111e+001	0.00000000000000000000e+000	4.00826832045654297271e-003	0.00000000000000000000e+000	-6.93277452858720704548e-003	0.00000000000000000000e+000	4.41349999904632568359e+001	1	1
3.55005718750000000000e+005	0.00000000000000000000e+000	3.55000000000000000000e+005	7.89729878310000028840e-003	0.00000000000000000000e+000	-5.98820495610000023134e+001	0.00000000000000000000e+000	3.96272060061746839166e-003	0.00000000000000000000e+000	-6.83111802789226289084e-003	0.00000000000000000000e+000	4.43799999904586002231e+001	1	1
3.57005812500000000000e+005	0.00000000000000000000e+000	3.57000000000000000000e+005	7.78633914889999972919e-003	0.00000000000000000000e+000	-5.97936325069999980997e+001	0.00000000000000000000e+000	3.91743187716283962352e-003	0.00000000000000000000e+000	-6.72910133892195162081e-003	0.00000000000000000000e+000	4.46249999904539436102e+001	1	1
3.59006250000000000000e+005	0.00000000000000000000e+000	3.59000000000000000000e+005	7.67686543989999983784e-003	0.00000000000000000000e+000	-5.97036285399999968604e+001	0.00000000000000000000e+000	3.87277102689369051233e-003	0.00000000000000000000e+000	-6.62841667033567047418e-003	0.00000000000000000000e+000	4.48699999904492869973e+001	1	1
3.61007125000000000000e+005	0.00000000000000000000e+000	3.61000000000000000000e+005	7.56781548260000019868e-003	0.00000000000000000000e+000	-5.96158866880000033461e+001	0.00000000000000000000e+000	3.82776025404381759626e-003	0.00000000000000000000e+000	-6.52840582502671028936e-003	0.00000000000000000000e+000	4.51149999904446303844e+001	1	1
3.63006250000000000000e+005	0.00000000000000000000e+000	3.63000000000000000000e+005	7.45908403769999974603e-003	0.00000000000000000000e+000	-5.95226936339999994630e+001	0.00000000000000000000e+000	3.78322553547621228537e-003	0.00000000000000000000e+000	-6.42846320897861710914e-003	0.00000000000000000000e+000	4.53609999904874712229e+001	1	1
3.65006562500000000000e+005	0.00000000000000000000e+000	3.65000000000000000000e+005	7.35174072909999982983e-003	0.00000000000000000000e+000	-5.94285354610000027265e+001	0.00000000000000000000e+000	3.73918859789534614030e-003	0.00000000000000000000e+000	-6.32981519297974755400e-003	0.00000000000000000000e+000	4.56039999905042350292e+001	1	1
3.67007218750000000000e+005	0.00000000000000000000e+000	3.67000000000000000000e+005	7.24951177839999998803e-003	0.00000000000000000000e+000	-5.93219070430000030569e+001	0.00000000000000000000e+000	3.69880335399653354875e-003	0.00000000000000000000e+000	-6.23492379854191300370e-003	0.00000000000000000000e+000	4.58499999904306605458e+001	1	1
3.69006312500000000000e+005	0.00000000000000000000e+000	3.69000000000000000000e+005	7.14341131969999966478e-003	0.00000000000000000000e+000	-5.92227783200000033048e+001	0.00000000000000000000e+000	3.65529324673417952557e-003	0.00000000000000000000e+000	-6.13735745763578470491e-003	0.00000000000000000000e+000	4.60949999904260039330e+001	1	1
3.71006593750000000000e+005	0.00000000000000000000e+000	3.71000000000000000000e+005	7.03692156819999987266e-003	0.00000000000000000000e+000	-5.91209297179999992977e+001	0.00000000000000000000e+000	3.61154369248025981093e-003	0.00000000000000000000e+000	-6.03945505110389888742e-003	0.00000000000000000000e+000	4.63399999904213473201e+001	1	1
3.73006656250000000000e+005	0.00000000000000000000e+000	3.73000000000000000000e+005	6.93158665669999993209e-003	0.00000000000000000000e+000	-5.90128021239999966951e+001	0.00000000000000000000e+000	3.56870349236512512600e-003	0.00000000000000000000e+000	-5.94232689801919584244e-003	0.00000000000000000000e+000	4.65879999904427677393e+001	1	1
3.75006781250000000000e+005	0.00000000000000000000e+000	3.75000000000000000000e+005	6.82765711099999998701e-003	0.00000000000000000000e+000	-5.88710021970000028091e+001	0.00000000000000000000e+000	3.52967095971686928638e-003	0.00000000000000000000e+000	-5.84451234420120535606e-003	0.00000000000000000000e+000	4.68319999905070289969e+001	1	1
3.77006968750000000000e+005	0.00000000000000000000e+000	3.77000000000000000000e+005	6.72296853739999967364e-003	0.00000000000000000000e+000	-5.87977180480000001239e+001	0.00000000000000000000e+000	3.48290841538000887218e-003	0.00000000000000000000e+000	-5.75044823687209660790e-003	0.00000000000000000000e+000	4.70789999904809519649e+001	1	1
3.79006218750000000000e+005	0.00000000000000000000e+000	3.79000000000000000000e+005	6.61886064339999979217e-003	0.00000000000000000000e+000	-5.86841316220000024373e+001	0.00000000000000000000e+000	3.44019090368157236942e-003	0.00000000000000000000e+000	-5.65459129937575816910e-003	0.00000000000000000000e+000	4.73259999904548749328e+001	1	1
3.81006312500000000000e+005	0.00000000000000000000e+000	3.81000000000000000000e+005	6.51662470769999967179e-003	0.00000000000000000000e+000	-5.85663604739999996696e+001	0.00000000000000000000e+000	3.39848947418130075890e-003	0.00000000000000000000e+000	-5.56027579126116850566e-003	0.00000000000000000000e+000	4.75719999904977157712e+001	1	1
3.83006406250000000000e+005	0.00000000000000000000e+000	3.83000000000000000000e+005	6.41457922759999972506e-003	0.00000000000000000000e+000	-5.84481124879999995869e+001	0.00000000000000000000e+000	3.35656022643003853351e-003	0.00000000000000000000e+000	-5.46629034295703468416e-003	0.00000000000000000000e+000	4.78169999904930591583e+001	1	1
3.85005750000000000000e+005	0.00000000000000000000e+000	3.85000000000000000000e+005	6.31165225060000001367e-003	0.00000000000000000000e+000	-5.83273315429999996695e+001	0.00000000000000000000e+000	3.31403240728509905152e-003	0.00000000000000000000e+000	-5.37160528482577299264e-003	0.00000000000000000000e+000	4.80619999904884025455e+001	1	1
3.87007406250000000000e+005	0.00000000000000000000e+000	3.87000000000000000000e+005	6.21024053540000006007e-003	0.00000000000000000000e+000	-5.82021636959999995042e+001	0.00000000000000000000e+000	3.27232301286483912711e-003	0.00000000000000000000e+000	-5.27816157454472599520e-003	0.00000000000000000000e+000	4.83069999904837459326e+001	1	1
3.89006781250000000000e+005	0.00000000000000000000e+000	3.89000000000000000000e+005	6.10973220319999989203e-003	0.00000000000000000000e+000	-5.80767021180000000413e+001	0.00000000000000000000e+000	3.23072569212013707349e-003	0.00000000000000000000e+000	-5.18567633940780932378e-003	0.00000000000000000000e+000	4.85519999904790893197e+001	1	1
3.91006437500000000000e+005	0.00000000000000000000e+000	3.91000000000000000000e+005	6.00943993780000008248e-003	0.00000000000000000000e+000	-5.79466590879999969843e+001	0.00000000000000000000e+000	3.18926121750053633702e-003	0.00000000000000000000e+000	-5.09332712993900132287e-003	0.00000000000000000000e+000	4.87959999904269352555e+001	1	1
3.93006531250000000000e+005	0.00000000000000000000e+000	3.93000000000000000000e+005	5.90871972959999998409e-003	0.00000000000000000000e+000	-5.78114471439999988434e+001	0.00000000000000000000e+000	3.14761765365697545813e-003	0.00000000000000000000e+000	-5.00054716499617225856e-003	0.00000000000000000000e+000	4.90429999905172735453e+001	1	1
3.95006750000000000000e+005	0.00000000000000000000e+000	3.95000000000000000000e+005	5.80952316519999997779e-003	0.00000000000000000000e+000	-5.76656036380000003305e+001	0.00000000000000000000e+000	3.10727983712868159605e-003	0.00000000000000000000e+000	-4.90870363953345434371e-003	0.00000000000000000000e+000	4.92899999904911965132e+001	1	1
3.97007875000000000000e+005	0.00000000000000000000e+000	3.97000000000000000000e+005	5.71061111989999963673e-003	0.00000000000000000000e+000	-5.75225257869999992977e+001	0.00000000000000000000e+000	3.06641544695559088024e-003	0.00000000000000000000e+000	-4.81748644724587418015e-003	0.00000000000000000000e+000	4.95329999905079603195e+001	1	1
3.99006406250000000000e+005	0.00000000000000000000e+000	3.99000000000000000000e+005	5.61280269180000016688e-003	0.00000000000000000000e+000	-5.73725357060000007436e+001	0.00000000000000000000e+000	3.02628042507543980680e-003	0.00000000000000000000e+000	-4.72706894871256777524e-003	0.00000000000000000000e+000	4.97759999904083088040e+001	1	1
4.01006750000000000000e+005	0.00000000000000000000e+000	4.01000000000000000000e+005	5.51577471199999995466e-003	0.00000000000000000000e+000	-5.72246360780000031809e+001	0.00000000000000000000e+000	2.98594669833051771721e-003	0.00000000000000000000e+000	-4.63766029246081862986e-003	0.00000000000000000000e+000	5.00239999904297292233e+001	1	1
4.03006437500000000000e+005	0.00000000000000000000e+000	4.03000000000000000000e+005	5.42041985320000033882e-003	0.00000000000000000000e+000	-5.70731391910000027679e+001	0.00000000000000000000e+000	2.94636692145742876484e-003	0.00000000000000000000e+000	-4.54971134788858741493e-003	0.00000000000000000000e+000	5.02729999904986470938e+001	1	1
4.05006312500000000000e+005	0.00000000000000000000e+000	4.05000000000000000000e+005	5.32384682449999965814e-003	0.00000000000000000000e+000	-5.69103851320000018177e+001	0.00000000000000000000e+000	2.90655484329028525325e-003	0.00000000000000000000e+000	-4.46041298017173758195e-003	0.00000000000000000000e+000	5.05189999904250726104e+001	1	1
4.07006812500000000000e+005	0.00000000000000000000e+000	4.07000000000000000000e+005	5.23010501639999993151e-003	0.00000000000000000000e+000	-5.67308807369999996695e+001	0.00000000000000000000e+000	2.86909061705022767549e-003	0.00000000000000000000e+000	-4.37290721531188950749e-003	0.00000000000000000000e+000	5.07679999904939904809e+001	1	1
4.09006625000000000000e+005	0.00000000000000000000e+000	4.09000000000000000000e+005	5.13340812179999966824e-003	0.00000000000000000000e+000	-5.65461006159999968190e+001	0.00000000000000000000e+000	2.82987269408937949094e-003	0.00000000000000000000e+000	-4.28295452698362368038e-003	0.00000000000000000000e+000	5.10129999904893338680e+001	1	1
4.11007406250000000000e+005	0.00000000000000000000e+000	4.11000000000000000000e+005	5.03571471199999991936e-003	0.00000000000000000000e+000	-5.63647994999999966126e+001	0.00000000000000000000e+000	2.78929837285937787250e-003	0.00000000000000000000e+000	-4.19264084412405545893e-003	0.00000000000000000000e+000	5.12569999904371798038e+001	1	1
4.13006406250000000000e+005	0.00000000000000000000e+000	4.13000000000000000000e+005	4.93769766760000002742e-003	0.00000000000000000000e+000	-5.61768684390000032636e+001	0.00000000000000000000e+000	2.74847593940673318169e-003	0.00000000000000000000e+000	-4.10204074420583448407e-003	0.00000000000000000000e+000	5.15009999905014410615e+001	1	1
4.15007375000000000000e+005	0.00000000000000000000e+000	4.15000000000000000000e+005	4.84142592179999994156e-003	0.00000000000000000000e+000	-5.59812545779999979345e+001	0.00000000000000000000e+000	2.70860410751795751758e-003	0.00000000000000000000e+000	-4.01283799137391438555e-003	0.00000000000000000000e+000	5.17479999904753640294e+001	1	1
4.17006718750000000000e+005	0.00000000000000000000e+000	4.17000000000000000000e+005	4.74584009500000035542e-003	0.00000000000000000000e+000	-5.57760200499999996282e+001	0.00000000000000000000e+000	2.66920046989178308058e-003	0.00000000000000000000e+000	-3.92407531258500384685e-003	0.00000000000000000000e+000	5.19909999904921278358e+001	1	1
4.19007343750000000000e+005	0.00000000000000000000e+000	4.19000000000000000000e+005	4.65093599630000010398e-003	0.00000000000000000000e+000	-5.55674705509999995456e+001	0.00000000000000000000e+000	2.62980376646708381358e-003	0.00000000000000000000e+000	-3.83605758449408716648e-003	0.00000000000000000000e+000	5.22349999904399737716e+001	1	1
4.21007656250000000000e+005	0.00000000000000000000e+000	4.21000000000000000000e+005	4.55643469469999961435e-003	0.00000000000000000000e+000	-5.53519744869999996695e+001	0.00000000000000000000e+000	2.59048583144524426081e-003	0.00000000000000000000e+000	-3.74839702861734253708e-003	0.00000000000000000000e+000	5.24839999905088916421e+001	1	1
4.23008031250000000000e+005	0.00000000000000000000e+000	4.23000000000000000000e+005	4.46139322590000022423e-003	0.00000000000000000000e+000	-5.51128311160000023960e+001	0.00000000000000000000e+000	2.55174830001591006895e-003	0.00000000000000000000e+000	-3.65959152494814941858e-003	0.00000000000000000000e+000	5.27289999905042350292e+001	1	1
4.25007656250000000000e+005	0.00000000000000000000e+000	4.25000000000000000000e+005	4.36712196099999991339e-003	0.00000000000000000000e+000	-5.48796691889999976866e+001	0.00000000000000000000e+000	2.51238579166101214449e-003	0.00000000000000000000e+000	-3.57206828827618489905e-003	0.00000000000000000000e+000	5.29739999904995784163e+001	1	1
4.27007343750000000000e+005	0.00000000000000000000e+000	4.27000000000000000000e+005	4.27318038419999962629e-003	0.00000000000000000000e+000	-5.46365318300000026852e+001	0.00000000000000000000e+000	2.47315161303522093247e-003	0.00000000000000000000e+000	-3.48476565852754880878e-003	0.00000000000000000000e+000	5.32179999904474243522e+001	1	1
4.29007343750000000000e+005	0.00000000000000000000e+000	4.29000000000000000000e+005	4.17966255920000032825e-003	0.00000000000000000000e+000	-5.43753776550000011980e+001	0.00000000000000000000e+000	2.43453788258943650338e-003	0.00000000000000000000e+000	-3.39744086144486666379e-003	0.00000000000000000000e+000	5.34669999905163422227e+001	1	1
4.31007218750000000000e+005	0.00000000000000000000e+000	4.31000000000000000000e+005	4.08679060640000039323e-003	0.00000000000000000000e+000	-5.41139144899999990912e+001	0.00000000000000000000e+000	2.39557706213793832062e-003	0.00000000000000000000e+000	-3.31105240066022644269e-003	0.00000000000000000000e+000	5.37159999904688447714e+001	1	1
4.33008218750000000000e+005	0.00000000000000000000e+000	4.33000000000000000000e+005	3.99373564869999995997e-003	0.00000000000000000000e+000	-5.38312339780000002065e+001	0.00000000000000000000e+000	2.35696575441347953156e-003	0.00000000000000000000e+000	-3.22407147318717283296e-003	0.00000000000000000000e+000	5.39629999904427677393e+001	1	1
4.35007250000000000000e+005	0.00000000000000000000e+000	4.35000000000000000000e+005	3.90056637119999983360e-003	0.00000000000000000000e+000	-5.35337753299999974388e+001	0.00000000000000000000e+000	2.31829705941510432615e-003	0.00000000000000000000e+000	-3.13686416034287575416e-003	0.00000000000000000000e+000	5.42079999904381111264e+001	1	1
4.37006812500000000000e+005	0.00000000000000000000e+000	4.37000000000000000000e+005	3.80777451209999987305e-003	0.00000000000000000000e+000	-5.32288284300000000826e+001	0.00000000000000000000e+000	2.27941244052031182638e-003	0.00000000000000000000e+000	-3.05015174393006693182e-003	0.00000000000000000000e+000	5.44479999904287979007e+001	1	1
4.39007531250000000000e+005	0.00000000000000000000e+000	4.39000000000000000000e+005	3.71537986209999988516e-003	0.00000000000000000000e+000	-5.29081726069999973561e+001	0.00000000000000000000e+000	2.24072414846848179393e-003	0.00000000000000000000e+000	-2.96364687676659802756e-003	0.00000000000000000000e+000	5.46869999904884025455e+001	1	1
4.41006937500000000000e+005	0.00000000000000000000e+000	4.41000000000000000000e+005	3.62361175940000002083e-003	0.00000000000000000000e+000	-5.25704154969999990499e+001	0.00000000000000000000e+000	2.20238036910391831238e-003	0.00000000000000000000e+000	-2.87751331754479465833e-003	0.00000000000000000000e+000	5.49279999904101714492e+001	1	1
4.43007500000000000000e+005	0.00000000000000000000e+000	4.43000000000000000000e+005	3.53189674210000002091e-003	0.00000000000000000000e+000	-5.22124862670000027265e+001	0.00000000000000000000e+000	2.16411624059027795156e-003	0.00000000000000000000e+000	-2.79121756480393314048e-003	0.00000000000000000000e+000	5.51729999904055148363e+001	1	1
4.45007125000000000000e+005	0.00000000000000000000e+000	4.45000000000000000000e+005	3.44269792550000019310e-003	0.00000000000000000000e+000	-5.18397979739999996696e+001	0.00000000000000000000e+000	2.12711359477089304720e-003	0.00000000000000000000e+000	-2.70694602110623048358e-003	0.00000000000000000000e+000	5.54149999904911965132e+001	1	1
4.47006812500000000000e+005	0.00000000000000000000e+000	4.47000000000000000000e+005	3.35170258770000001683e-003	0.00000000000000000000e+000	-5.14475708009999976866e+001	0.00000000000000000000e+000	2.08888335663400459205e-003	0.00000000000000000000e+000	-2.62115939209585846123e-003	0.00000000000000000000e+000	5.56579999905079603195e+001	1	1
4.49008531250000000000e+005	0.00000000000000000000e+000	4.49000000000000000000e+005	3.26016522010000005596e-003	0.00000000000000000000e+000	-5.10217742920000034701e+001	0.00000000000000000000e+000	2.05072548052325290269e-003	0.00000000000000000000e+000	-2.53440372985093984384e-003	0.00000000000000000000e+000	5.59029999905033037066e+001	1	1
4.51007593750000000000e+005	0.00000000000000000000e+000	4.51000000000000000000e+005	3.16869933160000014430e-003	0.00000000000000000000e+000	-5.05755043030000024373e+001	0.00000000000000000000e+000	2.01231684033563841887e-003	0.00000000000000000000e+000	-2.44770022432974415291e-003	0.00000000000000000000e+000	5.61459999905200675130e+001	1	1
4.53007750000000000000e+005	0.00000000000000000000e+000	4.53000000000000000000e+005	3.07800364680000000661e-003	0.00000000000000000000e+000	-5.01034774780000020655e+001	0.00000000000000000000e+000	1.97424101912195386344e-003	0.00000000000000000000e+000	-2.36145693336347077193e-003	0.00000000000000000000e+000	5.63929999904939904809e+001	1	1
4.55007562500000000000e+005	0.00000000000000000000e+000	4.55000000000000000000e+005	2.98765511249999985224e-003	0.00000000000000000000e+000	-4.96024246220000009089e+001	0.00000000000000000000e+000	1.93626248611886327133e-003	0.00000000000000000000e+000	-2.27529572937149949033e-003	0.00000000000000000000e+000	5.66399999904679134488e+001	1	1
4.57008062500000000000e+005	0.00000000000000000000e+000	4.57000000000000000000e+005	2.89673334919999993925e-003	0.00000000000000000000e+000	-4.90691680910000016524e+001	0.00000000000000000000e+000	1.89778752076888239907e-003	0.00000000000000000000e+000	-2.18848500620437121447e-003	0.00000000000000000000e+000	5.68849999904632568359e+001	1	1
4.59008500000000000000e+005	0.00000000000000000000e+000	4.59000000000000000000e+005	2.80642276629999984014e-003	0.00000000000000000000e+000	-4.84970855709999995042e+001	0.00000000000000000000e+000	1.85969893201613626667e-003	0.00000000000000000000e+000	-2.10179176548605474092e-003	0.00000000000000000000e+000	5.71289999904111027718e+001	1	1
4.61007875000000000000e+005	0.00000000000000000000e+000	4.61000000000000000000e+005	2.71688471550000009910e-003	0.00000000000000000000e+000	-4.78735427860000015698e+001	0.00000000000000000000e+000	1.82240252430071469902e-003	0.00000000000000000000e+000	-2.01502148791021578819e-003	0.00000000000000000000e+000	5.73739999904064461589e+001	1	1
4.63008531250000000000e+005	0.00000000000000000000e+000	4.63000000000000000000e+005	2.62734247370000019092e-003	0.00000000000000000000e+000	-4.72269401550000011980e+001	0.00000000000000000000e+000	1.78421840509553715146e-003	0.00000000000000000000e+000	-1.92859875480266081300e-003	0.00000000000000000000e+000	5.76199999904492869973e+001	1	1
4.65008156250000000000e+005	0.00000000000000000000e+000	4.65000000000000000000e+005	2.53781187349999982211e-003	0.00000000000000000000e+000	-4.65089607239999978106e+001	0.00000000000000000000e+000	1.74662651921583876417e-003	0.00000000000000000000e+000	-1.84113685196118492121e-003	0.00000000000000000000e+000	5.78679999904707074165e+001	1	1
4.67008562500000000000e+005	0.00000000000000000000e+000	4.67000000000000000000e+005	2.44888802990000020374e-003	0.00000000000000000000e+000	-4.57432174679999974387e+001	0.00000000000000000000e+000	1.70901836751719362652e-003	0.00000000000000000000e+000	-1.75394093471712168505e-003	0.00000000000000000000e+000	5.81119999904185533524e+001	1	1
4.69007812500000000000e+005	0.00000000000000000000e+000	4.69000000000000000000e+005	2.35983240419999993481e-003	0.00000000000000000000e+000	-4.48979911799999982236e+001	0.00000000000000000000e+000	1.67162172515282871424e-003	0.00000000000000000000e+000	-1.66567997643888134410e-003	0.00000000000000000000e+000	5.83609999904874712229e+001	1	1
4.71007312500000000000e+005	0.00000000000000000000e+000	4.71000000000000000000e+005	2.27166805420000008156e-003	0.00000000000000000000e+000	-4.40156097409999986780e+001	0.00000000000000000000e+000	1.63367128304524452873e-003	0.00000000000000000000e+000	-1.57847834556769221238e-003	0.00000000000000000000e+000	5.86069999904138967395e+001	1	1
4.73007968750000000000e+005	0.00000000000000000000e+000	4.73000000000000000000e+005	2.18335026880000018790e-003	0.00000000000000000000e+000	-4.30361022949999991738e+001	0.00000000000000000000e+000	1.59586275242715224312e-003	0.00000000000000000000e+000	-1.49004713740360128678e-003	0.00000000000000000000e+000	5.88519999904092401266e+001	1	1
4.75007281250000000000e+005	0.00000000000000000000e+000	4.75000000000000000000e+005	2.09554540920000014620e-003	0.00000000000000000000e+000	-4.19506225590000028092e+001	0.00000000000000000000e+000	1.55850157535425480441e-003	0.00000000000000000000e+000	-1.40085095625391278448e-003	0.00000000000000000000e+000	5.90969999905209988356e+001	1	1
4.77007656250000000000e+005	0.00000000000000000000e+000	4.77000000000000000000e+005	2.00903997759999987383e-003	0.00000000000000000000e+000	-4.07952194209999987606e+001	0.00000000000000000000e+000	1.52094287185789941476e-003	0.00000000000000000000e+000	-1.31262119902874241535e-003	0.00000000000000000000e+000	5.93449999904260039330e+001	1	1
4.79008593750000000000e+005	0.00000000000000000000e+000	4.79000000000000000000e+005	1.92296970639999997670e-003	0.00000000000000000000e+000	-3.95213317870000011567e+001	0.00000000000000000000e+000	1.48335521585538695349e-003	0.00000000000000000000e+000	-1.22371148369487836062e-003	0.00000000000000000000e+000	5.95929999904474243522e+001	1	1
4.81007718750000000000e+005	0.00000000000000000000e+000	4.81000000000000000000e+005	1.83799094519999993251e-003	0.00000000000000000000e+000	-3.81209716799999966952e+001	0.00000000000000000000e+000	1.44596424969873640042e-003	0.00000000000000000000e+000	-1.13463566982109284598e-003	0.00000000000000000000e+000	5.98389999904902651906e+001	1	1
4.83008500000000000000e+005	0.00000000000000000000e+000	4.83000000000000000000e+005	1.75372208469999992832e-003	0.00000000000000000000e+000	-3.65581665039999990086e+001	0.00000000000000000000e+000	1.40868180781963058500e-003	0.00000000000000000000e+000	-1.04458446986470691528e-003	0.00000000000000000000e+000	6.00859999904641881585e+001	1	1
4.85008906250000000000e+005	0.00000000000000000000e+000	4.85000000000000000000e+005	1.67207454799999993486e-003	0.00000000000000000000e+000	-3.48359451290000023960e+001	0.00000000000000000000e+000	1.37242375727803845621e-003	0.00000000000000000000e+000	-9.55136809325363546688e-004	0.00000000000000000000e+000	6.03399999904213473201e+001	1	1
4.87008343750000000000e+005	0.00000000000000000000e+000	4.87000000000000000000e+005	1.59021851140000005168e-003	0.00000000000000000000e+000	-3.28891220089999976040e+001	0.00000000000000000000e+000	1.33534302733810824292e-003	0.00000000000000000000e+000	-8.63512543822455690828e-004	0.00000000000000000000e+000	6.05839999904856085777e+001	1	1
4.89008031250000000000e+005	0.00000000000000000000e+000	4.89000000000000000000e+005	1.51030381679999998155e-003	0.00000000000000000000e+000	-3.07350101470000005577e+001	0.00000000000000000000e+000	1.29816677291169960649e-003	0.00000000000000000000e+000	-7.71868284585311469417e-004	0.00000000000000000000e+000	6.08309999904595315456e+001	1	1
4.91009031250000000000e+005	0.00000000000000000000e+000	4.91000000000000000000e+005	1.43298308829999999393e-003	0.00000000000000000000e+000	-2.83177223210000015285e+001	0.00000000000000000000e+000	1.26149896768841421162e-003	0.00000000000000000000e+000	-6.79750605645093011926e-004	0.00000000000000000000e+000	6.10799999904120340943e+001	1	1
4.93008000000000000000e+005	0.00000000000000000000e+000	4.93000000000000000000e+005	1.35817483529999992811e-003	0.00000000000000000000e+000	-2.55849418640000010328e+001	0.00000000000000000000e+000	1.22500043708211980679e-003	0.00000000000000000000e+000	-5.86526054315405229525e-004	0.00000000000000000000e+000	6.13289999904809519649e+001	1	1
4.95008406250000000000e+005	0.00000000000000000000e+000	4.95000000000000000000e+005	1.28670409320000007740e-003	0.00000000000000000000e+000	-2.25099754330000010327e+001	0.00000000000000000000e+000	1.18867383244818949038e-003	0.00000000000000000000e+000	-4.92607291369675072759e-004	0.00000000000000000000e+000	6.15729999904287979007e+001	1	1
4.97008406250000000000e+005	0.00000000000000000000e+000	4.97000000000000000000e+005	1.21955492070000004468e-003	0.00000000000000000000e+000	-1.90284576419999993391e+001	0.00000000000000000000e+000	1.15291448577154115665e-003	0.00000000000000000000e+000	-3.97620916328260995236e-004	0.00000000000000000000e+000	6.18169999904930591583e+001	1	1
4.99008125000000000000e+005	0.00000000000000000000e+000	4.99000000000000000000e+005	1.15727016240000008841e-003	0.00000000000000000000e+000	-1.51296167369999992047e+001	0.00000000000000000000e+000	1.11715668558126407679e-003	0.00000000000000000000e+000	-3.02051599304501436696e-004	0.00000000000000000000e+000	6.20609999904409050941e+001	1	1
5.01009000000000000000e+005	0.00000000000000000000e+000	5.01000000000000000000e+005	1.10139045860000004025e-003	0.00000000000000000000e+000	-1.07431993479999992047e+001	0.00000000000000000000e+000	1.08208587108566973295e-003	0.00000000000000000000e+000	-2.05307354695065668064e-004	0.00000000000000000000e+000	6.23049999905051663518e+001	1	1
5.03008218750000000000e+005	0.00000000000000000000e+000	5.03000000000000000000e+005	1.05262827129999994059e-003	0.00000000000000000000e+000	-5.84170055389999998141e+000	0.00000000000000000000e+000	1.04716186271988078924e-003	0.00000000000000000000e+000	-1.07136878828234142569e-004	0.00000000000000000000e+000	6.25499999905005097389e+001	1	1
5.05008250000000000000e+005	0.00000000000000000000e+000	5.05000000000000000000e+005	1.01325323340000004839e-003	0.00000000000000000000e+000	-4.69923824069999995778e-001	0.00000000000000000000e+000	1.01321915374299716464e-003	0.00000000000000000000e+000	-8.31032393349032892085e-006	0.00000000000000000000e+000	6.27979999904055148363e+001	1	1
5.07008906250000000000e+005	0.00000000000000000000e+000	5.07000000000000000000e+005	9.83867794280000092927e-004	0.00000000000000000000e+000	5.35792112349999971599e+000	0.00000000000000000000e+000	9.79569089750183643120e-004	0.00000000000000000000e+000	9.18707517515179552430e-005	0.00000000000000000000e+000	6.30439999904483556747e+001	1	1
5.09008906250000000000e+005	0.00000000000000000000e+000	5.09000000000000000000e+005	9.66810679529999999690e-004	0.00000000000000000000e+000	1.15471858980000003925e+001	0.00000000000000000000e+000	9.47242608979213026460e-004	0.00000000000000000000e+000	1.93531211404037166868e-004	0.00000000000000000000e+000	6.32909999904222786427e+001	1	1
5.11009156250000000000e+005	0.00000000000000000000e+000	5.11000000000000000000e+005	9.62888763750000052470e-004	0.00000000000000000000e+000	1.79456634520000015698e+001	0.00000000000000000000e+000	9.16043404052201051119e-004	0.00000000000000000000e+000	2.96680389052696375559e-004	0.00000000000000000000e+000	6.35349999904865399003e+001	1	1
5.13008625000000000000e+005	0.00000000000000000000e+000	5.13000000000000000000e+005	9.72888374239999978443e-004	0.00000000000000000000e+000	2.43824234010000004957e+001	0.00000000000000000000e+000	8.86116799484116114509e-004	0.00000000000000000000e+000	4.01632675965710021250e-004	0.00000000000000000000e+000	6.37799999904818832874e+001	1	1
5.15009031250000000000e+005	0.00000000000000000000e+000	5.15000000000000000000e+005	9.96767426839999942656e-004	0.00000000000000000000e+000	3.06483383180000004131e+001	0.00000000000000000000e+000	8.57531243733823623707e-004	0.00000000000000000000e+000	5.08119542262995701164e-004	0.00000000000000000000e+000	6.40259999904083088040e+001	1	1
5.17008500000000000000e+005	0.00000000000000000000e+000	5.17000000000000000000e+005	1.03406270500000009062e-003	0.00000000000000000000e+000	3.65643196110000019416e+001	0.00000000000000000000e+000	8.30547396217054556024e-004	0.00000000000000000000e+000	6.16016802132042691487e-004	0.00000000000000000000e+000	6.42719999904511496425e+001	1	1
5.19008406250000000000e+005	0.00000000000000000000e+000	5.19000000000000000000e+005	1.08514248859999996345e-003	0.00000000000000000000e+000	4.19943046570000007023e+001	0.00000000000000000000e+000	8.06490206751736809360e-004	0.00000000000000000000e+000	7.26021877754756011537e-004	0.00000000000000000000e+000	6.45149999904679134488e+001	1	1
5.21008750000000000000e+005	0.00000000000000000000e+000	5.21000000000000000000e+005	1.14776927509999994437e-003	0.00000000000000000000e+000	4.68598937989999981824e+001	0.00000000000000000000e+000	7.84827091542062869542e-004	0.00000000000000000000e+000	8.37508653833025093829e-004	0.00000000000000000000e+000	6.47599999904632568359e+001	1	1
5.23008562500000000000e+005	0.00000000000000000000e+000	5.23000000000000000000e+005	1.22244318480000009608e-003	0.00000000000000000000e+000	5.11014366149999972322e+001	0.00000000000000000000e+000	7.67625320332925844755e-004	0.00000000000000000000e+000	9.51377268830688391232e-004	0.00000000000000000000e+000	6.50019999904325231910e+001	1	1
5.25008875000000000000e+005	0.00000000000000000000e+000	5.25000000000000000000e+005	1.30562460980000001262e-003	0.00000000000000000000e+000	5.47233848569999992151e+001	0.00000000000000000000e+000	7.54030185500368364294e-004	0.00000000000000000000e+000	1.06587715102148721316e-003	0.00000000000000000000e+000	6.52469999904278665781e+001	1	1
5.27009625000000000000e+005	0.00000000000000000000e+000	5.27000000000000000000e+005	1.39657629189999989844e-003	0.00000000000000000000e+000	5.77787246700000025612e+001	0.00000000000000000000e+000	7.44641164137754916347e-004	0.00000000000000000000e+000	1.18149687928860934981e-003	0.00000000000000000000e+000	6.54979999904753640294e+001	1	1
5.29008375000000000000e+005	0.00000000000000000000e+000	5.29000000000000000000e+005	1.49432930630000009031e-003	0.00000000000000000000e+000	6.02346305849999978932e+001	0.00000000000000000000e+000	7.41858877089917267099e-004	0.00000000000000000000e+000	1.29717596421993828885e-003	0.00000000000000000000e+000	6.57399999904446303844e+001	1	1
5.31009437500000000000e+005	0.00000000000000000000e+000	5.31000000000000000000e+005	1.59597012679999991115e-003	0.00000000000000000000e+000	6.21902503969999997935e+001	0.00000000000000000000e+000	7.44579390554675284684e-004	0.00000000000000000000e+000	1.41163811821558423873e-003	0.00000000000000000000e+000	6.59839999905088916421e+001	1	1
5.33009812500000000000e+005	0.00000000000000000000e+000	5.33000000000000000000e+005	1.70118745879999999984e-003	0.00000000000000000000e+000	6.36626777649999979758e+001	0.00000000000000000000e+000	7.54740460407825526114e-004	0.00000000000000000000e+000	1.52460014672758871652e-003	0.00000000000000000000e+000	6.62289999905042350292e+001	1	1
5.35009437500000000000e+005	0.00000000000000000000e+000	5.35000000000000000000e+005	1.80627836380000002768e-003	0.00000000000000000000e+000	6.46482467649999961168e+001	0.00000000000000000000e+000	7.73402031587541250249e-004	0.00000000000000000000e+000	1.63232681319283264888e-003	0.00000000000000000000e+000	6.64759999904781579971e+001	1	1
5.37009062500000000000e+005	0.00000000000000000000e+000	5.37000000000000000000e+005	1.90861022569999995956e-003	0.00000000000000000000e+000	6.52336273190000071054e+001	0.00000000000000000000e+000	7.99553557646688096983e-004	0.00000000000000000000e+000	1.73306292502641945234e-003	0.00000000000000000000e+000	6.67219999905209988356e+001	1	1
5.39009250000000000000e+005	0.00000000000000000000e+000	5.39000000000000000000e+005	2.00470304120000004933e-003	0.00000000000000000000e+000	6.54845733639999991738e+001	0.00000000000000000000e+000	8.31827968518799925821e-004	0.00000000000000000000e+000	1.82397821099551942121e-003	0.00000000000000000000e+000	6.69659999904688447714e+001	1	1
5.41010375000000000000e+005	0.00000000000000000000e+000	5.41000000000000000000e+005	2.09056935269999986937e-003	0.00000000000000000000e+000	6.54473953250000022308e+001	0.00000000000000000000e+000	8.68691238152310366699e-004	0.00000000000000000000e+000	1.90154036276012354707e-003	0.00000000000000000000e+000	6.72139999904902651906e+001	1	1
5.43009500000000000000e+005	0.00000000000000000000e+000	5.43000000000000000000e+005	2.16336338780000018989e-003	0.00000000000000000000e+000	6.52625274659999945470e+001	0.00000000000000000000e+000	9.05283604106724821246e-004	0.00000000000000000000e+000	1.96484165871172247742e-003	0.00000000000000000000e+000	6.74579999904381111264e+001	1	1
