6.60011171880000038072e+004	0.00000000000000000000e+000	6.60000000000000000000e+004	9.77520644660000020965e-002	0.00000000000000000000e+000	-5.29073715210000017350e+001	0.00000000000000000000e+000	5.89547960161517711764e-002	0.00000000000000000000e+000	-7.79730603096925739548e-002	0.00000000000000000000e+000	4.12399990845005959272e+000	1	1
7.10012968750000000000e+004	0.00000000000000000000e+000	7.10000000000000000000e+004	9.15797501800000024463e-002	0.00000000000000000000e+000	-5.33887519840000024374e+001	0.00000000000000000000e+000	5.46165586471298453164e-002	0.00000000000000000000e+000	-7.35111023218658898859e-002	0.00000000000000000000e+000	4.36799990839790552855e+000	1	1
7.60013515619999961928e+004	0.00000000000000000000e+000	7.60000000000000000000e+004	8.61537903549999956043e-002	0.00000000000000000000e+000	-5.37996788020000025199e+001	0.00000000000000000000e+000	5.08833077249644175066e-002	0.00000000000000000000e+000	-6.95224034934053963797e-002	0.00000000000000000000e+000	4.61199990846216678619e+000	1	1
8.10016875000000000000e+004	0.00000000000000000000e+000	8.10000000000000000000e+004	8.12507197259999952577e-002	0.00000000000000000000e+000	-5.41762084960000009914e+001	0.00000000000000000000e+000	4.75555931877398446739e-002	0.00000000000000000000e+000	-6.58797769619417911136e-002	0.00000000000000000000e+000	4.85899990843608975410e+000	1	1
8.60011093750000000000e+004	0.00000000000000000000e+000	8.60000000000000000000e+004	7.68455490470000002201e-002	0.00000000000000000000e+000	-5.45074806209999991324e+001	0.00000000000000000000e+000	4.46162700238295836797e-002	0.00000000000000000000e+000	-6.25669789705049494977e-002	0.00000000000000000000e+000	5.10299990850035101175e+000	1	1
9.10011328119999961928e+004	0.00000000000000000000e+000	9.10000000000000000000e+004	7.29082748290000026703e-002	0.00000000000000000000e+000	-5.47821197510000033049e+001	0.00000000000000000000e+000	4.20452766829683410865e-002	0.00000000000000000000e+000	-5.95635060015244077736e-002	0.00000000000000000000e+000	5.34899990842677652836e+000	1	1
9.60011953119999961928e+004	0.00000000000000000000e+000	9.60000000000000000000e+004	6.92727640270000000200e-002	0.00000000000000000000e+000	-5.50317878720000024373e+001	0.00000000000000000000e+000	3.97017376864648441348e-002	0.00000000000000000000e+000	-5.67669609950679152077e-002	0.00000000000000000000e+000	5.59399990842211991549e+000	1	1
1.01001406250000000000e+005	0.00000000000000000000e+000	1.01000000000000000000e+005	6.60163238639999983004e-002	0.00000000000000000000e+000	-5.52588424679999974387e+001	0.00000000000000000000e+000	3.76207201306851118927e-002	0.00000000000000000000e+000	-5.42479163965326818819e-002	0.00000000000000000000e+000	5.84099990839604288340e+000	1	1
1.06002117190000004484e+005	0.00000000000000000000e+000	1.06000000000000000000e+005	6.29826039080000066317e-002	0.00000000000000000000e+000	-5.54507865910000035115e+001	0.00000000000000000000e+000	3.57183109637217582888e-002	0.00000000000000000000e+000	-5.18749521149744485804e-002	0.00000000000000000000e+000	6.08899990841746330261e+000	1	1
1.11001617190000004484e+005	0.00000000000000000000e+000	1.11000000000000000000e+005	6.01940527559999966067e-002	0.00000000000000000000e+000	-5.56224365229999975213e+001	0.00000000000000000000e+000	3.39882026944430953863e-002	0.00000000000000000000e+000	-4.96802381716670293788e-002	0.00000000000000000000e+000	6.33499990846030414104e+000	1	1
1.16001710940000004484e+005	0.00000000000000000000e+000	1.16000000000000000000e+005	5.76574169100000019639e-002	0.00000000000000000000e+000	-5.57684516910000027679e+001	0.00000000000000000000e+000	3.24345292186330458328e-002	0.00000000000000000000e+000	-4.76694770172611942405e-002	0.00000000000000000000e+000	6.58099990850314497948e+000	1	1
1.21001906250000000000e+005	0.00000000000000000000e+000	1.21000000000000000000e+005	5.52617236969999980900e-002	0.00000000000000000000e+000	-5.58963127139999969017e+001	0.00000000000000000000e+000	3.09848228089727867340e-002	0.00000000000000000000e+000	-4.57580469585419577494e-002	0.00000000000000000000e+000	6.82699990842957049608e+000	1	1
1.26001882809999995516e+005	0.00000000000000000000e+000	1.26000000000000000000e+005	5.30640818180000001236e-002	0.00000000000000000000e+000	-5.59950599670000030983e+001	0.00000000000000000000e+000	2.96768515982485762972e-002	0.00000000000000000000e+000	-4.39895585156628854406e-002	0.00000000000000000000e+000	7.07199990842491388321e+000	1	1
1.31002148440000004484e+005	0.00000000000000000000e+000	1.31000000000000000000e+005	5.09800836440000015859e-002	0.00000000000000000000e+000	-5.61015701290000023960e+001	0.00000000000000000000e+000	2.84327334317844224176e-002	0.00000000000000000000e+000	-4.23148744290506514942e-002	0.00000000000000000000e+000	7.31899990839883685112e+000	1	1
1.36002062500000000000e+005	0.00000000000000000000e+000	1.36000000000000000000e+005	4.90631274879999995653e-002	0.00000000000000000000e+000	-5.61925353999999970256e+001	0.00000000000000000000e+000	2.72989148363989193868e-002	0.00000000000000000000e+000	-4.07671402928728859871e-002	0.00000000000000000000e+000	7.56499990844167768955e+000	1	1
1.41001859380000008969e+005	0.00000000000000000000e+000	1.41000000000000000000e+005	4.72292043270000003186e-002	0.00000000000000000000e+000	-5.62599029539999975214e+001	0.00000000000000000000e+000	2.62323529864884885665e-002	0.00000000000000000000e+000	-3.92741823359033653817e-002	0.00000000000000000000e+000	7.80899990838952362537e+000	1	1
1.46002578119999991031e+005	0.00000000000000000000e+000	1.46000000000000000000e+005	4.54998612400000015943e-002	0.00000000000000000000e+000	-5.63322219849999967778e+001	0.00000000000000000000e+000	2.52240528945111910919e-002	0.00000000000000000000e+000	-3.78679881751613003904e-002	0.00000000000000000000e+000	8.05499990843236446381e+000	1	1
1.51002937500000000000e+005	0.00000000000000000000e+000	1.51000000000000000000e+005	4.39098551870000033959e-002	0.00000000000000000000e+000	-5.63833274839999987194e+001	0.00000000000000000000e+000	2.43099848933308881893e-002	0.00000000000000000000e+000	-3.65663782323234071159e-002	0.00000000000000000000e+000	8.30099990847520530224e+000	1	1
1.56002281250000000000e+005	0.00000000000000000000e+000	1.56000000000000000000e+005	4.23738285900000025141e-002	0.00000000000000000000e+000	-5.64180259700000021894e+001	0.00000000000000000000e+000	2.34382141293986677455e-002	0.00000000000000000000e+000	-3.53014371916945957075e-002	0.00000000000000000000e+000	8.54499990842305123806e+000	1	1
1.61002609380000008969e+005	0.00000000000000000000e+000	1.61000000000000000000e+005	4.09439392389999989863e-002	0.00000000000000000000e+000	-5.64278259279999971909e+001	0.00000000000000000000e+000	2.26414655716163544519e-002	0.00000000000000000000e+000	-3.41140762321982746186e-002	0.00000000000000000000e+000	8.79099990846589207649e+000	1	1
1.66002921880000008969e+005	0.00000000000000000000e+000	1.66000000000000000000e+005	3.95573750140000013342e-002	0.00000000000000000000e+000	-5.64465560909999979344e+001	0.00000000000000000000e+000	2.18639380982504731576e-002	0.00000000000000000000e+000	-3.29659540865133021681e-002	0.00000000000000000000e+000	9.03699990839231759310e+000	1	1
1.71003093750000000000e+005	0.00000000000000000000e+000	1.71000000000000000000e+005	3.82470004260000023821e-002	0.00000000000000000000e+000	-5.64541854860000000826e+001	0.00000000000000000000e+000	2.11354304945696250262e-002	0.00000000000000000000e+000	-3.18767410410107712715e-002	0.00000000000000000000e+000	9.28199990850407630205e+000	1	1
1.76003375000000000000e+005	0.00000000000000000000e+000	1.76000000000000000000e+005	3.70223633940000018683e-002	0.00000000000000000000e+000	-5.64495086670000034701e+001	0.00000000000000000000e+000	2.04612102364823585099e-002	0.00000000000000000000e+000	-3.08544043361050936147e-002	0.00000000000000000000e+000	9.52699990849941968918e+000	1	1
1.81003046880000008969e+005	0.00000000000000000000e+000	1.81000000000000000000e+005	3.58269065620000007333e-002	0.00000000000000000000e+000	-5.64433937069999984715e+001	0.00000000000000000000e+000	1.98037016799787260468e-002	0.00000000000000000000e+000	-2.98559982846443514037e-002	0.00000000000000000000e+000	9.77299990842584520578e+000	1	1
1.86002843750000000000e+005	0.00000000000000000000e+000	1.86000000000000000000e+005	3.47137525680000016970e-002	0.00000000000000000000e+000	-5.64387588499999992564e+001	0.00000000000000000000e+000	1.91907340858142594353e-002	0.00000000000000000000e+000	-2.89268101006642866513e-002	0.00000000000000000000e+000	1.00239999084733426571e+001	1	1
1.91003218750000000000e+005	0.00000000000000000000e+000	1.91000000000000000000e+005	3.36192697289999994914e-002	0.00000000000000000000e+000	-5.64201583859999971082e+001	0.00000000000000000000e+000	1.85947670577637780287e-002	0.00000000000000000000e+000	-2.80087474760789476025e-002	0.00000000000000000000e+000	1.02709999084472656250e+001	1	1
1.96004125000000000000e+005	0.00000000000000000000e+000	1.96000000000000000000e+005	3.25969159600000002452e-002	0.00000000000000000000e+000	-5.63746643070000033049e+001	0.00000000000000000000e+000	1.80508623014471701607e-002	0.00000000000000000000e+000	-2.71426841023045470336e-002	0.00000000000000000000e+000	1.05149999083951115608e+001	1	1
2.01003593750000000000e+005	0.00000000000000000000e+000	2.01000000000000000000e+005	3.15957069400000026271e-002	0.00000000000000000000e+000	-5.63487052919999982237e+001	0.00000000000000000000e+000	1.75083510052527896450e-002	0.00000000000000000000e+000	-2.63010711210632588952e-002	0.00000000000000000000e+000	1.07589999084593728185e+001	1	1
2.06003390619999991031e+005	0.00000000000000000000e+000	2.06000000000000000000e+005	3.06353028859999987343e-002	0.00000000000000000000e+000	-5.63114128109999967364e+001	0.00000000000000000000e+000	1.69927503621812442391e-002	0.00000000000000000000e+000	-2.54905515445537009245e-002	0.00000000000000000000e+000	1.10039999084547162056e+001	1	1
2.11003109380000008969e+005	0.00000000000000000000e+000	2.11000000000000000000e+005	2.97325346620000013909e-002	0.00000000000000000000e+000	-5.62752914430000004131e+001	0.00000000000000000000e+000	1.65075973892640261165e-002	0.00000000000000000000e+000	-2.47289879667768677796e-002	0.00000000000000000000e+000	1.12489999084500595927e+001	1	1
2.16003265619999991031e+005	0.00000000000000000000e+000	2.16000000000000000000e+005	2.88401786239999985417e-002	0.00000000000000000000e+000	-5.62346038820000018177e+001	0.00000000000000000000e+000	1.60291882459030685104e-002	0.00000000000000000000e+000	-2.39754254861437102186e-002	0.00000000000000000000e+000	1.14959999084239825606e+001	1	1
2.21003562500000000000e+005	0.00000000000000000000e+000	2.21000000000000000000e+005	2.80030034480000002139e-002	0.00000000000000000000e+000	-5.61718635559999981410e+001	0.00000000000000000000e+000	1.55893738615150555943e-002	0.00000000000000000000e+000	-2.32624079732647419394e-002	0.00000000000000000000e+000	1.17399999084882438183e+001	1	1
2.26003515619999991031e+005	0.00000000000000000000e+000	2.26000000000000000000e+005	2.71744914349999998338e-002	0.00000000000000000000e+000	-5.60940551759999976866e+001	0.00000000000000000000e+000	1.51587802322758879309e-002	0.00000000000000000000e+000	-2.25535887747482476084e-002	0.00000000000000000000e+000	1.19849999084835872054e+001	1	1
2.31004828119999991031e+005	0.00000000000000000000e+000	2.31000000000000000000e+005	2.63720564539999986764e-002	0.00000000000000000000e+000	-5.60349769589999979758e+001	0.00000000000000000000e+000	1.47337176223291312777e-002	0.00000000000000000000e+000	-2.18724238857615181642e-002	0.00000000000000000000e+000	1.22299999084789305925e+001	1	1
2.36004609380000008969e+005	0.00000000000000000000e+000	2.36000000000000000000e+005	2.56147030739999996551e-002	0.00000000000000000000e+000	-5.59614524839999987194e+001	0.00000000000000000000e+000	1.43378441713425813786e-002	0.00000000000000000000e+000	-2.12259095938780104063e-002	0.00000000000000000000e+000	1.24739999084267765284e+001	1	1
2.41004265619999991031e+005	0.00000000000000000000e+000	2.41000000000000000000e+005	2.48661376539999999513e-002	0.00000000000000000000e+000	-5.58939971920000004957e+001	0.00000000000000000000e+000	1.39430839373506330892e-002	0.00000000000000000000e+000	-2.05892013478831022166e-002	0.00000000000000000000e+000	1.27209999084006994963e+001	1	1
2.46004562500000000000e+005	0.00000000000000000000e+000	2.46000000000000000000e+005	2.41594780240000014948e-002	0.00000000000000000000e+000	-5.58120613099999971496e+001	0.00000000000000000000e+000	1.35754346785765707406e-002	0.00000000000000000000e+000	-1.99846929343395138257e-002	0.00000000000000000000e+000	1.29649999084649607539e+001	1	1
2.51004250000000000000e+005	0.00000000000000000000e+000	2.51000000000000000000e+005	2.34558265659999994057e-002	0.00000000000000000000e+000	-5.57121543880000018589e+001	0.00000000000000000000e+000	1.32138588096616105272e-002	0.00000000000000000000e+000	-1.93796216488506187203e-002	0.00000000000000000000e+000	1.32089999084128066897e+001	1	1
2.56004281250000000000e+005	0.00000000000000000000e+000	2.56000000000000000000e+005	2.27715782820000003928e-002	0.00000000000000000000e+000	-5.56014785770000017351e+001	0.00000000000000000000e+000	1.28647057788372522202e-002	0.00000000000000000000e+000	-1.87894683979405209551e-002	0.00000000000000000000e+000	1.34529999084770679474e+001	1	1
2.61003875000000000000e+005	0.00000000000000000000e+000	2.61000000000000000000e+005	2.21250616010000011880e-002	0.00000000000000000000e+000	-5.54966964720000035527e+001	0.00000000000000000000e+000	1.25328244802797150043e-002	0.00000000000000000000e+000	-1.82331199029279189538e-002	0.00000000000000000000e+000	1.36989999084034934640e+001	1	1
2.66005312500000000000e+005	0.00000000000000000000e+000	2.66000000000000000000e+005	2.14836392549999991020e-002	0.00000000000000000000e+000	-5.53575096129999977279e+001	0.00000000000000000000e+000	1.22124614853725173280e-002	0.00000000000000000000e+000	-1.76749127326634863921e-002	0.00000000000000000000e+000	1.39439999083988368511e+001	1	1
2.71004687500000000000e+005	0.00000000000000000000e+000	2.71000000000000000000e+005	2.08718851210000014285e-002	0.00000000000000000000e+000	-5.52266578670000001239e+001	0.00000000000000000000e+000	1.19038928256859199289e-002	0.00000000000000000000e+000	-1.71444721149064394083e-002	0.00000000000000000000e+000	1.41919999084202572703e+001	1	1
2.76005375000000000000e+005	0.00000000000000000000e+000	2.76000000000000000000e+005	2.02628020200000015516e-002	0.00000000000000000000e+000	-5.50947036740000015698e+001	0.00000000000000000000e+000	1.15948149765048875298e-002	0.00000000000000000000e+000	-1.66175031626996858036e-002	0.00000000000000000000e+000	1.44379999084630981088e+001	1	1
2.81004843750000000000e+005	0.00000000000000000000e+000	2.81000000000000000000e+005	1.96829847989999986990e-002	0.00000000000000000000e+000	-5.49578475949999969430e+001	0.00000000000000000000e+000	1.13015554108648347970e-002	0.00000000000000000000e+000	-1.61150468783933971395e-002	0.00000000000000000000e+000	1.46819999084109440446e+001	1	1
2.86005250000000000000e+005	0.00000000000000000000e+000	2.86000000000000000000e+005	1.91052928570000016273e-002	0.00000000000000000000e+000	-5.48165092469999990499e+001	0.00000000000000000000e+000	1.10084096172748478054e-002	0.00000000000000000000e+000	-1.56149650287801134568e-002	0.00000000000000000000e+000	1.49279999084537848830e+001	1	1
2.91005000000000000000e+005	0.00000000000000000000e+000	2.91000000000000000000e+005	1.85399819170000007551e-002	0.00000000000000000000e+000	-5.46572990419999982237e+001	0.00000000000000000000e+000	1.07247440230494664459e-002	0.00000000000000000000e+000	-1.51231873334542726156e-002	0.00000000000000000000e+000	1.51719999084016308188e+001	1	1
2.96004187500000000000e+005	0.00000000000000000000e+000	2.96000000000000000000e+005	1.80028676989999990299e-002	0.00000000000000000000e+000	-5.44843482969999968191e+001	0.00000000000000000000e+000	1.04583220792373813440e-002	0.00000000000000000000e+000	-1.46535574068085393262e-002	0.00000000000000000000e+000	1.54149999084183946252e+001	1	1
3.01005093750000000000e+005	0.00000000000000000000e+000	3.01000000000000000000e+005	1.74659267069999998845e-002	0.00000000000000000000e+000	-5.43158912660000012806e+001	0.00000000000000000000e+000	1.01881539212717968368e-002	0.00000000000000000000e+000	-1.41866174760148493900e-002	0.00000000000000000000e+000	1.56609999084612354636e+001	1	1
3.06005000000000000000e+005	0.00000000000000000000e+000	3.06000000000000000000e+005	1.69539544730000005246e-002	0.00000000000000000000e+000	-5.41378288269999998761e+001	0.00000000000000000000e+000	9.93226098283221843499e-003	0.00000000000000000000e+000	-1.37399695793500743052e-002	0.00000000000000000000e+000	1.59069999085040763021e+001	1	1
3.11004750000000000000e+005	0.00000000000000000000e+000	3.11000000000000000000e+005	1.64358709009999985617e-002	0.00000000000000000000e+000	-5.39410514830000025199e+001	0.00000000000000000000e+000	9.67443807946201383974e-003	0.00000000000000000000e+000	-1.32869522510240777036e-002	0.00000000000000000000e+000	1.61509999084519222379e+001	1	1
3.16005531250000000000e+005	0.00000000000000000000e+000	3.16000000000000000000e+005	1.59338153900000015217e-002	0.00000000000000000000e+000	-5.37315521239999966951e+001	0.00000000000000000000e+000	9.42595580238713912080e-003	0.00000000000000000000e+000	-1.28467050286851808966e-002	0.00000000000000000000e+000	1.63959999084472656250e+001	1	1
3.21004437500000000000e+005	0.00000000000000000000e+000	3.21000000000000000000e+005	1.54446149240000003833e-002	0.00000000000000000000e+000	-5.35227394099999997934e+001	0.00000000000000000000e+000	9.18188102575966114127e-003	0.00000000000000000000e+000	-1.24189045804949434876e-002	0.00000000000000000000e+000	1.66399999083951115608e+001	1	1
3.26005812500000000000e+005	0.00000000000000000000e+000	3.26000000000000000000e+005	1.49671128020000005626e-002	0.00000000000000000000e+000	-5.33079605100000009088e+001	0.00000000000000000000e+000	8.94305580989859967567e-003	0.00000000000000000000e+000	-1.20015090054889032173e-002	0.00000000000000000000e+000	1.68849999083904549479e+001	1	1
3.31005531250000000000e+005	0.00000000000000000000e+000	3.31000000000000000000e+005	1.45188337190000002486e-002	0.00000000000000000000e+000	-5.30906257629999984715e+001	0.00000000000000000000e+000	8.71930108697796350803e-003	0.00000000000000000000e+000	-1.16090620256158634505e-002	0.00000000000000000000e+000	1.71289999084547162056e+001	1	1
3.36006312500000000000e+005	0.00000000000000000000e+000	3.36000000000000000000e+005	1.40581978479999997883e-002	0.00000000000000000000e+000	-5.28523292539999971495e+001	0.00000000000000000000e+000	8.48934348110895464767e-003	0.00000000000000000000e+000	-1.12055331864782184437e-002	0.00000000000000000000e+000	1.73749999084975570440e+001	1	1
3.41005812500000000000e+005	0.00000000000000000000e+000	3.41000000000000000000e+005	1.36092389000000008048e-002	0.00000000000000000000e+000	-5.25968780520000009915e+001	0.00000000000000000000e+000	8.26651215522293363047e-003	0.00000000000000000000e+000	-1.08109278151703857435e-002	0.00000000000000000000e+000	1.76209999084239825606e+001	1	1
3.46005187500000000000e+005	0.00000000000000000000e+000	3.46000000000000000000e+005	1.31673282010000003428e-002	0.00000000000000000000e+000	-5.23103065490000034288e+001	0.00000000000000000000e+000	8.05030319663956571430e-003	0.00000000000000000000e+000	-1.04197480965244389933e-002	0.00000000000000000000e+000	1.78659999084193259478e+001	1	1
3.51005468750000000000e+005	0.00000000000000000000e+000	3.51000000000000000000e+005	1.27346739170000004121e-002	0.00000000000000000000e+000	-5.20332260129999966125e+001	0.00000000000000000000e+000	7.83442760444835219202e-003	0.00000000000000000000e+000	-1.00396047672693684155e-002	0.00000000000000000000e+000	1.81179999083979055285e+001	1	1
3.56006250000000000000e+005	0.00000000000000000000e+000	3.56000000000000000000e+005	1.23120453209999997785e-002	0.00000000000000000000e+000	-5.17390670779999979345e+001	0.00000000000000000000e+000	7.62415773976509066057e-003	0.00000000000000000000e+000	-9.66740289558359368327e-003	0.00000000000000000000e+000	1.83629999083932489157e+001	1	1
3.61006343750000000000e+005	0.00000000000000000000e+000	3.61000000000000000000e+005	1.18962712590000001950e-002	0.00000000000000000000e+000	-5.14280700679999966951e+001	0.00000000000000000000e+000	7.41728533860176730830e-003	0.00000000000000000000e+000	-9.30081437689585927009e-003	0.00000000000000000000e+000	1.86069999084575101733e+001	1	1
3.66006031250000000000e+005	0.00000000000000000000e+000	3.66000000000000000000e+005	1.14874579009999998325e-002	0.00000000000000000000e+000	-5.10989723209999979758e+001	0.00000000000000000000e+000	7.21385967486651204922e-003	0.00000000000000000000e+000	-8.93990590658437327132e-003	0.00000000000000000000e+000	1.88529999085003510118e+001	1	1
3.71006437500000000000e+005	0.00000000000000000000e+000	3.71000000000000000000e+005	1.10951904210000000528e-002	0.00000000000000000000e+000	-5.07406234740000030570e+001	0.00000000000000000000e+000	7.02139223363967054231e-003	0.00000000000000000000e+000	-8.59088479608676076904e-003	0.00000000000000000000e+000	1.90999999084742739797e+001	1	1
3.76006500000000000000e+005	0.00000000000000000000e+000	3.76000000000000000000e+005	1.07022337619999997893e-002	0.00000000000000000000e+000	-5.03650016779999987193e+001	0.00000000000000000000e+000	6.82689647765046848937e-003	0.00000000000000000000e+000	-8.24204416270237459619e-003	0.00000000000000000000e+000	1.93439999084221199155e+001	1	1
3.81006781250000000000e+005	0.00000000000000000000e+000	3.81000000000000000000e+005	1.03154443200000004582e-002	0.00000000000000000000e+000	-4.99650535580000010327e+001	0.00000000000000000000e+000	6.63545840592090659105e-003	0.00000000000000000000e+000	-7.89804300205524528744e-003	0.00000000000000000000e+000	1.95899999084649607539e+001	1	1
3.86006375000000000000e+005	0.00000000000000000000e+000	3.86000000000000000000e+005	9.93476063010000076670e-003	0.00000000000000000000e+000	-4.95454063419999997109e+001	0.00000000000000000000e+000	6.44612215953848342875e-003	0.00000000000000000000e+000	-7.55956201652528865520e-003	0.00000000000000000000e+000	1.98369999084388837218e+001	1	1
3.91007187500000000000e+005	0.00000000000000000000e+000	3.91000000000000000000e+005	9.56168957049999962416e-003	0.00000000000000000000e+000	-4.91010398860000023546e+001	0.00000000000000000000e+000	6.26029734427211749515e-003	0.00000000000000000000e+000	-7.22734976349615528685e-003	0.00000000000000000000e+000	2.00799999084556475282e+001	1	1
3.96006187500000000000e+005	0.00000000000000000000e+000	3.96000000000000000000e+005	9.19458735729999920849e-003	0.00000000000000000000e+000	-4.86163101200000014046e+001	0.00000000000000000000e+000	6.07852624399600385136e-003	0.00000000000000000000e+000	-6.89869229434628573189e-003	0.00000000000000000000e+000	2.03269999084295704961e+001	1	1
4.01006781250000000000e+005	0.00000000000000000000e+000	4.01000000000000000000e+005	8.83414782580000008949e-003	0.00000000000000000000e+000	-4.81103897090000032222e+001	0.00000000000000000000e+000	5.89853917496480865262e-003	0.00000000000000000000e+000	-6.57642786089016138235e-003	0.00000000000000000000e+000	2.05719999084249138832e+001	1	1
4.06007406250000000000e+005	0.00000000000000000000e+000	4.06000000000000000000e+005	8.48645996299999920420e-003	0.00000000000000000000e+000	-4.75673789980000023547e+001	0.00000000000000000000e+000	5.72600738132758666638e-003	0.00000000000000000000e+000	-6.26361254968599897447e-003	0.00000000000000000000e+000	2.08179999084677547216e+001	1	1
4.11006250000000000000e+005	0.00000000000000000000e+000	4.11000000000000000000e+005	8.13788734380000051971e-003	0.00000000000000000000e+000	-4.69576568600000001652e+001	0.00000000000000000000e+000	5.55442283903570359349e-003	0.00000000000000000000e+000	-5.94757070959049498338e-003	0.00000000000000000000e+000	2.10609999084845185280e+001	1	1
4.16007218750000000000e+005	0.00000000000000000000e+000	4.16000000000000000000e+005	7.79472803700000018562e-003	0.00000000000000000000e+000	-4.63499031070000029331e+001	0.00000000000000000000e+000	5.38033031051496357655e-003	0.00000000000000000000e+000	-5.64002047164261898632e-003	0.00000000000000000000e+000	2.13069999084109440446e+001	1	1
4.21007281250000000000e+005	0.00000000000000000000e+000	4.21000000000000000000e+005	7.45750544589999977280e-003	0.00000000000000000000e+000	-4.56544151310000003718e+001	0.00000000000000000000e+000	5.21268059243371571776e-003	0.00000000000000000000e+000	-5.33313683650560744348e-003	0.00000000000000000000e+000	2.15519999084062874317e+001	1	1
4.26007593750000000000e+005	0.00000000000000000000e+000	4.26000000000000000000e+005	7.12667591869999960535e-003	0.00000000000000000000e+000	-4.49215011599999982650e+001	0.00000000000000000000e+000	5.04622039315102879214e-003	0.00000000000000000000e+000	-5.03241188635480778124e-003	0.00000000000000000000e+000	2.17999999084277078509e+001	1	1
4.31006812500000000000e+005	0.00000000000000000000e+000	4.31000000000000000000e+005	6.80223386729999959094e-003	0.00000000000000000000e+000	-4.41290779110000030983e+001	0.00000000000000000000e+000	4.88246004786146211435e-003	0.00000000000000000000e+000	-4.73624001360570430486e-003	0.00000000000000000000e+000	2.20469999084016308188e+001	1	1
4.36007468750000000000e+005	0.00000000000000000000e+000	4.36000000000000000000e+005	6.48201303560000038906e-003	0.00000000000000000000e+000	-4.32743377689999988434e+001	0.00000000000000000000e+000	4.71942317558972715408e-003	0.00000000000000000000e+000	-4.44337010425588027629e-003	0.00000000000000000000e+000	2.22909999084658920765e+001	1	1
4.41007625000000000000e+005	0.00000000000000000000e+000	4.41000000000000000000e+005	6.16802135480000023743e-003	0.00000000000000000000e+000	-4.23484916689999977280e+001	0.00000000000000000000e+000	4.55854552140891149115e-003	0.00000000000000000000e+000	-4.15501506164677944510e-003	0.00000000000000000000e+000	2.25369999083923175931e+001	1	1
4.46008031250000000000e+005	0.00000000000000000000e+000	4.46000000000000000000e+005	5.86573220790000040420e-003	0.00000000000000000000e+000	-4.13438453670000001239e+001	0.00000000000000000000e+000	4.40375041412529449891e-003	0.00000000000000000000e+000	-3.87476407344843542732e-003	0.00000000000000000000e+000	2.27849999084137380123e+001	1	1
4.51007406250000000000e+005	0.00000000000000000000e+000	4.51000000000000000000e+005	5.59101626280000037900e-003	0.00000000000000000000e+000	-4.03605499270000009915e+001	0.00000000000000000000e+000	4.26026710049268262509e-003	0.00000000000000000000e+000	-3.62071637709359328214e-003	0.00000000000000000000e+000	2.30289999084779992700e+001	1	1
4.56007718750000000000e+005	0.00000000000000000000e+000	4.56000000000000000000e+005	5.35114062949999975960e-003	0.00000000000000000000e+000	-3.94628601069999973561e+001	0.00000000000000000000e+000	4.13127718374646686617e-003	0.00000000000000000000e+000	-3.40106672497637353703e-003	0.00000000000000000000e+000	2.32759999084519222379e+001	1	1
4.61008125000000000000e+005	0.00000000000000000000e+000	4.61000000000000000000e+005	5.04197645930000003939e-003	0.00000000000000000000e+000	-3.80609779360000004544e+001	0.00000000000000000000e+000	3.96982581385075302544e-003	0.00000000000000000000e+000	-3.10837732970429018661e-003	0.00000000000000000000e+000	2.35219999084947630763e+001	1	1
4.66007875000000000000e+005	0.00000000000000000000e+000	4.66000000000000000000e+005	4.75143129009999998225e-003	0.00000000000000000000e+000	-3.65668220519999991325e+001	0.00000000000000000000e+000	3.81617190714541709012e-003	0.00000000000000000000e+000	-2.83071215061783633057e-003	0.00000000000000000000e+000	2.37669999084901064634e+001	1	1
4.71008468750000000000e+005	0.00000000000000000000e+000	4.71000000000000000000e+005	4.47106640790000033764e-003	0.00000000000000000000e+000	-3.49201278689999980998e+001	0.00000000000000000000e+000	3.66605464682859087666e-003	0.00000000000000000000e+000	-2.55939019110379244182e-003	0.00000000000000000000e+000	2.40119999084854498506e+001	1	1
4.76008750000000000000e+005	0.00000000000000000000e+000	4.76000000000000000000e+005	4.20055724680000030363e-003	0.00000000000000000000e+000	-3.31107406619999977693e+001	0.00000000000000000000e+000	3.51845536627057309254e-003	0.00000000000000000000e+000	-2.29459212480253400487e-003	0.00000000000000000000e+000	2.42569999084807932377e+001	1	1
4.81008000000000000000e+005	0.00000000000000000000e+000	4.81000000000000000000e+005	3.93751868980000020032e-003	0.00000000000000000000e+000	-3.10948619840000013426e+001	0.00000000000000000000e+000	3.37175004130881549036e-003	0.00000000000000000000e+000	-2.03355725059765944998e-003	0.00000000000000000000e+000	2.44999999084975570440e+001	1	1
4.86007656250000000000e+005	0.00000000000000000000e+000	4.86000000000000000000e+005	3.68528300900000009913e-003	0.00000000000000000000e+000	-2.88136215210000017350e+001	0.00000000000000000000e+000	3.22901595865115673134e-003	0.00000000000000000000e+000	-1.77616631968975473288e-003	0.00000000000000000000e+000	2.47439999084454029799e+001	1	1
4.91008062500000000000e+005	0.00000000000000000000e+000	4.91000000000000000000e+005	3.43908439390000009520e-003	0.00000000000000000000e+000	-2.62137069700000004957e+001	0.00000000000000000000e+000	3.08538393626938464015e-003	0.00000000000000000000e+000	-1.51911402935308616213e-003	0.00000000000000000000e+000	2.49899999084882438183e+001	1	1
4.96007750000000000000e+005	0.00000000000000000000e+000	4.96000000000000000000e+005	3.20150819609999999840e-003	0.00000000000000000000e+000	-2.32427139280000005783e+001	0.00000000000000000000e+000	2.94167828398581628763e-003	0.00000000000000000000e+000	-1.26340160013423260729e-003	0.00000000000000000000e+000	2.52349999084835872054e+001	1	1
5.01008937500000000000e+005	0.00000000000000000000e+000	5.01000000000000000000e+005	2.97827087340000020224e-003	0.00000000000000000000e+000	-1.98869876860000012186e+001	0.00000000000000000000e+000	2.80066290380567243373e-003	0.00000000000000000000e+000	-1.01310645767835241088e-003	0.00000000000000000000e+000	2.54779999085003510118e+001	1	1
5.06008687500000000000e+005	0.00000000000000000000e+000	5.06000000000000000000e+005	2.76828533970000000355e-003	0.00000000000000000000e+000	-1.60255031589999994424e+001	0.00000000000000000000e+000	2.66070675939910098948e-003	0.00000000000000000000e+000	-7.64227232232585510993e-004	0.00000000000000000000e+000	2.57269999084528535604e+001	1	1
5.11008875000000000000e+005	0.00000000000000000000e+000	5.11000000000000000000e+005	2.57478910500000008482e-003	0.00000000000000000000e+000	-1.16205520629999998761e+001	0.00000000000000000000e+000	2.52201380821518925113e-003	0.00000000000000000000e+000	-5.18637914540211316869e-004	0.00000000000000000000e+000	2.59709999084006994963e+001	1	1
5.16009843750000000000e+005	0.00000000000000000000e+000	5.16000000000000000000e+005	2.39924783820000004503e-003	0.00000000000000000000e+000	-6.55197668080000017454e+000	0.00000000000000000000e+000	2.38357775838725274159e-003	0.00000000000000000000e+000	-2.73764970054556609508e-004	0.00000000000000000000e+000	2.62159999083960428834e+001	1	1
5.21008375000000000000e+005	0.00000000000000000000e+000	5.21000000000000000000e+005	2.24685948340000007234e-003	0.00000000000000000000e+000	-8.17228674889999950892e-001	0.00000000000000000000e+000	2.24663093379859650153e-003	0.00000000000000000000e+000	-3.20466136083285811913e-005	0.00000000000000000000e+000	2.64619999084388837218e+001	1	1
5.26008000000000000000e+005	0.00000000000000000000e+000	5.26000000000000000000e+005	2.12246971199999984875e-003	0.00000000000000000000e+000	5.62596511839999990912e+000	0.00000000000000000000e+000	2.11224593595386780226e-003	0.00000000000000000000e+000	2.08073987811382494139e-004	0.00000000000000000000e+000	2.67109999083913862705e+001	1	1
5.31009687500000000000e+005	0.00000000000000000000e+000	5.31000000000000000000e+005	2.02669808639999995611e-003	0.00000000000000000000e+000	1.27486467359999995352e+001	0.00000000000000000000e+000	1.97673498013982299262e-003	0.00000000000000000000e+000	4.47240373523047785725e-004	0.00000000000000000000e+000	2.69529999084770679474e+001	1	1
5.36009375000000000000e+005	0.00000000000000000000e+000	5.36000000000000000000e+005	1.96372414940000020872e-003	0.00000000000000000000e+000	2.07546386719999986781e+001	0.00000000000000000000e+000	1.83629126613725837669e-003	0.00000000000000000000e+000	6.95878524488850172189e-004	0.00000000000000000000e+000	2.71999999084509909153e+001	1	1
5.41009937500000000000e+005	0.00000000000000000000e+000	5.41000000000000000000e+005	1.94007554090000000971e-003	0.00000000000000000000e+000	2.84561767580000015698e+001	0.00000000000000000000e+000	1.70567914341050752038e-003	0.00000000000000000000e+000	9.24419690472257711729e-004	0.00000000000000000000e+000	2.74479999084724113345e+001	1	1
5.46009437500000000000e+005	0.00000000000000000000e+000	5.46000000000000000000e+005	1.95308693220000006291e-003	0.00000000000000000000e+000	3.63986587520000028917e+001	0.00000000000000000000e+000	1.57205470077761370190e-003	0.00000000000000000000e+000	1.15896185549543210939e-003	0.00000000000000000000e+000	2.76909999084891751409e+001	1	1
5.51009875000000000000e+005	0.00000000000000000000e+000	5.51000000000000000000e+005	2.00270907949999998551e-003	0.00000000000000000000e+000	4.41578102109999974800e+001	0.00000000000000000000e+000	1.43679111892686421290e-003	0.00000000000000000000e+000	1.39516125866676293614e-003	0.00000000000000000000e+000	2.79329999084584414959e+001	1	1
5.56009375000000000000e+005	0.00000000000000000000e+000	5.56000000000000000000e+005	2.08346452559999987045e-003	0.00000000000000000000e+000	5.11555786130000029743e+001	0.00000000000000000000e+000	1.30676531637855843082e-003	0.00000000000000000000e+000	1.62271033685734526741e-003	0.00000000000000000000e+000	2.81779999084537848830e+001	1	1
5.61009062500000000000e+005	0.00000000000000000000e+000	5.61000000000000000000e+005	2.19055870550000000158e-003	0.00000000000000000000e+000	5.74783325200000021482e+001	0.00000000000000000000e+000	1.17768494835942768607e-003	0.00000000000000000000e+000	1.84705322193202850327e-003	0.00000000000000000000e+000	2.84289999085012823343e+001	1	1
5.66008375000000000000e+005	0.00000000000000000000e+000	5.66000000000000000000e+005	2.32256855819999979279e-003	0.00000000000000000000e+000	6.31225395199999965712e+001	0.00000000000000000000e+000	1.04999577721559544941e-003	0.00000000000000000000e+000	2.07167409970020243229e-003	0.00000000000000000000e+000	2.86759999084752053022e+001	1	1
5.71008562500000000000e+005	0.00000000000000000000e+000	5.71000000000000000000e+005	2.47089285400000019735e-003	0.00000000000000000000e+000	6.80749130250000007436e+001	0.00000000000000000000e+000	9.22616613286515339573e-004	0.00000000000000000000e+000	2.29218020252247751956e-003	0.00000000000000000000e+000	2.89219999084016308188e+001	1	1
5.76009875000000000000e+005	0.00000000000000000000e+000	5.76000000000000000000e+005	2.63578677549999992533e-003	0.00000000000000000000e+000	7.24494781490000008262e+001	0.00000000000000000000e+000	7.94812710684488572983e-004	0.00000000000000000000e+000	2.51309464223595496052e-003	0.00000000000000000000e+000	2.91699999084230512381e+001	1	1
5.81010750000000000000e+005	0.00000000000000000000e+000	5.81000000000000000000e+005	2.80917808409999981631e-003	0.00000000000000000000e+000	7.62004394530000013219e+001	0.00000000000000000000e+000	6.70062099049825114078e-004	0.00000000000000000000e+000	2.72809426002927710858e-003	0.00000000000000000000e+000	2.94149999084183946252e+001	1	1
5.86009687500000000000e+005	0.00000000000000000000e+000	5.86000000000000000000e+005	2.99211917450000006863e-003	0.00000000000000000000e+000	7.94898071289999990086e+001	0.00000000000000000000e+000	5.45793853240031292401e-004	0.00000000000000000000e+000	2.94191879972509817351e-003	0.00000000000000000000e+000	2.96569999085040763021e+001	1	1
5.91010312500000000000e+005	0.00000000000000000000e+000	5.91000000000000000000e+005	3.18464986050000014792e-003	0.00000000000000000000e+000	8.24011611939999966125e+001	0.00000000000000000000e+000	4.21126396894724083081e-004	0.00000000000000000000e+000	3.15668295712780416079e-003	0.00000000000000000000e+000	2.98999999084044247866e+001	1	1
5.96010125000000000000e+005	0.00000000000000000000e+000	5.96000000000000000000e+005	3.38391773399999984395e-003	0.00000000000000000000e+000	8.49918975829999965299e+001	0.00000000000000000000e+000	2.95404657739031567456e-004	0.00000000000000000000e+000	3.37099915732202125296e-003	0.00000000000000000000e+000	3.01489999084733426571e+001	1	1
6.01010125000000000000e+005	0.00000000000000000000e+000	6.01000000000000000000e+005	3.58826573940000019894e-003	0.00000000000000000000e+000	8.72492218019999938861e+001	0.00000000000000000000e+000	1.72207048019905935993e-004	0.00000000000000000000e+000	3.58413110100120387708e-003	0.00000000000000000000e+000	3.03929999084211885929e+001	1	1
6.06010250000000000000e+005	0.00000000000000000000e+000	6.06000000000000000000e+005	3.79303819499999996662e-003	0.00000000000000000000e+000	8.92353897090000032222e+001	0.00000000000000000000e+000	5.06165681822741227365e-005	0.00000000000000000000e+000	3.79270045109738511771e-003	0.00000000000000000000e+000	3.06389999084640294313e+001	1	1
6.11011812500000000000e+005	0.00000000000000000000e+000	6.11000000000000000000e+005	4.00074711070000019197e-003	0.00000000000000000000e+000	9.10159149170000034701e+001	0.00000000000000000000e+000	-7.09336626057052553477e-005	0.00000000000000000000e+000	4.00011823066315653358e-003	0.00000000000000000000e+000	3.08819999084807932377e+001	1	1
6.16010375000000000000e+005	0.00000000000000000000e+000	6.16000000000000000000e+005	4.21000039200000036876e-003	0.00000000000000000000e+000	9.26146621700000025612e+001	0.00000000000000000000e+000	-1.92054318847605234389e-004	0.00000000000000000000e+000	4.20561748608359962237e-003	0.00000000000000000000e+000	3.11249999084975570440e+001	1	1
6.21010687500000000000e+005	0.00000000000000000000e+000	6.21000000000000000000e+005	4.42130584270000043245e-003	0.00000000000000000000e+000	9.40489044189999958689e+001	0.00000000000000000000e+000	-3.12179051141587215416e-004	0.00000000000000000000e+000	4.41027092078496909394e-003	0.00000000000000000000e+000	3.13669999084668233991e+001	1	1
6.26010750000000000000e+005	0.00000000000000000000e+000	6.26000000000000000000e+005	4.63301548729999970733e-003	0.00000000000000000000e+000	9.53509979250000014872e+001	0.00000000000000000000e+000	-4.32060193183569462953e-004	0.00000000000000000000e+000	4.61282521834806020361e-003	0.00000000000000000000e+000	3.16099999084835872054e+001	1	1
6.31010625000000000000e+005	0.00000000000000000000e+000	6.31000000000000000000e+005	4.84682898969999997885e-003	0.00000000000000000000e+000	9.65375442499999962820e+001	0.00000000000000000000e+000	-5.51831931507092620856e-004	0.00000000000000000000e+000	4.81531232369879387545e-003	0.00000000000000000000e+000	3.18529999085003510118e+001	1	1
6.36010750000000000000e+005	0.00000000000000000000e+000	6.36000000000000000000e+005	5.05976798010000002742e-003	0.00000000000000000000e+000	9.76220626829999957863e+001	0.00000000000000000000e+000	-6.71117684938224456394e-004	0.00000000000000000000e+000	5.01506261829385256712e-003	0.00000000000000000000e+000	3.20989999084267765284e+001	1	1
6.41010687500000000000e+005	0.00000000000000000000e+000	6.41000000000000000000e+005	5.27358986439999989637e-003	0.00000000000000000000e+000	9.86045837399999953732e+001	0.00000000000000000000e+000	-7.89005066673857257016e-004	0.00000000000000000000e+000	5.21423254781232334981e-003	0.00000000000000000000e+000	3.23409999083960428834e+001	1	1
6.46011187500000000000e+005	0.00000000000000000000e+000	6.46000000000000000000e+005	5.48578985040000001450e-003	0.00000000000000000000e+000	9.95034332280000057835e+001	0.00000000000000000000e+000	-9.05740525771467092780e-004	0.00000000000000000000e+000	5.41050130604613013080e-003	0.00000000000000000000e+000	3.25829999084817245603e+001	1	1
6.51011187500000000000e+005	0.00000000000000000000e+000	6.51000000000000000000e+005	5.70296216759999963913e-003	0.00000000000000000000e+000	1.00340034479999999917e+002	0.00000000000000000000e+000	-1.02362248639230020777e-003	0.00000000000000000000e+000	5.61034530937525553751e-003	0.00000000000000000000e+000	3.28259999084984883666e+001	1	1
6.56010875000000000000e+005	0.00000000000000000000e+000	6.56000000000000000000e+005	5.91703737150000002448e-003	0.00000000000000000000e+000	1.01116371150000006196e+002	0.00000000000000000000e+000	-1.14081849924638667644e-003	0.00000000000000000000e+000	5.80601966992059462941e-003	0.00000000000000000000e+000	3.30699999084463343024e+001	1	1
6.61010875000000000000e+005	0.00000000000000000000e+000	6.61000000000000000000e+005	6.13291980700000037563e-003	0.00000000000000000000e+000	1.01843833919999994464e+002	0.00000000000000000000e+000	-1.25875015096873566281e-003	0.00000000000000000000e+000	6.00235398960517058109e-003	0.00000000000000000000e+000	3.33119999084156006575e+001	1	1
6.66011250000000000000e+005	0.00000000000000000000e+000	6.66000000000000000000e+005	6.34893169629999979536e-003	0.00000000000000000000e+000	1.02515617370000001074e+002	0.00000000000000000000e+000	-1.37584962096831187918e-003	0.00000000000000000000e+000	6.19806191520899055908e-003	0.00000000000000000000e+000	3.35549999084323644638e+001	1	1
6.71010625000000000000e+005	0.00000000000000000000e+000	6.71000000000000000000e+005	6.56227441500000039515e-003	0.00000000000000000000e+000	1.03139411929999994300e+002	0.00000000000000000000e+000	-1.49174403375033079802e-003	0.00000000000000000000e+000	6.39047300561812036540e-003	0.00000000000000000000e+000	3.37979999084491282701e+001	1	1
6.76010562500000000000e+005	0.00000000000000000000e+000	6.76000000000000000000e+005	6.77535124119999984660e-003	0.00000000000000000000e+000	1.03722656250000000000e+002	0.00000000000000000000e+000	-1.60726422504197568111e-003	0.00000000000000000000e+000	6.58195154589659697092e-003	0.00000000000000000000e+000	3.40489999084966257215e+001	1	1
6.81011875000000000000e+005	0.00000000000000000000e+000	6.81000000000000000000e+005	6.98564248159999970356e-003	0.00000000000000000000e+000	1.04260749820000000909e+002	0.00000000000000000000e+000	-1.72080897751741585672e-003	0.00000000000000000000e+000	6.77037793211206738453e-003	0.00000000000000000000e+000	3.42919999083969742060e+001	1	1
6.86011937500000000000e+005	0.00000000000000000000e+000	6.86000000000000000000e+005	7.19615910200000017533e-003	0.00000000000000000000e+000	1.04778282169999997109e+002	0.00000000000000000000e+000	-1.83559077528004242937e-003	0.00000000000000000000e+000	6.95811126147061979191e-003	0.00000000000000000000e+000	3.45329999084351584315e+001	1	1
6.91012125000000000000e+005	0.00000000000000000000e+000	6.91000000000000000000e+005	7.40723777559999969899e-003	0.00000000000000000000e+000	1.05256187440000005040e+002	0.00000000000000000000e+000	-1.94910626188985586747e-003	0.00000000000000000000e+000	7.14619872688532133814e-003	0.00000000000000000000e+000	3.47769999084994196892e+001	1	1
6.96011187500000000000e+005	0.00000000000000000000e+000	6.96000000000000000000e+005	7.61760724710000038107e-003	0.00000000000000000000e+000	1.05709953310000003057e+002	0.00000000000000000000e+000	-2.06260160157097603706e-003	0.00000000000000000000e+000	7.33304948873709019908e-003	0.00000000000000000000e+000	3.50209999084472656250e+001	1	1
7.01011375000000000000e+005	0.00000000000000000000e+000	7.01000000000000000000e+005	7.82591383899999999685e-003	0.00000000000000000000e+000	1.06130409240000005866e+002	0.00000000000000000000e+000	-2.17423067060371890888e-003	0.00000000000000000000e+000	7.51782205206120990315e-003	0.00000000000000000000e+000	3.52639999084640294313e+001	1	1
7.06012250000000000000e+005	0.00000000000000000000e+000	7.06000000000000000000e+005	8.03987216200000021082e-003	0.00000000000000000000e+000	1.06545112610000003883e+002	0.00000000000000000000e+000	-2.28951572954734158816e-003	0.00000000000000000000e+000	7.70698787500394798256e-003	0.00000000000000000000e+000	3.55079999084118753672e+001	1	1
7.11012125000000000000e+005	0.00000000000000000000e+000	7.11000000000000000000e+005	8.24794080109999931671e-003	0.00000000000000000000e+000	1.06927352909999996200e+002	0.00000000000000000000e+000	-2.40146146341413055381e-003	0.00000000000000000000e+000	7.89059632082309524159e-003	0.00000000000000000000e+000	3.57509999084286391735e+001	1	1
7.16011875000000000000e+005	0.00000000000000000000e+000	7.16000000000000000000e+005	8.45817197109999946436e-003	0.00000000000000000000e+000	1.07302062989999996034e+002	0.00000000000000000000e+000	-2.51553833253637939768e-003	0.00000000000000000000e+000	8.07544054465400389098e-003	0.00000000000000000000e+000	3.59959999084239825606e+001	1	1
7.21012750000000000000e+005	0.00000000000000000000e+000	7.21000000000000000000e+005	8.66562407460000003190e-003	0.00000000000000000000e+000	1.07647956849999999918e+002	0.00000000000000000000e+000	-2.62713627546073014846e-003	0.00000000000000000000e+000	8.25779604933697848612e-003	0.00000000000000000000e+000	3.62409999084193259478e+001	1	1
7.26013187500000000000e+005	0.00000000000000000000e+000	7.26000000000000000000e+005	8.87353438879999976974e-003	0.00000000000000000000e+000	1.07993247990000000414e+002	0.00000000000000000000e+000	-2.74107811618688398947e-003	0.00000000000000000000e+000	8.43955587161892943626e-003	0.00000000000000000000e+000	3.64849999084835872054e+001	1	1
7.31012500000000000000e+005	0.00000000000000000000e+000	7.31000000000000000000e+005	9.07986238600000036825e-003	0.00000000000000000000e+000	1.08307579039999993142e+002	0.00000000000000000000e+000	-2.85214832057385835398e-003	0.00000000000000000000e+000	8.62027557019758722268e-003	0.00000000000000000000e+000	3.67289999084314331412e+001	1	1
7.36011562500000000000e+005	0.00000000000000000000e+000	7.36000000000000000000e+005	9.28224436940000043050e-003	0.00000000000000000000e+000	1.08608276369999998678e+002	0.00000000000000000000e+000	-2.96192872366335359022e-003	0.00000000000000000000e+000	8.79699032449143825119e-003	0.00000000000000000000e+000	3.69709999084006994963e+001	1	1
7.41012312500000000000e+005	0.00000000000000000000e+000	7.41000000000000000000e+005	9.48809366670000028932e-003	0.00000000000000000000e+000	1.08897689819999996530e+002	0.00000000000000000000e+000	-3.07299657403274336168e-003	0.00000000000000000000e+000	8.97667051216962524895e-003	0.00000000000000000000e+000	3.72169999084435403347e+001	1	1
7.46012687500000000000e+005	0.00000000000000000000e+000	7.46000000000000000000e+005	9.69402585180000053722e-003	0.00000000000000000000e+000	1.09179908749999995621e+002	0.00000000000000000000e+000	-3.18483107048906722084e-003	0.00000000000000000000e+000	9.15592640139785071685e-003	0.00000000000000000000e+000	3.74619999084388837218e+001	1	1
7.51012187500000000000e+005	0.00000000000000000000e+000	7.51000000000000000000e+005	9.89733077589999982182e-003	0.00000000000000000000e+000	1.09453834529999994629e+002	0.00000000000000000000e+000	-3.29627827066188757582e-003	0.00000000000000000000e+000	9.33229371858492091907e-003	0.00000000000000000000e+000	3.77059999085031449795e+001	1	1
7.56012625000000000000e+005	0.00000000000000000000e+000	7.56000000000000000000e+005	1.01045230400000005111e-002	0.00000000000000000000e+000	1.09714088439999997604e+002	0.00000000000000000000e+000	-3.40852556733000624720e-003	0.00000000000000000000e+000	9.51227308915952689261e-003	0.00000000000000000000e+000	3.79479999084724113345e+001	1	1
7.61013625000000000000e+005	0.00000000000000000000e+000	7.61000000000000000000e+005	1.03060631080000002918e-002	0.00000000000000000000e+000	1.09961334230000005618e+002	0.00000000000000000000e+000	-3.51834450447362397096e-003	0.00000000000000000000e+000	9.68690811012052829798e-003	0.00000000000000000000e+000	3.81879999084630981088e+001	1	1
7.66013062500000000000e+005	0.00000000000000000000e+000	7.66000000000000000000e+005	1.05101764199999996030e-002	0.00000000000000000000e+000	1.10191680910000002314e+002	0.00000000000000000000e+000	-3.62771245820367026907e-003	0.00000000000000000000e+000	9.86425418874219313292e-003	0.00000000000000000000e+000	3.84299999084323644638e+001	1	1
7.71013937500000000000e+005	0.00000000000000000000e+000	7.71000000000000000000e+005	1.07148261740000003833e-002	0.00000000000000000000e+000	1.10430679319999995869e+002	0.00000000000000000000e+000	-3.74026550659691588846e-003	0.00000000000000000000e+000	1.00408124113139773231e-002	0.00000000000000000000e+000	3.86749999084277078509e+001	1	1
7.76012687500000000000e+005	0.00000000000000000000e+000	7.76000000000000000000e+005	1.09159722920000000490e-002	0.00000000000000000000e+000	1.10651260379999996530e+002	0.00000000000000000000e+000	-3.84983347078526405918e-003	0.00000000000000000000e+000	1.02145598694673676865e-002	0.00000000000000000000e+000	3.89159999084658920765e+001	1	1
7.81013000000000000000e+005	0.00000000000000000000e+000	7.81000000000000000000e+005	1.11173223700000000508e-002	0.00000000000000000000e+000	1.10857933040000006031e+002	0.00000000000000000000e+000	-3.95834456389691086153e-003	0.00000000000000000000e+000	1.03887614753622181674e-002	0.00000000000000000000e+000	3.91569999085040763021e+001	1	1
7.86013312500000000000e+005	0.00000000000000000000e+000	7.86000000000000000000e+005	1.13178957250000006979e-002	0.00000000000000000000e+000	1.11075851439999993886e+002	0.00000000000000000000e+000	-4.06995527319222935581e-003	0.00000000000000000000e+000	1.05607872678218483314e-002	0.00000000000000000000e+000	3.93949999083997681737e+001	1	1
7.91013625000000000000e+005	0.00000000000000000000e+000	7.91000000000000000000e+005	1.15177258849999998580e-002	0.00000000000000000000e+000	1.11276840210000003140e+002	0.00000000000000000000e+000	-4.17948979045395900556e-003	0.00000000000000000000e+000	1.07326545949028902965e-002	0.00000000000000000000e+000	3.96339999084593728185e+001	1	1
7.96013750000000000000e+005	0.00000000000000000000e+000	7.96000000000000000000e+005	1.17155294869999999224e-002	0.00000000000000000000e+000	1.11474685669999999504e+002	0.00000000000000000000e+000	-4.28893917956396902164e-003	0.00000000000000000000e+000	1.09022305917077181464e-002	0.00000000000000000000e+000	3.98759999084286391735e+001	1	1
8.01013875000000000000e+005	0.00000000000000000000e+000	8.01000000000000000000e+005	1.19118541480000006416e-002	0.00000000000000000000e+000	1.11658462520000000495e+002	0.00000000000000000000e+000	-4.39634422177213012028e-003	0.00000000000000000000e+000	1.10708819308542715659e-002	0.00000000000000000000e+000	4.01179999083979055285e+001	1	1
8.06013500000000000000e+005	0.00000000000000000000e+000	8.06000000000000000000e+005	1.21088307349999993456e-002	0.00000000000000000000e+000	1.11845840449999997190e+002	0.00000000000000000000e+000	-4.50582349966869438740e-003	0.00000000000000000000e+000	1.12392765051276318639e-002	0.00000000000000000000e+000	4.03589999084360897541e+001	1	1
8.11012375000000000000e+005	0.00000000000000000000e+000	8.11000000000000000000e+005	1.23072518040000002115e-002	0.00000000000000000000e+000	1.12018264770000001818e+002	0.00000000000000000000e+000	-4.61401468777118770742e-003	0.00000000000000000000e+000	1.14096150429404494947e-002	0.00000000000000000000e+000	4.05999999084742739797e+001	1	1
8.16014687500000000000e+005	0.00000000000000000000e+000	8.16000000000000000000e+005	1.25024933370000007615e-002	0.00000000000000000000e+000	1.12195648190000000000e+002	0.00000000000000000000e+000	-4.72307230612011540172e-003	0.00000000000000000000e+000	1.15760497421568912119e-002	0.00000000000000000000e+000	4.08439999084221199155e+001	1	1
8.21014187500000000000e+005	0.00000000000000000000e+000	8.21000000000000000000e+005	1.26926051450000007548e-002	0.00000000000000000000e+000	1.12351348880000003305e+002	0.00000000000000000000e+000	-4.82680932180150172595e-003	0.00000000000000000000e+000	1.17390006873605151627e-002	0.00000000000000000000e+000	4.10889999084174633026e+001	1	1
8.26014375000000000000e+005	0.00000000000000000000e+000	8.26000000000000000000e+005	1.28970174120000002915e-002	0.00000000000000000000e+000	1.12514816280000005122e+002	0.00000000000000000000e+000	-4.93855553548063885144e-003	0.00000000000000000000e+000	1.19140139058339488559e-002	0.00000000000000000000e+000	4.13379999084863811731e+001	1	1
8.31014187500000000000e+005	0.00000000000000000000e+000	8.31000000000000000000e+005	1.30936969069999995657e-002	0.00000000000000000000e+000	1.12671363830000004214e+002	0.00000000000000000000e+000	-5.04689847040449592053e-003	0.00000000000000000000e+000	1.20819582238066904750e-002	0.00000000000000000000e+000	4.15829999084817245603e+001	1	1
8.36014000000000000000e+005	0.00000000000000000000e+000	8.36000000000000000000e+005	1.32889160889999996540e-002	0.00000000000000000000e+000	1.12824462890000006610e+002	0.00000000000000000000e+000	-5.15489170575695286602e-003	0.00000000000000000000e+000	1.22483624343175442201e-002	0.00000000000000000000e+000	4.18289999084081500769e+001	1	1
8.41014312500000000000e+005	0.00000000000000000000e+000	8.41000000000000000000e+005	1.34832272310000007842e-002	0.00000000000000000000e+000	1.12976699830000001157e+002	0.00000000000000000000e+000	-5.26326847029556354335e-003	0.00000000000000000000e+000	1.24135176953340878314e-002	0.00000000000000000000e+000	4.20739999084034934640e+001	1	1
8.46014187500000000000e+005	0.00000000000000000000e+000	8.46000000000000000000e+005	1.36733790859999999184e-002	0.00000000000000000000e+000	1.13117111210000004462e+002	0.00000000000000000000e+000	-5.36832956508076844515e-003	0.00000000000000000000e+000	1.25754655305536089394e-002	0.00000000000000000000e+000	4.23159999084891751409e+001	1	1
8.51014562500000000000e+005	0.00000000000000000000e+000	8.51000000000000000000e+005	1.38679631050000005260e-002	0.00000000000000000000e+000	1.13264289860000005206e+002	0.00000000000000000000e+000	-5.47747049701100951341e-003	0.00000000000000000000e+000	1.27403970752883212436e-002	0.00000000000000000000e+000	4.25619999084156006575e+001	1	1
8.56013937500000000000e+005	0.00000000000000000000e+000	8.56000000000000000000e+005	1.40711665150000005131e-002	0.00000000000000000000e+000	1.13407104489999994712e+002	0.00000000000000000000e+000	-5.58993490006175642454e-003	0.00000000000000000000e+000	1.29131853121500893983e-002	0.00000000000000000000e+000	4.28079999084584414959e+001	1	1
8.61014750000000000000e+005	0.00000000000000000000e+000	8.61000000000000000000e+005	1.42773864790000006714e-002	0.00000000000000000000e+000	1.13556564330000000496e+002	0.00000000000000000000e+000	-5.70601741668475426900e-003	0.00000000000000000000e+000	1.30875945043855274053e-002	0.00000000000000000000e+000	4.30509999084752053022e+001	1	1
8.66014687500000000000e+005	0.00000000000000000000e+000	8.66000000000000000000e+005	1.44693730400000004910e-002	0.00000000000000000000e+000	1.13684402469999994878e+002	0.00000000000000000000e+000	-5.81232488963136142285e-003	0.00000000000000000000e+000	1.32506466086772783236e-002	0.00000000000000000000e+000	4.32949999084230512381e+001	1	1
8.71015312500000000000e+005	0.00000000000000000000e+000	8.71000000000000000000e+005	1.46751794959999997542e-002	0.00000000000000000000e+000	1.13823539729999993142e+002	0.00000000000000000000e+000	-5.92761521139366798910e-003	0.00000000000000000000e+000	1.34247633552876163149e-002	0.00000000000000000000e+000	4.35419999083969742060e+001	1	1
8.76015125000000000000e+005	0.00000000000000000000e+000	8.76000000000000000000e+005	1.48758310819999996222e-002	0.00000000000000000000e+000	1.13954376220000000330e+002	0.00000000000000000000e+000	-6.03972190410734591226e-003	0.00000000000000000000e+000	1.35945617693709851215e-002	0.00000000000000000000e+000	4.37859999084612354636e+001	1	1
8.81014437500000000000e+005	0.00000000000000000000e+000	8.81000000000000000000e+005	1.50677757339999999348e-002	0.00000000000000000000e+000	1.14072334290000000578e+002	0.00000000000000000000e+000	-6.14598920915714920510e-003	0.00000000000000000000e+000	1.37573501158850773629e-002	0.00000000000000000000e+000	4.40299999084090813994e+001	1	1
8.86015687500000000000e+005	0.00000000000000000000e+000	8.86000000000000000000e+005	1.52740059420000007934e-002	0.00000000000000000000e+000	1.14197685239999998430e+002	0.00000000000000000000e+000	-6.26060353150593128235e-003	0.00000000000000000000e+000	1.39319812280072636429e-002	0.00000000000000000000e+000	4.42759999084519222379e+001	1	1
8.91015187500000000000e+005	0.00000000000000000000e+000	8.91000000000000000000e+005	1.54741508889999993676e-002	0.00000000000000000000e+000	1.14321983340000002727e+002	0.00000000000000000000e+000	-6.37324546536979612277e-003	0.00000000000000000000e+000	1.41007477806562725453e-002	0.00000000000000000000e+000	4.45229999084258452058e+001	1	1
8.96015375000000000000e+005	0.00000000000000000000e+000	8.96000000000000000000e+005	1.56648829580000002737e-002	0.00000000000000000000e+000	1.14427169800000001487e+002	0.00000000000000000000e+000	-6.47799618414850609388e-003	0.00000000000000000000e+000	1.42626829007026674490e-002	0.00000000000000000000e+000	4.47679999084211885929e+001	1	1
9.01014625000000000000e+005	0.00000000000000000000e+000	9.01000000000000000000e+005	1.58493053170000001983e-002	0.00000000000000000000e+000	1.14551940920000006940e+002	0.00000000000000000000e+000	-6.58567097274002487967e-003	0.00000000000000000000e+000	1.44162899828733301333e-002	0.00000000000000000000e+000	4.50089999084593728185e+001	1	1
9.06015250000000000000e+005	0.00000000000000000000e+000	9.06000000000000000000e+005	1.60445366049999996183e-002	0.00000000000000000000e+000	1.14675796509999997852e+002	0.00000000000000000000e+000	-6.69832486717430487799e-003	0.00000000000000000000e+000	1.45794238172494063782e-002	0.00000000000000000000e+000	4.52529999084072187543e+001	1	1
9.11015437500000000000e+005	0.00000000000000000000e+000	9.11000000000000000000e+005	1.62366814910000004102e-002	0.00000000000000000000e+000	1.14783515929999992977e+002	0.00000000000000000000e+000	-6.80626856393587616190e-003	0.00000000000000000000e+000	1.47412527987196614182e-002	0.00000000000000000000e+000	4.54989999084500595927e+001	1	1
9.16015750000000000000e+005	0.00000000000000000000e+000	9.16000000000000000000e+005	1.64255276319999997392e-002	0.00000000000000000000e+000	1.14888725280000002726e+002	0.00000000000000000000e+000	-6.91280296673803945628e-003	0.00000000000000000000e+000	1.49000373533979199592e-002	0.00000000000000000000e+000	4.57449999084929004312e+001	1	1
9.21015312500000000000e+005	0.00000000000000000000e+000	9.21000000000000000000e+005	1.66145507249999997701e-002	0.00000000000000000000e+000	1.14989837649999998348e+002	0.00000000000000000000e+000	-7.01894115508023674205e-003	0.00000000000000000000e+000	1.50591421022287629689e-002	0.00000000000000000000e+000	4.59909999084193259478e+001	1	1
9.26016500000000000000e+005	0.00000000000000000000e+000	9.26000000000000000000e+005	1.67994648219999993810e-002	0.00000000000000000000e+000	1.15088211060000006114e+002	0.00000000000000000000e+000	-7.12319242987377414245e-003	0.00000000000000000000e+000	1.52145373874003949494e-002	0.00000000000000000000e+000	4.62409999084193259478e+001	1	1
9.31016187500000000000e+005	0.00000000000000000000e+000	9.31000000000000000000e+005	1.69839188459999998471e-002	0.00000000000000000000e+000	1.15190246579999993060e+002	0.00000000000000000000e+000	-7.22878430220026679809e-003	0.00000000000000000000e+000	1.53687402502539864624e-002	0.00000000000000000000e+000	4.64839999084360897541e+001	1	1
9.36016437500000000000e+005	0.00000000000000000000e+000	9.36000000000000000000e+005	1.71715952459999994517e-002	0.00000000000000000000e+000	1.15281410219999997935e+002	0.00000000000000000000e+000	-7.33337835479708557984e-003	0.00000000000000000000e+000	1.55269200164695683752e-002	0.00000000000000000000e+000	4.67289999084314331412e+001	1	1
9.41016000000000000000e+005	0.00000000000000000000e+000	9.41000000000000000000e+005	1.73607487229999989109e-002	0.00000000000000000000e+000	1.15382980349999996861e+002	0.00000000000000000000e+000	-7.44197570947810038006e-003	0.00000000000000000000e+000	1.56847886107108237808e-002	0.00000000000000000000e+000	4.69759999084053561091e+001	1	1
9.46016437500000000000e+005	0.00000000000000000000e+000	9.46000000000000000000e+005	1.75606496629999997428e-002	0.00000000000000000000e+000	1.15480178829999999834e+002	0.00000000000000000000e+000	-7.55457033218018617071e-003	0.00000000000000000000e+000	1.58525986413195034419e-002	0.00000000000000000000e+000	4.72179999084910377860e+001	1	1
9.51017500000000000000e+005	0.00000000000000000000e+000	9.51000000000000000000e+005	1.77452415229999993507e-002	0.00000000000000000000e+000	1.15570098880000003305e+002	0.00000000000000000000e+000	-7.65911271993995231011e-003	0.00000000000000000000e+000	1.60072355218775150276e-002	0.00000000000000000000e+000	4.74629999084863811731e+001	1	1
9.56016250000000000000e+005	0.00000000000000000000e+000	9.56000000000000000000e+005	1.79315935819999994205e-002	0.00000000000000000000e+000	1.15672515869999998017e+002	0.00000000000000000000e+000	-7.76844632066836428969e-003	0.00000000000000000000e+000	1.61614754943018024136e-002	0.00000000000000000000e+000	4.77049999084556475282e+001	1	1
9.61016500000000000000e+005	0.00000000000000000000e+000	9.61000000000000000000e+005	1.81166324760000004013e-002	0.00000000000000000000e+000	1.15769966130000000248e+002	0.00000000000000000000e+000	-7.87637029650471373610e-003	0.00000000000000000000e+000	1.63148755196843645021e-002	0.00000000000000000000e+000	4.79479999084724113345e+001	1	1
9.66016812500000000000e+005	0.00000000000000000000e+000	9.66000000000000000000e+005	1.83009393509999986061e-002	0.00000000000000000000e+000	1.15857856749999996282e+002	0.00000000000000000000e+000	-7.98177132026788027641e-003	0.00000000000000000000e+000	1.64686279853523132033e-002	0.00000000000000000000e+000	4.81889999083941802382e+001	1	1
9.71016500000000000000e+005	0.00000000000000000000e+000	9.71000000000000000000e+005	1.84932779519999986040e-002	0.00000000000000000000e+000	1.15948104860000000826e+002	0.00000000000000000000e+000	-8.09186065723946530703e-003	0.00000000000000000000e+000	1.66289843500362147233e-002	0.00000000000000000000e+000	4.84359999084845185280e+001	1	1
9.76017500000000000000e+005	0.00000000000000000000e+000	9.76000000000000000000e+005	1.86865963039999985473e-002	0.00000000000000000000e+000	1.16040138240000004544e+002	0.00000000000000000000e+000	-8.20342798549078197623e-003	0.00000000000000000000e+000	1.67896590410744513122e-002	0.00000000000000000000e+000	4.86789999085012823343e+001	1	1
9.81016437500000000000e+005	0.00000000000000000000e+000	9.81000000000000000000e+005	1.88751332460000004199e-002	0.00000000000000000000e+000	1.16125778199999999174e+002	0.00000000000000000000e+000	-8.31153525027863299135e-003	0.00000000000000000000e+000	1.69466526735408788695e-002	0.00000000000000000000e+000	4.89229999084491282701e+001	1	1
9.86015562500000000000e+005	0.00000000000000000000e+000	9.86000000000000000000e+005	1.90591998399999990044e-002	0.00000000000000000000e+000	1.16212982179999997356e+002	0.00000000000000000000e+000	-8.41862225236565848985e-003	0.00000000000000000000e+000	1.70991197993648133546e-002	0.00000000000000000000e+000	4.91679999084444716573e+001	1	1
9.91016687500000000000e+005	0.00000000000000000000e+000	9.91000000000000000000e+005	1.92448422309999984947e-002	0.00000000000000000000e+000	1.16313346859999995786e+002	0.00000000000000000000e+000	-8.53085330374799173658e-003	0.00000000000000000000e+000	1.72507534445893971620e-002	0.00000000000000000000e+000	4.94099999084137380123e+001	1	1
9.96017750000000000000e+005	0.00000000000000000000e+000	9.96000000000000000000e+005	1.94283220919999992382e-002	0.00000000000000000000e+000	1.16398406980000004296e+002	0.00000000000000000000e+000	-8.63803102778931165828e-003	0.00000000000000000000e+000	1.74024170526235893997e-002	0.00000000000000000000e+000	4.96539999084779992700e+001	1	1
