TimeAll	TimeExperiment	R	Theta
2.419450e+002	8.599997e-002	2.359369e-004	9.977495e+001
2.420780e+002	2.189999e-001	2.357794e-004	9.969070e+001
2.421720e+002	3.130000e-001	2.356490e-004	9.961109e+001
2.422810e+002	4.219999e-001	2.355200e-004	9.952921e+001
2.423900e+002	5.309999e-001	2.353540e-004	9.944158e+001
2.424840e+002	6.250000e-001	2.351742e-004	9.935056e+001
2.425770e+002	7.179999e-001	2.350223e-004	9.927260e+001
2.426710e+002	8.120000e-001	2.348737e-004	9.919572e+001
2.427640e+002	9.050000e-001	2.347050e-004	9.910933e+001
2.428740e+002	1.015000e+000	2.345276e-004	9.903503e+001
2.429670e+002	1.108000e+000	2.343606e-004	9.894473e+001
2.430610e+002	1.202000e+000	2.341808e-004	9.886364e+001
2.431540e+002	1.295000e+000	2.340266e-004	9.878941e+001
2.432480e+002	1.389000e+000	2.338614e-004	9.870820e+001
2.433420e+002	1.483000e+000	2.336798e-004	9.863351e+001
2.434350e+002	1.576000e+000	2.335031e-004	9.855572e+001
2.435440e+002	1.685000e+000	2.333152e-004	9.847043e+001
2.436380e+002	1.779000e+000	2.331141e-004	9.838294e+001
2.437320e+002	1.873000e+000	2.329256e-004	9.830859e+001
2.438250e+002	1.966000e+000	2.327694e-004	9.822913e+001
2.439190e+002	2.060000e+000	2.325519e-004	9.815254e+001
2.440280e+002	2.169000e+000	2.323547e-004	9.807632e+001
2.441220e+002	2.263000e+000	2.321501e-004	9.798689e+001
2.442150e+002	2.356000e+000	2.319322e-004	9.790723e+001
2.443240e+002	2.465000e+000	2.317053e-004	9.783010e+001
2.444340e+002	2.575000e+000	2.315384e-004	9.775061e+001
2.445270e+002	2.668000e+000	2.312850e-004	9.765891e+001
2.446360e+002	2.777000e+000	2.310758e-004	9.758567e+001
2.447300e+002	2.871000e+000	2.308300e-004	9.750657e+001
2.448240e+002	2.965000e+000	2.306397e-004	9.742763e+001
2.449330e+002	3.074000e+000	2.304037e-004	9.735447e+001
2.450260e+002	3.167000e+000	2.301512e-004	9.726488e+001
2.451200e+002	3.261000e+000	2.299304e-004	9.719444e+001
2.452130e+002	3.354000e+000	2.297038e-004	9.711584e+001
2.453070e+002	3.448000e+000	2.294889e-004	9.704261e+001
2.454160e+002	3.557000e+000	2.292275e-004	9.696156e+001
2.455250e+002	3.666000e+000	2.289734e-004	9.688288e+001
2.456190e+002	3.760000e+000	2.286939e-004	9.679520e+001
2.457130e+002	3.854000e+000	2.284674e-004	9.672696e+001
2.458060e+002	3.947000e+000	2.282212e-004	9.665687e+001
2.459150e+002	4.056000e+000	2.279768e-004	9.658235e+001
2.460090e+002	4.150000e+000	2.276838e-004	9.649178e+001
2.461030e+002	4.244000e+000	2.274423e-004	9.642573e+001
2.462120e+002	4.353000e+000	2.271758e-004	9.635656e+001
2.463050e+002	4.446000e+000	2.268860e-004	9.626809e+001
2.463990e+002	4.540000e+000	2.266163e-004	9.620222e+001
2.465080e+002	4.649000e+000	2.263297e-004	9.612686e+001
2.466020e+002	4.743000e+000	2.260261e-004	9.604847e+001
2.466950e+002	4.836000e+000	2.257665e-004	9.597402e+001
2.468050e+002	4.946000e+000	2.254767e-004	9.590433e+001
2.469140e+002	5.055000e+000	2.251735e-004	9.582574e+001
2.470230e+002	5.164000e+000	2.248531e-004	9.574796e+001
2.471320e+002	5.273000e+000	2.245128e-004	9.566380e+001
2.472260e+002	5.367000e+000	2.242164e-004	9.559080e+001
2.473190e+002	5.460000e+000	2.239288e-004	9.552750e+001
2.474290e+002	5.570000e+000	2.236244e-004	9.545695e+001
2.475220e+002	5.663000e+000	2.233136e-004	9.538351e+001
2.476160e+002	5.757000e+000	2.229865e-004	9.531728e+001
2.477250e+002	5.866000e+000	2.227333e-004	9.525371e+001
2.478190e+002	5.960000e+000	2.223995e-004	9.518469e+001
2.479120e+002	6.053000e+000	2.220798e-004	9.511741e+001
2.480060e+002	6.147000e+000	2.218206e-004	9.505503e+001
2.480990e+002	6.240000e+000	2.214913e-004	9.499798e+001
2.482090e+002	6.350000e+000	2.211719e-004	9.492703e+001
2.483180e+002	6.459000e+000	2.208440e-004	9.486068e+001
2.484110e+002	6.552000e+000	2.204610e-004	9.479117e+001
2.485210e+002	6.662000e+000	2.201263e-004	9.472843e+001
2.486140e+002	6.755000e+000	2.197912e-004	9.466349e+001
2.487080e+002	6.849000e+000	2.194740e-004	9.460078e+001
2.488010e+002	6.942000e+000	2.191428e-004	9.453867e+001
2.488950e+002	7.036000e+000	2.188099e-004	9.448316e+001
2.489890e+002	7.130000e+000	2.184836e-004	9.442123e+001
2.490820e+002	7.223000e+000	2.181512e-004	9.437051e+001
2.491910e+002	7.332000e+000	2.178176e-004	9.431271e+001
2.493010e+002	7.442000e+000	2.174579e-004	9.424719e+001
2.493940e+002	7.535000e+000	2.170505e-004	9.418397e+001
2.494880e+002	7.629000e+000	2.167346e-004	9.413089e+001
2.495810e+002	7.722000e+000	2.164007e-004	9.408126e+001
2.496750e+002	7.816000e+000	2.160481e-004	9.402567e+001
2.497690e+002	7.910000e+000	2.157266e-004	9.397652e+001
2.498780e+002	8.019000e+000	2.153599e-004	9.391801e+001
2.499710e+002	8.112000e+000	2.149804e-004	9.386632e+001
2.500650e+002	8.206000e+000	2.146597e-004	9.381273e+001
2.501740e+002	8.315000e+000	2.143063e-004	9.376926e+001
2.502680e+002	8.409000e+000	2.139177e-004	9.370889e+001
2.503770e+002	8.518000e+000	2.135607e-004	9.366254e+001
2.504860e+002	8.627000e+000	2.131589e-004	9.360696e+001
2.505800e+002	8.721000e+000	2.127750e-004	9.355682e+001
2.506730e+002	8.814000e+000	2.124159e-004	9.351694e+001
2.507830e+002	8.924000e+000	2.120900e-004	9.347253e+001
2.508920e+002	9.033000e+000	2.116667e-004	9.342298e+001
2.509850e+002	9.126000e+000	2.112730e-004	9.337462e+001
2.510790e+002	9.220000e+000	2.109515e-004	9.333477e+001
2.511720e+002	9.313000e+000	2.105690e-004	9.329650e+001
2.512660e+002	9.407000e+000	2.102400e-004	9.325980e+001
2.513750e+002	9.516000e+000	2.098873e-004	9.322029e+001
2.514690e+002	9.610000e+000	2.094862e-004	9.317539e+001
2.515620e+002	9.703000e+000	2.091438e-004	9.314351e+001
2.516720e+002	9.813000e+000	2.087597e-004	9.309913e+001
2.517650e+002	9.906000e+000	2.083822e-004	9.306470e+001
2.518590e+002	1.000000e+001	2.080208e-004	9.302794e+001
2.519520e+002	1.009300e+001	2.076757e-004	9.300106e+001
2.520460e+002	1.018700e+001	2.073274e-004	9.296646e+001
2.521400e+002	1.028100e+001	2.069722e-004	9.293654e+001
2.522330e+002	1.037400e+001	2.066095e-004	9.290018e+001
2.523270e+002	1.046800e+001	2.062291e-004	9.286999e+001
2.524200e+002	1.056100e+001	2.058639e-004	9.284383e+001
2.525300e+002	1.067100e+001	2.054872e-004	9.281149e+001
2.526390e+002	1.078000e+001	2.050813e-004	9.277798e+001
2.527320e+002	1.087300e+001	2.046632e-004	9.274845e+001
2.528260e+002	1.096700e+001	2.042969e-004	9.272289e+001
2.529350e+002	1.107600e+001	2.038949e-004	9.269715e+001
2.530290e+002	1.117000e+001	2.034692e-004	9.267283e+001
2.531220e+002	1.126300e+001	2.031162e-004	9.264114e+001
2.532320e+002	1.137300e+001	2.027248e-004	9.262380e+001
2.533250e+002	1.146600e+001	2.022936e-004	9.260305e+001
2.534340e+002	1.157500e+001	2.019118e-004	9.257935e+001
2.535440e+002	1.168500e+001	2.014506e-004	9.255448e+001
2.536370e+002	1.177800e+001	2.010470e-004	9.253763e+001
2.537460e+002	1.188700e+001	2.006698e-004	9.251747e+001
2.538560e+002	1.199700e+001	2.002062e-004	9.250117e+001
2.539490e+002	1.209000e+001	1.998208e-004	9.248206e+001
2.540430e+002	1.218400e+001	1.994693e-004	9.246970e+001
2.541360e+002	1.227700e+001	1.990974e-004	9.245578e+001
2.542460e+002	1.238700e+001	1.987484e-004	9.245241e+001
2.543550e+002	1.249600e+001	1.983391e-004	9.243452e+001
2.544480e+002	1.258900e+001	1.979787e-004	9.242258e+001
2.545580e+002	1.269900e+001	1.976260e-004	9.241962e+001
2.546670e+002	1.280800e+001	1.972033e-004	9.240329e+001
2.547600e+002	1.290100e+001	1.968486e-004	9.240487e+001
2.548700e+002	1.301100e+001	1.964953e-004	9.239465e+001
2.549630e+002	1.310400e+001	1.961172e-004	9.238586e+001
2.550720e+002	1.321300e+001	1.957718e-004	9.238426e+001
2.551660e+002	1.330700e+001	1.953640e-004	9.238493e+001
2.552330e+002	1.337400e+001	1.950179e-004	9.238191e+001
2.553280e+002	1.346900e+001	1.946650e-004	9.237947e+001
2.554230e+002	1.356400e+001	1.942758e-004	9.237896e+001
2.555170e+002	1.365800e+001	1.939601e-004	9.237563e+001
2.556080e+002	1.374900e+001	1.936034e-004	9.237555e+001
2.557000e+002	1.384100e+001	1.932603e-004	9.238242e+001
2.557910e+002	1.393200e+001	1.929061e-004	9.238374e+001
2.558870e+002	1.402800e+001	1.925499e-004	9.238194e+001
2.559830e+002	1.412400e+001	1.921936e-004	9.238837e+001
2.560760e+002	1.421700e+001	1.918335e-004	9.239619e+001
2.561700e+002	1.431100e+001	1.914799e-004	9.240154e+001
2.563010e+002	1.444200e+001	1.910942e-004	9.240593e+001
2.563940e+002	1.453500e+001	1.907215e-004	9.241678e+001
2.564880e+002	1.462900e+001	1.903957e-004	9.242409e+001
2.565820e+002	1.472300e+001	1.900397e-004	9.243393e+001
2.566750e+002	1.481600e+001	1.897014e-004	9.244237e+001
2.567840e+002	1.492500e+001	1.893193e-004	9.246574e+001
2.568780e+002	1.501900e+001	1.889587e-004	9.247995e+001
2.569870e+002	1.512800e+001	1.886154e-004	9.249255e+001
2.570960e+002	1.523700e+001	1.882449e-004	9.250625e+001
2.572060e+002	1.534700e+001	1.878653e-004	9.252959e+001
2.573150e+002	1.545600e+001	1.874712e-004	9.255032e+001
2.574080e+002	1.554900e+001	1.870807e-004	9.257619e+001
2.575180e+002	1.565900e+001	1.867519e-004	9.258945e+001
2.576270e+002	1.576800e+001	1.863796e-004	9.261194e+001
2.577200e+002	1.586100e+001	1.860101e-004	9.263060e+001
2.578140e+002	1.595500e+001	1.857107e-004	9.265355e+001
2.579230e+002	1.606400e+001	1.854086e-004	9.267332e+001
2.580320e+002	1.617300e+001	1.850662e-004	9.270316e+001
2.581260e+002	1.626700e+001	1.847219e-004	9.272402e+001
2.582350e+002	1.637600e+001	1.844136e-004	9.275197e+001
2.583290e+002	1.647000e+001	1.840724e-004	9.277359e+001
2.584220e+002	1.656300e+001	1.837688e-004	9.280019e+001
2.585160e+002	1.665700e+001	1.834794e-004	9.282100e+001
2.586250e+002	1.676600e+001	1.831530e-004	9.284324e+001
2.587340e+002	1.687500e+001	1.827933e-004	9.287794e+001
2.588430e+002	1.698400e+001	1.824875e-004	9.291425e+001
2.589370e+002	1.707800e+001	1.821070e-004	9.293929e+001
2.590310e+002	1.717200e+001	1.817919e-004	9.298149e+001
2.591400e+002	1.728100e+001	1.814853e-004	9.300598e+001
2.592330e+002	1.737400e+001	1.811337e-004	9.305134e+001
2.593270e+002	1.746800e+001	1.808419e-004	9.308956e+001
2.594360e+002	1.757700e+001	1.805437e-004	9.311906e+001
2.595450e+002	1.768600e+001	1.801787e-004	9.315630e+001
2.596390e+002	1.778000e+001	1.798624e-004	9.319607e+001
2.597480e+002	1.788900e+001	1.795269e-004	9.323206e+001
2.598420e+002	1.798300e+001	1.792038e-004	9.327699e+001
2.599510e+002	1.809200e+001	1.788969e-004	9.332121e+001
2.600450e+002	1.818600e+001	1.785657e-004	9.336124e+001
2.601380e+002	1.827900e+001	1.782963e-004	9.340072e+001
2.602320e+002	1.837300e+001	1.779825e-004	9.344009e+001
2.603250e+002	1.846600e+001	1.777124e-004	9.348427e+001
2.604190e+002	1.856000e+001	1.774297e-004	9.353116e+001
2.605130e+002	1.865400e+001	1.771416e-004	9.357119e+001
2.606060e+002	1.874700e+001	1.769064e-004	9.360489e+001
2.607150e+002	1.885600e+001	1.766061e-004	9.365282e+001
2.608250e+002	1.896600e+001	1.762656e-004	9.371046e+001
2.609180e+002	1.905900e+001	1.759643e-004	9.376046e+001
2.610270e+002	1.916800e+001	1.756836e-004	9.381219e+001
2.611370e+002	1.927800e+001	1.753950e-004	9.385816e+001
2.612460e+002	1.938700e+001	1.750878e-004	9.391216e+001
2.613220e+002	1.946300e+001	1.747413e-004	9.396928e+001
2.614170e+002	1.955800e+001	1.745122e-004	9.402854e+001
