Fext	FextSD	Fgen	R	RSD	Theta	ThetaSD	X	XSD	Y	YSD	Time	Interval	Round
5.80008562500000000000e+005	0.00000000000000000000e+000	5.80000000000000000000e+005	2.09139165239999991587e-004	0.00000000000000000000e+000	1.15855216979999994464e+002	0.00000000000000000000e+000	-9.12052803487438992205e-005	0.00000000000000000000e+000	1.88204110671874119904e-004	0.00000000000000000000e+000	6.37999931350350379944e-001	1	1
5.80011875000000000000e+005	0.00000000000000000000e+000	5.80002000000000000000e+005	2.09867619560000012117e-004	0.00000000000000000000e+000	1.15865173339999998348e+002	0.00000000000000000000e+000	-9.15557751960238680846e-005	0.00000000000000000000e+000	1.88843739022600474705e-004	0.00000000000000000000e+000	8.15999931306578218937e-001	1	1
5.80013625000000000000e+005	0.00000000000000000000e+000	5.80004000000000000000e+005	2.10001206140000005237e-004	0.00000000000000000000e+000	1.15853965759999994134e+002	0.00000000000000000000e+000	-9.15770881623602188686e-005	0.00000000000000000000e+000	1.88981860251078256268e-004	0.00000000000000000000e+000	9.96999931288883090019e-001	1	1
5.80015500000000000000e+005	0.00000000000000000000e+000	5.80006000000000000000e+005	2.10108788450000006113e-004	0.00000000000000000000e+000	1.15849052430000000413e+002	0.00000000000000000000e+000	-9.16077879855451196727e-005	0.00000000000000000000e+000	1.89086530890812714234e-004	0.00000000000000000000e+000	1.17699993134010583162e+000	1	1
5.80017500000000000000e+005	0.00000000000000000000e+000	5.80008000000000000000e+005	2.10253157999999999890e-004	0.00000000000000000000e+000	1.15836853030000000331e+002	0.00000000000000000000e+000	-9.16304433668017702776e-005	0.00000000000000000000e+000	1.89235969882515473210e-004	0.00000000000000000000e+000	1.35799993132241070271e+000	1	1
5.80019500000000000000e+005	0.00000000000000000000e+000	5.80010000000000000000e+005	2.10356520259999987647e-004	0.00000000000000000000e+000	1.15827644349999999918e+002	0.00000000000000000000e+000	-9.16450592021297378220e-005	0.00000000000000000000e+000	1.89343731714926137317e-004	0.00000000000000000000e+000	1.53099993139039725065e+000	1	1
5.80020500000000000000e+005	0.00000000000000000000e+000	5.80012000000000000000e+005	2.10464568229999995919e-004	0.00000000000000000000e+000	1.15823226930000004131e+002	0.00000000000000000000e+000	-9.16775260724491357356e-005	0.00000000000000000000e+000	1.89448055396395498426e-004	0.00000000000000000000e+000	1.70599993132054805756e+000	1	1
5.80023125000000000000e+005	0.00000000000000000000e+000	5.80014000000000000000e+005	2.10639977009999989277e-004	0.00000000000000000000e+000	1.15806205750000003718e+002	0.00000000000000000000e+000	-9.16976020828164778680e-005	0.00000000000000000000e+000	1.89633197745106807071e-004	0.00000000000000000000e+000	1.88199993129819631577e+000	1	1
5.80025812500000000000e+005	0.00000000000000000000e+000	5.80016000000000000000e+005	2.10755621080000008112e-004	0.00000000000000000000e+000	1.15798873900000003800e+002	0.00000000000000000000e+000	-9.17236647808195742528e-005	0.00000000000000000000e+000	1.89749047786787021497e-004	0.00000000000000000000e+000	2.05899993132334202528e+000	1	1
5.80027250000000000000e+005	0.00000000000000000000e+000	5.80018000000000000000e+005	2.10906437129999992748e-004	0.00000000000000000000e+000	1.15788604739999996696e+002	0.00000000000000000000e+000	-9.17552672866988011484e-005	0.00000000000000000000e+000	1.89901280006262991422e-004	0.00000000000000000000e+000	2.23499993130099028349e+000	1	1
5.80028937500000000000e+005	0.00000000000000000000e+000	5.80020000000000000000e+005	2.11036269320000007248e-004	0.00000000000000000000e+000	1.15777175900000003139e+002	0.00000000000000000000e+000	-9.17738461196285752351e-005	0.00000000000000000000e+000	1.90036491592836758293e-004	0.00000000000000000000e+000	2.41099993127863854170e+000	1	1
5.80030750000000000000e+005	0.00000000000000000000e+000	5.80022000000000000000e+005	2.11167745869999992202e-004	0.00000000000000000000e+000	1.15766632079999993721e+002	0.00000000000000000000e+000	-9.17960269527396007221e-005	0.00000000000000000000e+000	1.90171781112521525977e-004	0.00000000000000000000e+000	2.58899993135128170252e+000	1	1
5.80033125000000000000e+005	0.00000000000000000000e+000	5.80024000000000000000e+005	2.11288628630000010957e-004	0.00000000000000000000e+000	1.15754020690000004379e+002	0.00000000000000000000e+000	-9.18066905447486697163e-005	0.00000000000000000000e+000	1.90300856959622774695e-004	0.00000000000000000000e+000	2.76499993132892996073e+000	1	1
5.80034625000000000000e+005	0.00000000000000000000e+000	5.80026000000000000000e+005	2.11458958799999987080e-004	0.00000000000000000000e+000	1.15738876340000004461e+002	0.00000000000000000000e+000	-9.18303565936118369045e-005	0.00000000000000000000e+000	1.90478546993277388609e-004	0.00000000000000000000e+000	2.94299993128515779972e+000	1	1
5.80036687500000000000e+005	0.00000000000000000000e+000	5.80028000000000000000e+005	2.11614882569999989727e-004	0.00000000000000000000e+000	1.15730560299999993390e+002	0.00000000000000000000e+000	-9.18704018206904223865e-005	0.00000000000000000000e+000	1.90632336696636432889e-004	0.00000000000000000000e+000	3.11899993137922137976e+000	1	1
5.80039187500000000000e+005	0.00000000000000000000e+000	5.80030000000000000000e+005	2.11752485480000006597e-004	0.00000000000000000000e+000	1.15715354919999995786e+002	0.00000000000000000000e+000	-9.18795137997910761445e-005	0.00000000000000000000e+000	1.90780685738550618864e-004	0.00000000000000000000e+000	3.29299993137829005718e+000	1	1
5.80041312500000000000e+005	0.00000000000000000000e+000	5.80032000000000000000e+005	2.11903301529999991233e-004	0.00000000000000000000e+000	1.15703208919999994464e+002	0.00000000000000000000e+000	-9.19044789357308837888e-005	0.00000000000000000000e+000	1.90936051993503553810e-004	0.00000000000000000000e+000	3.46999993128702044487e+000	1	1
5.80042500000000000000e+005	0.00000000000000000000e+000	5.80034000000000000000e+005	2.12047962120000000599e-004	0.00000000000000000000e+000	1.15689735409999997273e+002	0.00000000000000000000e+000	-9.19222864465341814528e-005	0.00000000000000000000e+000	1.91088020277793127401e-004	0.00000000000000000000e+000	3.64699993131216615438e+000	1	1
5.80045187500000000000e+005	0.00000000000000000000e+000	5.80036000000000000000e+005	2.12219310919999987414e-004	0.00000000000000000000e+000	1.15675437930000001074e+002	0.00000000000000000000e+000	-9.19488406069080503992e-005	0.00000000000000000000e+000	1.91265382749741303823e-004	0.00000000000000000000e+000	3.82499993138480931520e+000	1	1
5.80047500000000000000e+005	0.00000000000000000000e+000	5.80038000000000000000e+005	2.12384009499999994001e-004	0.00000000000000000000e+000	1.15664695739999999091e+002	0.00000000000000000000e+000	-9.19843108709049515730e-005	0.00000000000000000000e+000	1.91431068651096462571e-004	0.00000000000000000000e+000	4.01099993137177079916e+000	1	1
5.80049437500000000000e+005	0.00000000000000000000e+000	5.80040000000000000000e+005	2.12513783480000010163e-004	0.00000000000000000000e+000	1.15645545960000006858e+002	0.00000000000000000000e+000	-9.19764908582292544216e-005	0.00000000000000000000e+000	1.91578791358517562223e-004	0.00000000000000000000e+000	4.18499993137083947659e+000	1	1
5.80051250000000000000e+005	0.00000000000000000000e+000	5.80042000000000000000e+005	2.12702914719999991791e-004	0.00000000000000000000e+000	1.15634643550000006940e+002	0.00000000000000000000e+000	-9.20218590397662607183e-005	0.00000000000000000000e+000	1.91766804711474979535e-004	0.00000000000000000000e+000	4.36299993132706731558e+000	1	1
5.80052937500000000000e+005	0.00000000000000000000e+000	5.80044000000000000000e+005	2.12879938769999988357e-004	0.00000000000000000000e+000	1.15622764590000002727e+002	0.00000000000000000000e+000	-9.20586516213748245552e-005	0.00000000000000000000e+000	1.91945494847816863510e-004	0.00000000000000000000e+000	4.53999993135221302509e+000	1	1
5.80055437500000000000e+005	0.00000000000000000000e+000	5.80046000000000000000e+005	2.13056206119999989044e-004	0.00000000000000000000e+000	1.15605796810000001074e+002	0.00000000000000000000e+000	-9.20779828381274858748e-005	0.00000000000000000000e+000	1.92131704938850275026e-004	0.00000000000000000000e+000	4.71799993130844086409e+000	1	1
5.80056937500000000000e+005	0.00000000000000000000e+000	5.80048000000000000000e+005	2.13196253750000012462e-004	0.00000000000000000000e+000	1.15588699340000005122e+002	0.00000000000000000000e+000	-9.20811329357761987162e-005	0.00000000000000000000e+000	1.92285484554342552335e-004	0.00000000000000000000e+000	4.89199993130750954151e+000	1	1
5.80059562500000000000e+005	0.00000000000000000000e+000	5.80050000000000000000e+005	2.13372361030000006572e-004	0.00000000000000000000e+000	1.15573776249999994548e+002	0.00000000000000000000e+000	-9.21070684452602873567e-005	0.00000000000000000000e+000	1.92468315298744172904e-004	0.00000000000000000000e+000	5.06999993138015270233e+000	1	1
5.80061062500000000000e+005	0.00000000000000000000e+000	5.80052000000000000000e+005	2.13558727409999995605e-004	0.00000000000000000000e+000	1.15554428099999995538e+002	0.00000000000000000000e+000	-9.21224613232364981106e-005	0.00000000000000000000e+000	1.92667543122155068966e-004	0.00000000000000000000e+000	5.24499993131030350924e+000	1	1
5.80063687500000000000e+005	0.00000000000000000000e+000	5.80054000000000000000e+005	2.13758161410000012371e-004	0.00000000000000000000e+000	1.15534423829999994382e+002	0.00000000000000000000e+000	-9.21411543702530688336e-005	0.00000000000000000000e+000	1.92879649628209374514e-004	0.00000000000000000000e+000	5.42199993133544921875e+000	1	1
5.80065062500000000000e+005	0.00000000000000000000e+000	5.80056000000000000000e+005	2.13957333470000011112e-004	0.00000000000000000000e+000	1.15519294740000006527e+002	0.00000000000000000000e+000	-9.21760271283203892582e-005	0.00000000000000000000e+000	1.93083713887090780087e-004	0.00000000000000000000e+000	5.59999993129167705774e+000	1	1
5.80067250000000000000e+005	0.00000000000000000000e+000	5.80058000000000000000e+005	2.14152896659999998370e-004	0.00000000000000000000e+000	1.15494667050000003883e+002	0.00000000000000000000e+000	-9.21772003061422192565e-005	0.00000000000000000000e+000	1.93299836760381084323e-004	0.00000000000000000000e+000	5.77699993131682276726e+000	1	1
5.80068937500000000000e+005	0.00000000000000000000e+000	5.80060000000000000000e+005	2.14330517340000011343e-004	0.00000000000000000000e+000	1.15476051330000004214e+002	0.00000000000000000000e+000	-9.21907918937428234700e-005	0.00000000000000000000e+000	1.93490125208592103232e-004	0.00000000000000000000e+000	5.95199993136338889599e+000	1	1
5.80071250000000000000e+005	0.00000000000000000000e+000	5.80062000000000000000e+005	2.14511499510000006215e-004	0.00000000000000000000e+000	1.15452209469999999669e+002	0.00000000000000000000e+000	-9.21880475544286487853e-005	0.00000000000000000000e+000	1.93691887569229741336e-004	0.00000000000000000000e+000	6.12699993129353970289e+000	1	1
5.80072750000000000000e+005	0.00000000000000000000e+000	5.80064000000000000000e+005	2.14737374339999997951e-004	0.00000000000000000000e+000	1.15436256409999998596e+002	0.00000000000000000000e+000	-9.22311284269809690322e-005	0.00000000000000000000e+000	1.93921527653644060326e-004	0.00000000000000000000e+000	6.30099993129260838032e+000	1	1
5.80076062500000000000e+005	0.00000000000000000000e+000	5.80066000000000000000e+005	2.14935556870000010667e-004	0.00000000000000000000e+000	1.15418769839999995952e+002	0.00000000000000000000e+000	-9.22570057152099836859e-005	0.00000000000000000000e+000	1.94128664816612577296e-004	0.00000000000000000000e+000	6.47799993131775408983e+000	1	1
5.80076250000000000000e+005	0.00000000000000000000e+000	5.80068000000000000000e+005	2.15155989280000009903e-004	0.00000000000000000000e+000	1.15391059880000000248e+002	0.00000000000000000000e+000	-9.22576286045624670892e-005	0.00000000000000000000e+000	1.94372399499821192637e-004	0.00000000000000000000e+000	6.65399993129540234804e+000	1	1
5.80079250000000000000e+005	0.00000000000000000000e+000	5.80070000000000000000e+005	2.15380336159999997547e-004	0.00000000000000000000e+000	1.15375900270000002479e+002	0.00000000000000000000e+000	-9.23023423349624997985e-005	0.00000000000000000000e+000	1.94599503606442922636e-004	0.00000000000000000000e+000	6.83299993129912763834e+000	1	1
5.80080687500000000000e+005	0.00000000000000000000e+000	5.80072000000000000000e+005	2.15593128810000000213e-004	0.00000000000000000000e+000	1.15350456239999999752e+002	0.00000000000000000000e+000	-9.23070230692820623821e-005	0.00000000000000000000e+000	1.94832776200957221834e-004	0.00000000000000000000e+000	7.00899993139319121838e+000	1	1
5.80082750000000000000e+005	0.00000000000000000000e+000	5.80074000000000000000e+005	2.15804873729999994623e-004	0.00000000000000000000e+000	1.15321235659999999257e+002	0.00000000000000000000e+000	-9.22982090606529068317e-005	0.00000000000000000000e+000	1.95071228349588373166e-004	0.00000000000000000000e+000	7.18899993132799863815e+000	1	1
5.80085562500000000000e+005	0.00000000000000000000e+000	5.80076000000000000000e+005	2.16038664800000010076e-004	0.00000000000000000000e+000	1.15296875000000000000e+002	0.00000000000000000000e+000	-9.23151624777790333299e-005	0.00000000000000000000e+000	1.95321825368462143307e-004	0.00000000000000000000e+000	7.36499993130564689636e+000	1	1
5.80086500000000000000e+005	0.00000000000000000000e+000	5.80078000000000000000e+005	2.16266693309999992771e-004	0.00000000000000000000e+000	1.15271110530000001404e+002	0.00000000000000000000e+000	-9.23246676497479254030e-005	0.00000000000000000000e+000	1.95569523133348120410e-004	0.00000000000000000000e+000	7.53799993137363344431e+000	1	1
5.80089437500000000000e+005	0.00000000000000000000e+000	5.80080000000000000000e+005	2.16513770279999986663e-004	0.00000000000000000000e+000	1.15248168949999993060e+002	0.00000000000000000000e+000	-9.23517411832764262584e-005	0.00000000000000000000e+000	1.95829948223650733346e-004	0.00000000000000000000e+000	7.71499993128236383200e+000	1	1
5.80091062500000000000e+005	0.00000000000000000000e+000	5.80082000000000000000e+005	2.16767570240000001774e-004	0.00000000000000000000e+000	1.15223075870000002396e+002	0.00000000000000000000e+000	-9.23741225004300812963e-005	0.00000000000000000000e+000	1.96099977052596497222e-004	0.00000000000000000000e+000	7.89199993130750954151e+000	1	1
5.80093125000000000000e+005	0.00000000000000000000e+000	5.80084000000000000000e+005	2.17020526179999994785e-004	0.00000000000000000000e+000	1.15190536499999993225e+002	0.00000000000000000000e+000	-9.23704042680398458836e-005	0.00000000000000000000e+000	1.96381305624550084104e-004	0.00000000000000000000e+000	8.07599993131589144468e+000	1	1
5.80095687500000000000e+005	0.00000000000000000000e+000	5.80086000000000000000e+005	2.17251115830000007811e-004	0.00000000000000000000e+000	1.15163253780000005122e+002	0.00000000000000000000e+000	-9.23749287264959020958e-005	0.00000000000000000000e+000	1.96633974358844922309e-004	0.00000000000000000000e+000	8.25399993138853460550e+000	1	1
5.80096562500000000000e+005	0.00000000000000000000e+000	5.80088000000000000000e+005	2.17521112060000012091e-004	0.00000000000000000000e+000	1.15133544920000005618e+002	0.00000000000000000000e+000	-9.23876335372021727579e-005	0.00000000000000000000e+000	1.96926279001088933279e-004	0.00000000000000000000e+000	8.43099993129726499319e+000	1	1
5.80099062500000000000e+005	0.00000000000000000000e+000	5.80090000000000000000e+005	2.17753884499999989747e-004	0.00000000000000000000e+000	1.15102127080000002479e+002	0.00000000000000000000e+000	-9.23783859161397992573e-005	0.00000000000000000000e+000	1.97187697462007210372e-004	0.00000000000000000000e+000	8.60699993139132857323e+000	1	1
5.80102062500000000000e+005	0.00000000000000000000e+000	5.80092000000000000000e+005	2.18045563089999992019e-004	0.00000000000000000000e+000	1.15071601869999994960e+002	0.00000000000000000000e+000	-9.23969169754223118747e-005	0.00000000000000000000e+000	1.97501081811396895626e-004	0.00000000000000000000e+000	8.78199993132147938013e+000	1	1
5.80103312500000000000e+005	0.00000000000000000000e+000	5.80094000000000000000e+005	2.18333225349999997646e-004	0.00000000000000000000e+000	1.15032867429999996034e+002	0.00000000000000000000e+000	-9.23850973992320755740e-005	0.00000000000000000000e+000	1.97824141778166906350e-004	0.00000000000000000000e+000	8.95699993136804550886e+000	1	1
5.80105875000000000000e+005	0.00000000000000000000e+000	5.80096000000000000000e+005	2.18611356100000003453e-004	0.00000000000000000000e+000	1.14996795649999995703e+002	0.00000000000000000000e+000	-9.23780637208330556321e-005	0.00000000000000000000e+000	1.98134344218943317471e-004	0.00000000000000000000e+000	9.12999993131961673498e+000	1	1
5.80107750000000000000e+005	0.00000000000000000000e+000	5.80098000000000000000e+005	2.18892455449999997650e-004	0.00000000000000000000e+000	1.14973579409999999257e+002	0.00000000000000000000e+000	-9.24164523582063986325e-005	0.00000000000000000000e+000	1.98426576814834964603e-004	0.00000000000000000000e+000	9.30699993134476244450e+000	1	1
5.80110312500000000000e+005	0.00000000000000000000e+000	5.80100000000000000000e+005	2.19198831470000012880e-004	0.00000000000000000000e+000	1.14927062989999996034e+002	0.00000000000000000000e+000	-9.23844529054093313190e-005	0.00000000000000000000e+000	1.98779376644514298948e-004	0.00000000000000000000e+000	9.48099993134383112192e+000	1	1
5.80111500000000000000e+005	0.00000000000000000000e+000	5.80102000000000000000e+005	2.19504436249999996004e-004	0.00000000000000000000e+000	1.14887756350000003636e+002	0.00000000000000000000e+000	-9.23766738159645704005e-005	0.00000000000000000000e+000	1.99119932874961566658e-004	0.00000000000000000000e+000	9.65899993130005896091e+000	1	1
5.80112437500000000000e+005	0.00000000000000000000e+000	5.80104000000000000000e+005	2.19800349439999996625e-004	0.00000000000000000000e+000	1.14852233889999993721e+002	0.00000000000000000000e+000	-9.23775711567958362005e-005	0.00000000000000000000e+000	1.99445676717038009387e-004	0.00000000000000000000e+000	9.83299993129912763834e+000	1	1
5.80115937500000000000e+005	0.00000000000000000000e+000	5.80106000000000000000e+005	2.20126428760000010694e-004	0.00000000000000000000e+000	1.14810821529999998347e+002	0.00000000000000000000e+000	-9.23702218350337255111e-005	0.00000000000000000000e+000	1.99808375091681315839e-004	0.00000000000000000000e+000	1.00089999313931912184e+001	1	1
5.80116187500000000000e+005	0.00000000000000000000e+000	5.80108000000000000000e+005	2.20470741620000011424e-004	0.00000000000000000000e+000	1.14767272950000005949e+002	0.00000000000000000000e+000	-9.23625717771483410951e-005	0.00000000000000000000e+000	2.00191166751142958415e-004	0.00000000000000000000e+000	1.01839999313233420253e+001	1	1
5.80119812500000000000e+005	0.00000000000000000000e+000	5.80110000000000000000e+005	2.20796981010000004965e-004	0.00000000000000000000e+000	1.14719505310000002396e+002	0.00000000000000000000e+000	-9.23320653878023737135e-005	0.00000000000000000000e+000	2.00564444816006456343e-004	0.00000000000000000000e+000	1.03589999313699081540e+001	1	1
5.80121000000000000000e+005	0.00000000000000000000e+000	5.80112000000000000000e+005	2.21137524929999987637e-004	0.00000000000000000000e+000	1.14675476070000001982e+002	0.00000000000000000000e+000	-9.23200829948233453719e-005	0.00000000000000000000e+000	2.00944786466320879717e-004	0.00000000000000000000e+000	1.05339999313000589609e+001	1	1
5.80122750000000000000e+005	0.00000000000000000000e+000	5.80114000000000000000e+005	2.21487513039999998118e-004	0.00000000000000000000e+000	1.14627632140000002892e+002	0.00000000000000000000e+000	-9.22981018499104935611e-005	0.00000000000000000000e+000	2.01339958347933811397e-004	0.00000000000000000000e+000	1.07079999312991276383e+001	1	1
5.80125687500000000000e+005	0.00000000000000000000e+000	5.80116000000000000000e+005	2.21847338250000009237e-004	0.00000000000000000000e+000	1.14578140259999997852e+002	0.00000000000000000000e+000	-9.22738142174444730265e-005	0.00000000000000000000e+000	2.01746833180534618267e-004	0.00000000000000000000e+000	1.08869999313028529286e+001	1	1
5.80126375000000000000e+005	0.00000000000000000000e+000	5.80118000000000000000e+005	2.22186834430000007545e-004	0.00000000000000000000e+000	1.14532302860000001488e+002	0.00000000000000000000e+000	-9.22533454184275568703e-005	0.00000000000000000000e+000	2.02129437868739261861e-004	0.00000000000000000000e+000	1.10619999313494190574e+001	1	1
5.80130062500000000000e+005	0.00000000000000000000e+000	5.80120000000000000000e+005	2.22605085579999996447e-004	0.00000000000000000000e+000	1.14465927120000003470e+002	0.00000000000000000000e+000	-9.21923411774102990416e-005	0.00000000000000000000e+000	2.02616870853113064267e-004	0.00000000000000000000e+000	1.12359999313484877348e+001	1	1
5.80131500000000000000e+005	0.00000000000000000000e+000	5.80122000000000000000e+005	2.22992239289999987428e-004	0.00000000000000000000e+000	1.14410987849999997934e+002	0.00000000000000000000e+000	-9.21580178684904542013e-005	0.00000000000000000000e+000	2.03057722153380826877e-004	0.00000000000000000000e+000	1.14109999312786385417e+001	1	1
5.80133062500000000000e+005	0.00000000000000000000e+000	5.80124000000000000000e+005	2.23365001149999990162e-004	0.00000000000000000000e+000	1.14356010440000005701e+002	0.00000000000000000000e+000	-9.21168630032964533879e-005	0.00000000000000000000e+000	2.03485643938759025711e-004	0.00000000000000000000e+000	1.15809999313205480576e+001	1	1
5.80135062500000000000e+005	0.00000000000000000000e+000	5.80126000000000000000e+005	2.23797382200000000282e-004	0.00000000000000000000e+000	1.14289001459999994381e+002	0.00000000000000000000e+000	-9.20566733885709522107e-005	0.00000000000000000000e+000	2.03987345598208237758e-004	0.00000000000000000000e+000	1.17579999313456937671e+001	1	1
5.80137625000000000000e+005	0.00000000000000000000e+000	5.80128000000000000000e+005	2.24209899900000011411e-004	0.00000000000000000000e+000	1.14227577210000006858e+002	0.00000000000000000000e+000	-9.20072163740175819448e-005	0.00000000000000000000e+000	2.04462102474450591614e-004	0.00000000000000000000e+000	1.19329999313922598958e+001	1	1
5.80138812500000000000e+005	0.00000000000000000000e+000	5.80130000000000000000e+005	2.24639108639999992775e-004	0.00000000000000000000e+000	1.14158645629999995208e+002	0.00000000000000000000e+000	-9.19368248899407727653e-005	0.00000000000000000000e+000	2.04964263616197472657e-004	0.00000000000000000000e+000	1.21079999313224107027e+001	1	1
5.80140750000000000000e+005	0.00000000000000000000e+000	5.80132000000000000000e+005	2.25085648710000000997e-004	0.00000000000000000000e+000	1.14089920039999995538e+002	0.00000000000000000000e+000	-9.18731708603746829436e-005	0.00000000000000000000e+000	2.05482042357141091822e-004	0.00000000000000000000e+000	1.22919999313307926059e+001	1	1
5.80143250000000000000e+005	0.00000000000000000000e+000	5.80134000000000000000e+005	2.25523472180000003617e-004	0.00000000000000000000e+000	1.14015480039999999917e+002	0.00000000000000000000e+000	-9.17843132766809781170e-005	0.00000000000000000000e+000	2.06001156162899514779e-004	0.00000000000000000000e+000	1.24679999313084408641e+001	1	1
5.80144625000000000000e+005	0.00000000000000000000e+000	5.80136000000000000000e+005	2.25994372160000006524e-004	0.00000000000000000000e+000	1.13938102720000003387e+002	0.00000000000000000000e+000	-9.16970947847492765621e-005	0.00000000000000000000e+000	2.06555317181691776426e-004	0.00000000000000000000e+000	1.26419999313075095415e+001	1	1
5.80146937500000000000e+005	0.00000000000000000000e+000	5.80138000000000000000e+005	2.26482414290000001831e-004	0.00000000000000000000e+000	1.13857612610000003883e+002	0.00000000000000000000e+000	-9.16042278909935507331e-005	0.00000000000000000000e+000	2.07130271604905968983e-004	0.00000000000000000000e+000	1.28189999313326552510e+001	1	1
5.80149750000000000000e+005	0.00000000000000000000e+000	5.80140000000000000000e+005	2.26967924389999994687e-004	0.00000000000000000000e+000	1.13772781370000004131e+002	0.00000000000000000000e+000	-9.14931679957482665291e-005	0.00000000000000000000e+000	2.07709987511449579089e-004	0.00000000000000000000e+000	1.29969999312888830900e+001	1	1
5.80152375000000000000e+005	0.00000000000000000000e+000	5.80142000000000000000e+005	2.27468524830000000435e-004	0.00000000000000000000e+000	1.13682952880000001983e+002	0.00000000000000000000e+000	-9.13684861940145020068e-005	0.00000000000000000000e+000	2.08311616380245378816e-004	0.00000000000000000000e+000	1.31739999313140287995e+001	1	1
5.80153937500000000000e+005	0.00000000000000000000e+000	5.80144000000000000000e+005	2.27982469370000006854e-004	0.00000000000000000000e+000	1.13589538570000001982e+002	0.00000000000000000000e+000	-9.12344074941507824717e-005	0.00000000000000000000e+000	2.08931302655284849333e-004	0.00000000000000000000e+000	1.33499999312916770577e+001	1	1
5.80155625000000000000e+005	0.00000000000000000000e+000	5.80146000000000000000e+005	2.28508084549999991716e-004	0.00000000000000000000e+000	1.13496299739999997769e+002	0.00000000000000000000e+000	-9.11038452212927478283e-005	0.00000000000000000000e+000	2.09561528173958218444e-004	0.00000000000000000000e+000	1.35259999313857406378e+001	1	1
5.80156812500000000000e+005	0.00000000000000000000e+000	5.80148000000000000000e+005	2.29066878090000008994e-004	0.00000000000000000000e+000	1.13390029909999995539e+002	0.00000000000000000000e+000	-9.09368371516615213055e-005	0.00000000000000000000e+000	2.10243017212822353411e-004	0.00000000000000000000e+000	1.37009999313158914447e+001	1	1
5.80159750000000000000e+005	0.00000000000000000000e+000	5.80150000000000000000e+005	2.29652927369999995460e-004	0.00000000000000000000e+000	1.13284599299999996447e+002	0.00000000000000000000e+000	-9.07814773246409236970e-005	0.00000000000000000000e+000	2.10948312210281011805e-004	0.00000000000000000000e+000	1.38759999313624575734e+001	1	1
5.80160875000000000000e+005	0.00000000000000000000e+000	5.80152000000000000000e+005	2.30209931029999993832e-004	0.00000000000000000000e+000	1.13170639039999997522e+002	0.00000000000000000000e+000	-9.05808903836041300756e-005	0.00000000000000000000e+000	2.11640531661945235833e-004	0.00000000000000000000e+000	1.40499999313615262508e+001	1	1
5.80162875000000000000e+005	0.00000000000000000000e+000	5.80154000000000000000e+005	2.30789199119999991058e-004	0.00000000000000000000e+000	1.13050743100000005370e+002	0.00000000000000000000e+000	-9.03646280838719576740e-005	0.00000000000000000000e+000	2.12362634240853450892e-004	0.00000000000000000000e+000	1.42269999313866719604e+001	1	1
5.80165000000000000000e+005	0.00000000000000000000e+000	5.80156000000000000000e+005	2.31404890660000012344e-004	0.00000000000000000000e+000	1.12927009580000003552e+002	0.00000000000000000000e+000	-9.01456560949295907783e-005	0.00000000000000000000e+000	2.13124339549900404826e-004	0.00000000000000000000e+000	1.44029999313643202186e+001	1	1
5.80167625000000000000e+005	0.00000000000000000000e+000	5.80158000000000000000e+005	2.32060934649999997797e-004	0.00000000000000000000e+000	1.12796844480000004296e+002	0.00000000000000000000e+000	-8.99154399230784570933e-005	0.00000000000000000000e+000	2.13933379943548871750e-004	0.00000000000000000000e+000	1.45749999313848093152e+001	1	1
5.80169187500000000000e+005	0.00000000000000000000e+000	5.80160000000000000000e+005	2.32714504820000006244e-004	0.00000000000000000000e+000	1.12656036380000003305e+002	0.00000000000000000000e+000	-8.96411676944494227766e-005	0.00000000000000000000e+000	2.14756843448569534165e-004	0.00000000000000000000e+000	1.47509999313624575734e+001	1	1
5.80170812500000000000e+005	0.00000000000000000000e+000	5.80162000000000000000e+005	2.33342070709999992130e-004	0.00000000000000000000e+000	1.12506118770000000495e+002	0.00000000000000000000e+000	-8.93191591672136463251e-005	0.00000000000000000000e+000	2.15570428790436342164e-004	0.00000000000000000000e+000	1.49289999313186854124e+001	1	1
5.80174750000000000000e+005	0.00000000000000000000e+000	5.80164000000000000000e+005	2.34045495739999994105e-004	0.00000000000000000000e+000	1.12354988099999999918e+002	0.00000000000000000000e+000	-8.90177764200662926869e-005	0.00000000000000000000e+000	2.16455837429738645388e-004	0.00000000000000000000e+000	1.51069999313913285732e+001	1	1
5.80175750000000000000e+005	0.00000000000000000000e+000	5.80166000000000000000e+005	2.34760518649999990956e-004	0.00000000000000000000e+000	1.12190040589999995291e+002	0.00000000000000000000e+000	-8.86643083599430385355e-005	0.00000000000000000000e+000	2.17373276968145094949e-004	0.00000000000000000000e+000	1.52809999313903972507e+001	1	1
5.80178000000000000000e+005	0.00000000000000000000e+000	5.80168000000000000000e+005	2.35486906599999989325e-004	0.00000000000000000000e+000	1.12017631530000002726e+002	0.00000000000000000000e+000	-8.82821256977949522749e-005	0.00000000000000000000e+000	2.18312504136423328038e-004	0.00000000000000000000e+000	1.54579999312991276383e+001	1	1
5.80178625000000000000e+005	0.00000000000000000000e+000	5.80170000000000000000e+005	2.36205290999999995179e-004	0.00000000000000000000e+000	1.11824439999999995621e+002	0.00000000000000000000e+000	-8.78125823113340859280e-005	0.00000000000000000000e+000	2.19275830597468845799e-004	0.00000000000000000000e+000	1.56309999313671141863e+001	1	1
5.80181000000000000000e+005	0.00000000000000000000e+000	5.80172000000000000000e+005	2.36971056439999990450e-004	0.00000000000000000000e+000	1.11632606510000002231e+002	0.00000000000000000000e+000	-8.73602305738341858776e-005	0.00000000000000000000e+000	2.20280438769256576041e-004	0.00000000000000000000e+000	1.58039999313186854124e+001	1	1
5.80183187500000000000e+005	0.00000000000000000000e+000	5.80174000000000000000e+005	2.37746513449999988905e-004	0.00000000000000000000e+000	1.11425926210000000083e+002	0.00000000000000000000e+000	-8.68483298471491119716e-005	0.00000000000000000000e+000	2.21316000913607263548e-004	0.00000000000000000000e+000	1.59759999313391745090e+001	1	1
5.80184750000000000000e+005	0.00000000000000000000e+000	5.80176000000000000000e+005	2.38547203479999998495e-004	0.00000000000000000000e+000	1.11203872680000003470e+002	0.00000000000000000000e+000	-8.62795548034477494679e-005	0.00000000000000000000e+000	2.22397407159003038029e-004	0.00000000000000000000e+000	1.61519999313168227673e+001	1	1
5.80187187500000000000e+005	0.00000000000000000000e+000	5.80178000000000000000e+005	2.39334578510000004978e-004	0.00000000000000000000e+000	1.10975143430000002809e+002	0.00000000000000000000e+000	-8.56728927891076868020e-005	0.00000000000000000000e+000	2.23475269127716718752e-004	0.00000000000000000000e+000	1.63289999313419684768e+001	1	1
5.80189875000000000000e+005	0.00000000000000000000e+000	5.80180000000000000000e+005	2.40158187810000001063e-004	0.00000000000000000000e+000	1.10733497619999994299e+002	0.00000000000000000000e+000	-8.50211988752211936726e-005	0.00000000000000000000e+000	2.24604877315705942593e-004	0.00000000000000000000e+000	1.65039999313885346055e+001	1	1
5.80190625000000000000e+005	0.00000000000000000000e+000	5.80182000000000000000e+005	2.41038767850000005405e-004	0.00000000000000000000e+000	1.10468582150000003139e+002	0.00000000000000000000e+000	-8.42897333615581317813e-005	0.00000000000000000000e+000	2.25820566947485164028e-004	0.00000000000000000000e+000	1.66789999313186854124e+001	1	1
5.80193062500000000000e+005	0.00000000000000000000e+000	5.80184000000000000000e+005	2.41872461630000004608e-004	0.00000000000000000000e+000	1.10182739260000005288e+002	0.00000000000000000000e+000	-8.34497301914724384482e-005	0.00000000000000000000e+000	2.27020770472497249431e-004	0.00000000000000000000e+000	1.68539999313652515411e+001	1	1
5.80195875000000000000e+005	0.00000000000000000000e+000	5.80186000000000000000e+005	2.42776528469999987184e-004	0.00000000000000000000e+000	1.09886169429999995373e+002	0.00000000000000000000e+000	-8.25810514369329609933e-005	0.00000000000000000000e+000	2.28299830747890269500e-004	0.00000000000000000000e+000	1.70309999313903972507e+001	1	1
5.80196812500000000000e+005	0.00000000000000000000e+000	5.80188000000000000000e+005	2.43648435569999999035e-004	0.00000000000000000000e+000	1.09565834050000006528e+002	0.00000000000000000000e+000	-8.15953570267403190293e-005	0.00000000000000000000e+000	2.29579524059501488250e-004	0.00000000000000000000e+000	1.72089999313466250896e+001	1	1
5.80199937500000000000e+005	0.00000000000000000000e+000	5.80190000000000000000e+005	2.44552589719999977514e-004	0.00000000000000000000e+000	1.09229560849999998595e+002	0.00000000000000000000e+000	-8.05443267472102415608e-005	0.00000000000000000000e+000	2.30908164791973678862e-004	0.00000000000000000000e+000	1.73869999313028529286e+001	1	1
5.80201187500000000000e+005	0.00000000000000000000e+000	5.80192000000000000000e+005	2.45437637200000000667e-004	0.00000000000000000000e+000	1.08871757509999994795e+002	0.00000000000000000000e+000	-7.93870490915530246066e-005	0.00000000000000000000e+000	2.32244117666851083385e-004	0.00000000000000000000e+000	1.75659999313065782189e+001	1	1
5.80203187500000000000e+005	0.00000000000000000000e+000	5.80194000000000000000e+005	2.46352574320000006908e-004	0.00000000000000000000e+000	1.08485603330000003552e+002	0.00000000000000000000e+000	-7.81101069076982931598e-005	0.00000000000000000000e+000	2.33641610320077768980e-004	0.00000000000000000000e+000	1.77429999313317239285e+001	1	1
5.80205812500000000000e+005	0.00000000000000000000e+000	5.80196000000000000000e+005	2.47282820059999976746e-004	0.00000000000000000000e+000	1.08071899410000000330e+002	0.00000000000000000000e+000	-7.67096489453354571202e-005	0.00000000000000000000e+000	2.35083863451981164416e-004	0.00000000000000000000e+000	1.79189999313093721867e+001	1	1
5.80206312500000000000e+005	0.00000000000000000000e+000	5.80198000000000000000e+005	2.48141353950000014255e-004	0.00000000000000000000e+000	1.07629455570000004627e+002	0.00000000000000000000e+000	-7.51520538291597996498e-005	0.00000000000000000000e+000	2.36487421114524071393e-004	0.00000000000000000000e+000	1.80949999312870204449e+001	1	1
5.80210062500000000000e+005	0.00000000000000000000e+000	5.80200000000000000000e+005	2.49018659820000008709e-004	0.00000000000000000000e+000	1.07152160640000005287e+002	0.00000000000000000000e+000	-7.34381683603094962808e-005	0.00000000000000000000e+000	2.37943540291455952074e-004	0.00000000000000000000e+000	1.82689999312860891223e+001	1	1
5.80211687500000000000e+005	0.00000000000000000000e+000	5.80202000000000000000e+005	2.49859207540000004613e-004	0.00000000000000000000e+000	1.06636764529999993556e+002	0.00000000000000000000e+000	-7.15354900192073520429e-005	0.00000000000000000000e+000	2.39399868964518616494e-004	0.00000000000000000000e+000	1.84449999313801527023e+001	1	1
5.80213250000000000000e+005	0.00000000000000000000e+000	5.80204000000000000000e+005	2.50649900410000010201e-004	0.00000000000000000000e+000	1.06099823000000000661e+002	0.00000000000000000000e+000	-6.95081386785388258406e-005	0.00000000000000000000e+000	2.40819416229231663285e-004	0.00000000000000000000e+000	1.86199999313103035092e+001	1	1
5.80216187500000000000e+005	0.00000000000000000000e+000	5.80206000000000000000e+005	2.51415214730000007200e-004	0.00000000000000000000e+000	1.05507545469999996612e+002	0.00000000000000000000e+000	-6.72196910265454144464e-005	0.00000000000000000000e+000	2.42262509142516266163e-004	0.00000000000000000000e+000	1.87939999313093721867e+001	1	1
5.80217000000000000000e+005	0.00000000000000000000e+000	5.80208000000000000000e+005	2.52048805120000016765e-004	0.00000000000000000000e+000	1.04879417419999995786e+002	0.00000000000000000000e+000	-6.47225014974849998002e-005	0.00000000000000000000e+000	2.43597204340131558891e-004	0.00000000000000000000e+000	1.89719999313820153475e+001	1	1
5.80220250000000000000e+005	0.00000000000000000000e+000	5.80210000000000000000e+005	2.52580561209999991668e-004	0.00000000000000000000e+000	1.04207572940000005701e+002	0.00000000000000000000e+000	-6.19922332759465047900e-005	0.00000000000000000000e+000	2.44854860916868851805e-004	0.00000000000000000000e+000	1.91479999313596636057e+001	1	1
5.80220937500000000000e+005	0.00000000000000000000e+000	5.80212000000000000000e+005	2.53019767109999977033e-004	0.00000000000000000000e+000	1.03494010930000001736e+002	0.00000000000000000000e+000	-5.90405665489135609799e-005	0.00000000000000000000e+000	2.46034985418704110760e-004	0.00000000000000000000e+000	1.93239999313373118639e+001	1	1
5.80221937500000000000e+005	0.00000000000000000000e+000	5.80214000000000000000e+005	2.53311562120000003089e-004	0.00000000000000000000e+000	1.02729881289999994465e+002	0.00000000000000000000e+000	-5.58184470050173041030e-005	0.00000000000000000000e+000	2.47085103714535356170e-004	0.00000000000000000000e+000	1.95009999313624575734e+001	1	1
5.80224937500000000000e+005	0.00000000000000000000e+000	5.80216000000000000000e+005	2.53418751530000007244e-004	0.00000000000000000000e+000	1.01919708249999999339e+002	0.00000000000000000000e+000	-5.23412926713507495519e-005	0.00000000000000000000e+000	2.47954537584041563841e-004	0.00000000000000000000e+000	1.96799999313661828637e+001	1	1
5.80227312500000000000e+005	0.00000000000000000000e+000	5.80218000000000000000e+005	2.53354141019999999206e-004	0.00000000000000000000e+000	1.01081092830000002891e+002	0.00000000000000000000e+000	-4.86941864125667165557e-005	0.00000000000000000000e+000	2.48630643689791907755e-004	0.00000000000000000000e+000	1.98579999313224107027e+001	1	1
5.80228812500000000000e+005	0.00000000000000000000e+000	5.80220000000000000000e+005	2.53015343329999998438e-004	0.00000000000000000000e+000	1.00169982910000001652e+002	0.00000000000000000000e+000	-4.46746837432774297565e-005	0.00000000000000000000e+000	2.49040030101258848001e-004	0.00000000000000000000e+000	2.00349999313475564122e+001	1	1
5.80231187500000000000e+005	0.00000000000000000000e+000	5.80222000000000000000e+005	2.52420926699999993194e-004	0.00000000000000000000e+000	9.92511749269999938861e+001	0.00000000000000000000e+000	-4.05798889202185739697e-005	0.00000000000000000000e+000	2.49137706602813339615e-004	0.00000000000000000000e+000	2.02149999312823638320e+001	1	1
5.80233375000000000000e+005	0.00000000000000000000e+000	5.80224000000000000000e+005	2.51470308289999976755e-004	0.00000000000000000000e+000	9.82711715700000070228e+001	0.00000000000000000000e+000	-3.61760842323278935845e-005	0.00000000000000000000e+000	2.48854589833266172383e-004	0.00000000000000000000e+000	2.03889999312814325094e+001	1	1
5.80235750000000000000e+005	0.00000000000000000000e+000	5.80226000000000000000e+005	2.50196782870000002108e-004	0.00000000000000000000e+000	9.72507705689999966125e+001	0.00000000000000000000e+000	-3.15779068758877728344e-005	0.00000000000000000000e+000	2.48196023247423686996e-004	0.00000000000000000000e+000	2.05639999313279986382e+001	1	1
5.80236250000000000000e+005	0.00000000000000000000e+000	5.80228000000000000000e+005	2.48556054429999986801e-004	0.00000000000000000000e+000	9.62282257079999965299e+001	0.00000000000000000000e+000	-2.69656137512949176202e-005	0.00000000000000000000e+000	2.47088987753046364360e-004	0.00000000000000000000e+000	2.07419999312842264771e+001	1	1
5.80239437500000000000e+005	0.00000000000000000000e+000	5.80230000000000000000e+005	2.46490933929999992552e-004	0.00000000000000000000e+000	9.51746597289999982650e+001	0.00000000000000000000e+000	-2.22315330339558829911e-005	0.00000000000000000000e+000	2.45486332508846087034e-004	0.00000000000000000000e+000	2.09099999313475564122e+001	1	1
5.80240812500000000000e+005	0.00000000000000000000e+000	5.80232000000000000000e+005	2.43964226679999990300e-004	0.00000000000000000000e+000	9.41179504389999976866e+001	0.00000000000000000000e+000	-1.75190480254242266444e-005	0.00000000000000000000e+000	2.43334393080495912627e-004	0.00000000000000000000e+000	2.10879999313037842512e+001	1	1
5.80242687500000000000e+005	0.00000000000000000000e+000	5.80234000000000000000e+005	2.41016212389999994175e-004	0.00000000000000000000e+000	9.30801315310000063619e+001	0.00000000000000000000e+000	-1.29504082853288122714e-005	0.00000000000000000000e+000	2.40668031861451987580e-004	0.00000000000000000000e+000	2.12689999312860891223e+001	1	1
5.80245375000000000000e+005	0.00000000000000000000e+000	5.80236000000000000000e+005	2.37602813289999995104e-004	0.00000000000000000000e+000	9.20683898930000026439e+001	0.00000000000000000000e+000	-8.57564291133846845472e-006	0.00000000000000000000e+000	2.37448005323228207401e-004	0.00000000000000000000e+000	2.14469999313587322831e+001	1	1
5.80247312500000000000e+005	0.00000000000000000000e+000	5.80238000000000000000e+005	2.33772661889999986556e-004	0.00000000000000000000e+000	9.11413040160000065271e+001	0.00000000000000000000e+000	-4.65632325658196274791e-006	0.00000000000000000000e+000	2.33726284574214011056e-004	0.00000000000000000000e+000	2.16239999313838779926e+001	1	1
5.80249437500000000000e+005	0.00000000000000000000e+000	5.80240000000000000000e+005	2.29550903900000010868e-004	0.00000000000000000000e+000	9.02452163699999942992e+001	0.00000000000000000000e+000	-9.82430375309609044934e-007	0.00000000000000000000e+000	2.29548801591000924648e-004	0.00000000000000000000e+000	2.18009999312926083803e+001	1	1
5.80250187500000000000e+005	0.00000000000000000000e+000	5.80242000000000000000e+005	2.24984731179999995895e-004	0.00000000000000000000e+000	8.94139175419999929773e+001	0.00000000000000000000e+000	2.30135010005825843917e-006	0.00000000000000000000e+000	2.24972960712735019261e-004	0.00000000000000000000e+000	2.19789999313652515411e+001	1	1
5.80253812500000000000e+005	0.00000000000000000000e+000	5.80244000000000000000e+005	2.20129921220000001605e-004	0.00000000000000000000e+000	8.86922988889999999174e+001	0.00000000000000000000e+000	5.02374670857465710770e-006	0.00000000000000000000e+000	2.20072588446020456655e-004	0.00000000000000000000e+000	2.21579999313689768314e+001	1	1
5.80256375000000000000e+005	0.00000000000000000000e+000	5.80246000000000000000e+005	2.15039894099999996007e-004	0.00000000000000000000e+000	8.80777816770000043789e+001	0.00000000000000000000e+000	7.21303409302046105467e-006	0.00000000000000000000e+000	2.14918887475512815181e-004	0.00000000000000000000e+000	2.23379999313037842512e+001	1	1
5.80256312500000000000e+005	0.00000000000000000000e+000	5.80248000000000000000e+005	2.09830250239999988038e-004	0.00000000000000000000e+000	8.76049194339999957037e+001	0.00000000000000000000e+000	8.76878404718150651219e-006	0.00000000000000000000e+000	2.09646946894332113394e-004	0.00000000000000000000e+000	2.25149999313289299607e+001	1	1
5.80258437500000000000e+005	0.00000000000000000000e+000	5.80250000000000000000e+005	2.04520605620000004527e-004	0.00000000000000000000e+000	8.72626953120000052877e+001	0.00000000000000000000e+000	9.76725650387808595548e-006	0.00000000000000000000e+000	2.04287245866106463360e-004	0.00000000000000000000e+000	2.26889999313279986382e+001	1	1
5.80260062500000000000e+005	0.00000000000000000000e+000	5.80252000000000000000e+005	1.99256071939999995692e-004	0.00000000000000000000e+000	8.70689926149999990912e+001	0.00000000000000000000e+000	1.01886496806189879211e-005	0.00000000000000000000e+000	1.98995411059260565289e-004	0.00000000000000000000e+000	2.28669999312842264771e+001	1	1
5.80262750000000000000e+005	0.00000000000000000000e+000	5.80254000000000000000e+005	1.94075153559999989770e-004	0.00000000000000000000e+000	8.70273590089999942165e+001	0.00000000000000000000e+000	1.00645678004208629703e-005	0.00000000000000000000e+000	1.93814008018843426896e-004	0.00000000000000000000e+000	2.30429999313782900572e+001	1	1
5.80264937500000000000e+005	0.00000000000000000000e+000	5.80256000000000000000e+005	1.89070764459999999347e-004	0.00000000000000000000e+000	8.71326141360000008262e+001	0.00000000000000000000e+000	9.45816341128960974593e-006	0.00000000000000000000e+000	1.88834046502144692987e-004	0.00000000000000000000e+000	2.32179999313084408641e+001	1	1
5.80267250000000000000e+005	0.00000000000000000000e+000	5.80258000000000000000e+005	1.84313103089999992101e-004	0.00000000000000000000e+000	8.73889541629999939687e+001	0.00000000000000000000e+000	8.39649419079691769995e-006	0.00000000000000000000e+000	1.84121750089360396510e-004	0.00000000000000000000e+000	2.33969999313121661544e+001	1	1
5.80269125000000000000e+005	0.00000000000000000000e+000	5.80260000000000000000e+005	1.79802314960000013270e-004	0.00000000000000000000e+000	8.77730636600000053704e+001	0.00000000000000000000e+000	6.98668863422195441325e-006	0.00000000000000000000e+000	1.79666520662318933985e-004	0.00000000000000000000e+000	2.35709999313112348318e+001	1	1
5.80270875000000000000e+005	0.00000000000000000000e+000	5.80262000000000000000e+005	1.75595181640000012760e-004	0.00000000000000000000e+000	8.82850723269999946297e+001	0.00000000000000000000e+000	5.25498286821543921432e-006	0.00000000000000000000e+000	1.75516531900101537293e-004	0.00000000000000000000e+000	2.37459999313578009605e+001	1	1
5.80273375000000000000e+005	0.00000000000000000000e+000	5.80264000000000000000e+005	1.71771927849999990132e-004	0.00000000000000000000e+000	8.89119415279999998347e+001	0.00000000000000000000e+000	3.26179223295199434218e-006	0.00000000000000000000e+000	1.71740955828057089740e-004	0.00000000000000000000e+000	2.39209999312879517674e+001	1	1
5.80275187500000000000e+005	0.00000000000000000000e+000	5.80266000000000000000e+005	1.68336686329999989705e-004	0.00000000000000000000e+000	8.96375961300000057008e+001	0.00000000000000000000e+000	1.06475062766651783822e-006	0.00000000000000000000e+000	1.68333318955772061332e-004	0.00000000000000000000e+000	2.40949999312870204449e+001	1	1
5.80277125000000000000e+005	0.00000000000000000000e+000	5.80268000000000000000e+005	1.65194549480000011299e-004	0.00000000000000000000e+000	9.04479064939999943817e+001	0.00000000000000000000e+000	-1.29138138296528430282e-006	0.00000000000000000000e+000	1.65189501821465343102e-004	0.00000000000000000000e+000	2.42689999312860891223e+001	1	1
5.80278562500000000000e+005	0.00000000000000000000e+000	5.80270000000000000000e+005	1.62407726749999988198e-004	0.00000000000000000000e+000	9.13197250369999977693e+001	0.00000000000000000000e+000	-3.74049084165763101879e-006	0.00000000000000000000e+000	1.62364646510150528865e-004	0.00000000000000000000e+000	2.44429999312851577997e+001	1	1
5.80281000000000000000e+005	0.00000000000000000000e+000	5.80272000000000000000e+005	1.60007155499999989849e-004	0.00000000000000000000e+000	9.22448806759999939686e+001	0.00000000000000000000e+000	-6.26756156231696061868e-006	0.00000000000000000000e+000	1.59884356593331986669e-004	0.00000000000000000000e+000	2.46179999313317239285e+001	1	1
5.80282562500000000000e+005	0.00000000000000000000e+000	5.80274000000000000000e+005	1.57955742909999998641e-004	0.00000000000000000000e+000	9.31869888309999936382e+001	0.00000000000000000000e+000	-8.78150880604628069563e-006	0.00000000000000000000e+000	1.57711451142075758823e-004	0.00000000000000000000e+000	2.47929999313782900572e+001	1	1
5.80285062500000000000e+005	0.00000000000000000000e+000	5.80276000000000000000e+005	1.56200214410000010491e-004	0.00000000000000000000e+000	9.41654586789999967777e+001	0.00000000000000000000e+000	-1.13459017140214326295e-005	0.00000000000000000000e+000	1.55787603794479534002e-004	0.00000000000000000000e+000	2.49679999313084408641e+001	1	1
5.80287000000000000000e+005	0.00000000000000000000e+000	5.80278000000000000000e+005	1.54710476639999998730e-004	0.00000000000000000000e+000	9.51387481689999958689e+001	0.00000000000000000000e+000	-1.38570853906661782914e-005	0.00000000000000000000e+000	1.54088652296824796294e-004	0.00000000000000000000e+000	2.51439999312860891223e+001	1	1
5.80289375000000000000e+005	0.00000000000000000000e+000	5.80280000000000000000e+005	1.53523011250000009651e-004	0.00000000000000000000e+000	9.61106109619999955385e+001	0.00000000000000000000e+000	-1.63422464703558641716e-005	0.00000000000000000000e+000	1.52650731945738716514e-004	0.00000000000000000000e+000	2.53179999312851577997e+001	1	1
5.80290625000000000000e+005	0.00000000000000000000e+000	5.80282000000000000000e+005	1.52538836120000000302e-004	0.00000000000000000000e+000	9.70688781740000052878e+001	0.00000000000000000000e+000	-1.87717978052375977977e-005	0.00000000000000000000e+000	1.51379378159653861513e-004	0.00000000000000000000e+000	2.54949999313103035092e+001	1	1
5.80292250000000000000e+005	0.00000000000000000000e+000	5.80284000000000000000e+005	1.51775646369999993486e-004	0.00000000000000000000e+000	9.79902038569999973561e+001	0.00000000000000000000e+000	-2.10973853705837732970e-005	0.00000000000000000000e+000	1.50302186150289815479e-004	0.00000000000000000000e+000	2.56709999312879517674e+001	1	1
5.80294937500000000000e+005	0.00000000000000000000e+000	5.80286000000000000000e+005	1.51220854600000011517e-004	0.00000000000000000000e+000	9.88931503299999974388e+001	0.00000000000000000000e+000	-2.33775715850387773363e-005	0.00000000000000000000e+000	1.49402931740781890358e-004	0.00000000000000000000e+000	2.58449999312870204449e+001	1	1
5.80296875000000000000e+005	0.00000000000000000000e+000	5.80288000000000000000e+005	1.50815074450000010048e-004	0.00000000000000000000e+000	9.97729263309999936382e+001	0.00000000000000000000e+000	-2.55999270574952234221e-005	0.00000000000000000000e+000	1.48626479525049533725e-004	0.00000000000000000000e+000	2.60199999313335865736e+001	1	1
5.80298687500000000000e+005	0.00000000000000000000e+000	5.80290000000000000000e+005	1.50608873809999989270e-004	0.00000000000000000000e+000	1.00593406680000001074e+002	0.00000000000000000000e+000	-2.76876655501242908779e-005	0.00000000000000000000e+000	1.48041973935438198788e-004	0.00000000000000000000e+000	2.61999999313848093152e+001	1	1
5.80301375000000000000e+005	0.00000000000000000000e+000	5.80292000000000000000e+005	1.50489664519999995955e-004	0.00000000000000000000e+000	1.01399116520000006858e+002	0.00000000000000000000e+000	-2.97431076715440537834e-005	0.00000000000000000000e+000	1.47521139750820412268e-004	0.00000000000000000000e+000	2.63749999313149601221e+001	1	1
5.80303750000000000000e+005	0.00000000000000000000e+000	5.80294000000000000000e+005	1.50487889189999989384e-004	0.00000000000000000000e+000	1.02173538210000003801e+002	0.00000000000000000000e+000	-3.17338821979764977577e-005	0.00000000000000000000e+000	1.47103927593748032504e-004	0.00000000000000000000e+000	2.65479999313829466701e+001	1	1
5.80305187500000000000e+005	0.00000000000000000000e+000	5.80296000000000000000e+005	1.50584673970000001162e-004	0.00000000000000000000e+000	1.02889312739999994051e+002	0.00000000000000000000e+000	-3.35906615264433062226e-005	0.00000000000000000000e+000	1.46790365803982911837e-004	0.00000000000000000000e+000	2.67239999313605949283e+001	1	1
5.80306250000000000000e+005	0.00000000000000000000e+000	5.80298000000000000000e+005	1.50757434309999998603e-004	0.00000000000000000000e+000	1.03559288019999996777e+002	0.00000000000000000000e+000	-3.53452898865379863637e-005	0.00000000000000000000e+000	1.46555499666749309944e-004	0.00000000000000000000e+000	2.69009999313857406378e+001	1	1
5.80308937500000000000e+005	0.00000000000000000000e+000	5.80300000000000000000e+005	1.51016502060000011197e-004	0.00000000000000000000e+000	1.04218605039999999917e+002	0.00000000000000000000e+000	-3.70929964696686641354e-005	0.00000000000000000000e+000	1.46390209738695066142e-004	0.00000000000000000000e+000	2.70779999312944710255e+001	1	1
5.80312687500000000000e+005	0.00000000000000000000e+000	5.80302000000000000000e+005	1.51338099389999994121e-004	0.00000000000000000000e+000	1.04821403500000002396e+002	0.00000000000000000000e+000	-3.87133267236080752592e-005	0.00000000000000000000e+000	1.46302763681923291656e-004	0.00000000000000000000e+000	2.72579999313456937671e+001	1	1
5.80313937500000000000e+005	0.00000000000000000000e+000	5.80304000000000000000e+005	1.51700689459999997835e-004	0.00000000000000000000e+000	1.05393371579999993060e+002	0.00000000000000000000e+000	-4.02681214648197371530e-005	0.00000000000000000000e+000	1.46258598298814132153e-004	0.00000000000000000000e+000	2.74319999313447624445e+001	1	1
5.80315500000000000000e+005	0.00000000000000000000e+000	5.80306000000000000000e+005	1.52121807329999987569e-004	0.00000000000000000000e+000	1.05933601379999998926e+002	0.00000000000000000000e+000	-4.17609590929127752956e-005	0.00000000000000000000e+000	1.46277361751522260716e-004	0.00000000000000000000e+000	2.76099999313009902835e+001	1	1
5.80317875000000000000e+005	0.00000000000000000000e+000	5.80308000000000000000e+005	1.52527441969999998008e-004	0.00000000000000000000e+000	1.06448463439999997604e+002	0.00000000000000000000e+000	-4.31885658352681672356e-005	0.00000000000000000000e+000	1.46285229380838121584e-004	0.00000000000000000000e+000	2.77879999313736334443e+001	1	1
5.80319750000000000000e+005	0.00000000000000000000e+000	5.80310000000000000000e+005	1.52982727740000009394e-004	0.00000000000000000000e+000	1.06928947449999995456e+002	0.00000000000000000000e+000	-4.45463574736778257176e-005	0.00000000000000000000e+000	1.46353466042312352824e-004	0.00000000000000000000e+000	2.79629999313037842512e+001	1	1
5.80321937500000000000e+005	0.00000000000000000000e+000	5.80312000000000000000e+005	1.53482178579999995437e-004	0.00000000000000000000e+000	1.07379638670000005618e+002	0.00000000000000000000e+000	-4.58453772768632866730e-005	0.00000000000000000000e+000	1.46475187400477754440e-004	0.00000000000000000000e+000	2.81379999313503503799e+001	1	1
5.80324000000000000000e+005	0.00000000000000000000e+000	5.80314000000000000000e+005	1.53968037919999999009e-004	0.00000000000000000000e+000	1.07813613889999999174e+002	0.00000000000000000000e+000	-4.71021328932129515260e-005	0.00000000000000000000e+000	1.46586308289160024282e-004	0.00000000000000000000e+000	2.83129999312805011868e+001	1	1
5.80325562500000000000e+005	0.00000000000000000000e+000	5.80316000000000000000e+005	1.54489593110000001221e-004	0.00000000000000000000e+000	1.08217674259999995456e+002	0.00000000000000000000e+000	-4.82977593446354307649e-005	0.00000000000000000000e+000	1.46745905638218896187e-004	0.00000000000000000000e+000	2.84889999313745647669e+001	1	1
5.80327125000000000000e+005	0.00000000000000000000e+000	5.80318000000000000000e+005	1.55009212899999990285e-004	0.00000000000000000000e+000	1.08587234499999993886e+002	0.00000000000000000000e+000	-4.94088933241716262899e-005	0.00000000000000000000e+000	1.46923848793714055105e-004	0.00000000000000000000e+000	2.86679999313782900572e+001	1	1
5.80328812500000000000e+005	0.00000000000000000000e+000	5.80320000000000000000e+005	1.55538597029999996419e-004	0.00000000000000000000e+000	1.08943153379999998265e+002	0.00000000000000000000e+000	-5.04924725633201914861e-005	0.00000000000000000000e+000	1.47114803403678844626e-004	0.00000000000000000000e+000	2.88429999313084408641e+001	1	1
5.80331562500000000000e+005	0.00000000000000000000e+000	5.80322000000000000000e+005	1.56075024280000006606e-004	0.00000000000000000000e+000	1.09269599909999996612e+002	0.00000000000000000000e+000	-5.15068731451729828487e-005	0.00000000000000000000e+000	1.47331107451242784671e-004	0.00000000000000000000e+000	2.90189999312860891223e+001	1	1
5.80333812500000000000e+005	0.00000000000000000000e+000	5.80324000000000000000e+005	1.56601381599999998906e-004	0.00000000000000000000e+000	1.09589332580000004214e+002	0.00000000000000000000e+000	-5.25047066527607793492e-005	0.00000000000000000000e+000	1.47537278334447931154e-004	0.00000000000000000000e+000	2.91949999313801527023e+001	1	1
5.80334500000000000000e+005	0.00000000000000000000e+000	5.80326000000000000000e+005	1.57118949570000005249e-004	0.00000000000000000000e+000	1.09876670840000002727e+002	0.00000000000000000000e+000	-5.34199139149069327881e-005	0.00000000000000000000e+000	1.47758847827479151841e-004	0.00000000000000000000e+000	2.93709999313578009605e+001	1	1
5.80337875000000000000e+005	0.00000000000000000000e+000	5.80328000000000000000e+005	1.57631700860000009169e-004	0.00000000000000000000e+000	1.10159568789999994465e+002	0.00000000000000000000e+000	-5.43255316557149554608e-005	0.00000000000000000000e+000	1.47974625278594434886e-004	0.00000000000000000000e+000	2.95449999313568696380e+001	1	1
5.80339937500000000000e+005	0.00000000000000000000e+000	5.80330000000000000000e+005	1.58194641700000005000e-004	0.00000000000000000000e+000	1.10432907099999994216e+002	0.00000000000000000000e+000	-5.52273748587427590058e-005	0.00000000000000000000e+000	1.48241295625757698402e-004	0.00000000000000000000e+000	2.97189999313559383154e+001	1	1
5.80341687500000000000e+005	0.00000000000000000000e+000	5.80332000000000000000e+005	1.58726237709999997219e-004	0.00000000000000000000e+000	1.10678558350000002974e+002	0.00000000000000000000e+000	-5.60501581574926637029e-005	0.00000000000000000000e+000	1.48500499353003802619e-004	0.00000000000000000000e+000	2.98949999313335865736e+001	1	1
5.80342375000000000000e+005	0.00000000000000000000e+000	5.80334000000000000000e+005	1.59236209579999992998e-004	0.00000000000000000000e+000	1.10903343199999994795e+002	0.00000000000000000000e+000	-5.68142818918851888639e-005	0.00000000000000000000e+000	1.48755866487729096308e-004	0.00000000000000000000e+000	3.00729999312898144126e+001	1	1
5.80345437500000000000e+005	0.00000000000000000000e+000	5.80336000000000000000e+005	1.59730072479999992297e-004	0.00000000000000000000e+000	1.11128868100000005370e+002	0.00000000000000000000e+000	-5.75773871354793757111e-005	0.00000000000000000000e+000	1.48991746567107488783e-004	0.00000000000000000000e+000	3.02479999313363805413e+001	1	1
5.80347625000000000000e+005	0.00000000000000000000e+000	5.80338000000000000000e+005	1.60223673450000003889e-004	0.00000000000000000000e+000	1.11338569640000002892e+002	0.00000000000000000000e+000	-5.83019181117194317671e-005	0.00000000000000000000e+000	1.49239779811907388469e-004	0.00000000000000000000e+000	3.04229999313829466701e+001	1	1
5.80349250000000000000e+005	0.00000000000000000000e+000	5.80340000000000000000e+005	1.60747920749999991235e-004	0.00000000000000000000e+000	1.11539825440000001322e+002	0.00000000000000000000e+000	-5.90182497326826295222e-005	0.00000000000000000000e+000	1.49521704858990246625e-004	0.00000000000000000000e+000	3.05969999313820153475e+001	1	1
5.80351750000000000000e+005	0.00000000000000000000e+000	5.80342000000000000000e+005	1.61214979019999989302e-004	0.00000000000000000000e+000	1.11727874760000005949e+002	0.00000000000000000000e+000	-5.96815775053033170704e-005	0.00000000000000000000e+000	1.49761072268121491445e-004	0.00000000000000000000e+000	3.07719999313121661544e+001	1	1
5.80352812500000000000e+005	0.00000000000000000000e+000	5.80344000000000000000e+005	1.61714822749999995958e-004	0.00000000000000000000e+000	1.11897758479999993142e+002	0.00000000000000000000e+000	-6.03117780610372490103e-005	0.00000000000000000000e+000	1.50047236976160613562e-004	0.00000000000000000000e+000	3.09489999313373118639e+001	1	1
5.80355500000000000000e+005	0.00000000000000000000e+000	5.80346000000000000000e+005	1.62166688820000000001e-004	0.00000000000000000000e+000	1.12072555539999996199e+002	0.00000000000000000000e+000	-6.09390608226585827755e-005	0.00000000000000000000e+000	1.50281289017944715350e-004	0.00000000000000000000e+000	3.11249999313149601221e+001	1	1
5.80357000000000000000e+005	0.00000000000000000000e+000	5.80348000000000000000e+005	1.62634707519999986529e-004	0.00000000000000000000e+000	1.12223945619999994960e+002	0.00000000000000000000e+000	-6.15129467938886409029e-005	0.00000000000000000000e+000	1.50552998863683095473e-004	0.00000000000000000000e+000	3.12989999313140287995e+001	1	1
5.80359187500000000000e+005	0.00000000000000000000e+000	5.80350000000000000000e+005	1.63116070330000004045e-004	0.00000000000000000000e+000	1.12380714420000003884e+002	0.00000000000000000000e+000	-6.21079321357623828073e-005	0.00000000000000000000e+000	1.50829231801136745507e-004	0.00000000000000000000e+000	3.14729999313130974770e+001	1	1
5.80360187500000000000e+005	0.00000000000000000000e+000	5.80352000000000000000e+005	1.63547330889999995235e-004	0.00000000000000000000e+000	1.12526206970000004048e+002	0.00000000000000000000e+000	-6.26559542530842004384e-005	0.00000000000000000000e+000	1.51069390803956592065e-004	0.00000000000000000000e+000	3.16519999313168227673e+001	1	1
5.80363562500000000000e+005	0.00000000000000000000e+000	5.80354000000000000000e+005	1.63945907840000009966e-004	0.00000000000000000000e+000	1.12661819460000003801e+002	0.00000000000000000000e+000	-6.31669103812644718672e-005	0.00000000000000000000e+000	1.51288473223729373271e-004	0.00000000000000000000e+000	3.18279999312944710255e+001	1	1
5.80365562500000000000e+005	0.00000000000000000000e+000	5.80356000000000000000e+005	1.64391574800000001737e-004	0.00000000000000000000e+000	1.12793968199999994795e+002	0.00000000000000000000e+000	-6.36883380474804610153e-005	0.00000000000000000000e+000	1.51553242993918976323e-004	0.00000000000000000000e+000	3.20029999313410371542e+001	1	1
5.80367750000000000000e+005	0.00000000000000000000e+000	5.80358000000000000000e+005	1.64812532600000012000e-004	0.00000000000000000000e+000	1.12914237979999995787e+002	0.00000000000000000000e+000	-6.41702245684632756849e-005	0.00000000000000000000e+000	1.51806960251692874778e-004	0.00000000000000000000e+000	3.21769999313401058316e+001	1	1
5.80368812500000000000e+005	0.00000000000000000000e+000	5.80360000000000000000e+005	1.65215460579999997865e-004	0.00000000000000000000e+000	1.13036567689999998265e+002	0.00000000000000000000e+000	-6.46518676276714647326e-005	0.00000000000000000000e+000	1.52040403929072686154e-004	0.00000000000000000000e+000	3.23529999313177540898e+001	1	1
5.80370750000000000000e+005	0.00000000000000000000e+000	5.80362000000000000000e+005	1.65619741889999996017e-004	0.00000000000000000000e+000	1.13149795530000005783e+002	0.00000000000000000000e+000	-6.51111408967227224109e-005	0.00000000000000000000e+000	1.52284070850622278888e-004	0.00000000000000000000e+000	3.25309999313903972507e+001	1	1
5.80373062500000000000e+005	0.00000000000000000000e+000	5.80364000000000000000e+005	1.66021403859999995816e-004	0.00000000000000000000e+000	1.13253829960000004462e+002	0.00000000000000000000e+000	-6.55461204452041564525e-005	0.00000000000000000000e+000	1.52534627656240770162e-004	0.00000000000000000000e+000	3.27069999313680455089e+001	1	1
5.80374250000000000000e+005	0.00000000000000000000e+000	5.80366000000000000000e+005	1.66390818780000001881e-004	0.00000000000000000000e+000	1.13357017519999999422e+002	0.00000000000000000000e+000	-6.59671811302407166012e-005	0.00000000000000000000e+000	1.52755476458321496919e-004	0.00000000000000000000e+000	3.28849999313242733479e+001	1	1
5.80377187500000000000e+005	0.00000000000000000000e+000	5.80368000000000000000e+005	1.66755664400000008004e-004	0.00000000000000000000e+000	1.13457054139999996778e+002	0.00000000000000000000e+000	-6.63790176881827556936e-005	0.00000000000000000000e+000	1.52974761383168538029e-004	0.00000000000000000000e+000	3.30609999313019216061e+001	1	1
5.80379187500000000000e+005	0.00000000000000000000e+000	5.80370000000000000000e+005	1.67124206199999994406e-004	0.00000000000000000000e+000	1.13546005249999993225e+002	0.00000000000000000000e+000	-6.67636563579929783602e-005	0.00000000000000000000e+000	1.53209381200016393591e-004	0.00000000000000000000e+000	3.32359999313484877348e+001	1	1
5.80381875000000000000e+005	0.00000000000000000000e+000	5.80372000000000000000e+005	1.67497128130000003717e-004	0.00000000000000000000e+000	1.13633232120000002396e+002	0.00000000000000000000e+000	-6.71463213612363384996e-005	0.00000000000000000000e+000	1.53449208076976439680e-004	0.00000000000000000000e+000	3.34149999313522130251e+001	1	1
5.80382875000000000000e+005	0.00000000000000000000e+000	5.80374000000000000000e+005	1.67842983499999996982e-004	0.00000000000000000000e+000	1.13716918949999993060e+002	0.00000000000000000000e+000	-6.75094885073419391681e-005	0.00000000000000000000e+000	1.53667615559226845628e-004	0.00000000000000000000e+000	3.35919999313773587346e+001	1	1
5.80385312500000000000e+005	0.00000000000000000000e+000	5.80376000000000000000e+005	1.68184138600000008396e-004	0.00000000000000000000e+000	1.13800537109999993390e+002	0.00000000000000000000e+000	-6.78713553756028477272e-005	0.00000000000000000000e+000	1.53881069648292476658e-004	0.00000000000000000000e+000	3.37659999313764274120e+001	1	1
5.80387250000000000000e+005	0.00000000000000000000e+000	5.80378000000000000000e+005	1.68485727039999991662e-004	0.00000000000000000000e+000	1.13873786929999994300e+002	0.00000000000000000000e+000	-6.81900890389167384925e-005	0.00000000000000000000e+000	1.54069958048485221823e-004	0.00000000000000000000e+000	3.39419999313540756702e+001	1	1
5.80389562500000000000e+005	0.00000000000000000000e+000	5.80380000000000000000e+005	1.68841579579999992141e-004	0.00000000000000000000e+000	1.13946739199999996117e+002	0.00000000000000000000e+000	-6.85306404087126689413e-005	0.00000000000000000000e+000	1.54308231537533964949e-004	0.00000000000000000000e+000	3.41169999312842264771e+001	1	1
5.80390812500000000000e+005	0.00000000000000000000e+000	5.80382000000000000000e+005	1.69158214700000002293e-004	0.00000000000000000000e+000	1.14021316529999992895e+002	0.00000000000000000000e+000	-6.88603276739115652619e-005	0.00000000000000000000e+000	1.54508112645041466174e-004	0.00000000000000000000e+000	3.42929999313782900572e+001	1	1
5.80393125000000000000e+005	0.00000000000000000000e+000	5.80384000000000000000e+005	1.69499136969999996457e-004	0.00000000000000000000e+000	1.14082672119999998017e+002	0.00000000000000000000e+000	-6.91648590735536580388e-005	0.00000000000000000000e+000	1.54745532093531802404e-004	0.00000000000000000000e+000	3.44679999313084408641e+001	1	1
5.80395000000000000000e+005	0.00000000000000000000e+000	5.80386000000000000000e+005	1.69783073939999993923e-004	0.00000000000000000000e+000	1.14152412409999996612e+002	0.00000000000000000000e+000	-6.94693408434092913835e-005	0.00000000000000000000e+000	1.54920311383942570661e-004	0.00000000000000000000e+000	3.46439999312860891223e+001	1	1
5.80396500000000000000e+005	0.00000000000000000000e+000	5.80388000000000000000e+005	1.70093539049999989366e-004	0.00000000000000000000e+000	1.14226036070000006362e+002	0.00000000000000000000e+000	-6.97957476612884222377e-005	0.00000000000000000000e+000	1.55114040740855004420e-004	0.00000000000000000000e+000	3.48159999313065782189e+001	1	1
5.80398312500000000000e+005	0.00000000000000000000e+000	5.80390000000000000000e+005	1.70391416760000007124e-004	0.00000000000000000000e+000	1.14282058719999994878e+002	0.00000000000000000000e+000	-7.00698775579502129707e-005	0.00000000000000000000e+000	1.55317246835288296815e-004	0.00000000000000000000e+000	3.49899999313056468964e+001	1	1
5.80402000000000000000e+005	0.00000000000000000000e+000	5.80392000000000000000e+005	1.70659317519999991679e-004	0.00000000000000000000e+000	1.14337066649999997026e+002	0.00000000000000000000e+000	-7.03293635274276804055e-005	0.00000000000000000000e+000	1.55493997576173668355e-004	0.00000000000000000000e+000	3.51659999312832951546e+001	1	1
5.80403562500000000000e+005	0.00000000000000000000e+000	5.80394000000000000000e+005	1.70936589709999993371e-004	0.00000000000000000000e+000	1.14393959050000006528e+002	0.00000000000000000000e+000	-7.05982438389783504206e-005	0.00000000000000000000e+000	1.55676606041296484171e-004	0.00000000000000000000e+000	3.53379999313037842512e+001	1	1
5.80405750000000000000e+005	0.00000000000000000000e+000	5.80396000000000000000e+005	1.71220584889999989176e-004	0.00000000000000000000e+000	1.14446662900000006857e+002	0.00000000000000000000e+000	-7.08589442164165797403e-005	0.00000000000000000000e+000	1.55870134132900706094e-004	0.00000000000000000000e+000	3.55179999313550069928e+001	1	1
5.80407625000000000000e+005	0.00000000000000000000e+000	5.80398000000000000000e+005	1.71489213239999995940e-004	0.00000000000000000000e+000	1.14496925349999997934e+002	0.00000000000000000000e+000	-7.11070385007431027052e-005	0.00000000000000000000e+000	1.56052360870728349220e-004	0.00000000000000000000e+000	3.56919999313540756702e+001	1	1
5.80409375000000000000e+005	0.00000000000000000000e+000	5.80400000000000000000e+005	1.71757128559999996042e-004	0.00000000000000000000e+000	1.14541633610000005206e+002	0.00000000000000000000e+000	-7.13400652705403743150e-005	0.00000000000000000000e+000	1.56240539868407419871e-004	0.00000000000000000000e+000	3.58649999313056468964e+001	1	1
5.80410437500000000000e+005	0.00000000000000000000e+000	5.80402000000000000000e+005	1.72025756910000002806e-004	0.00000000000000000000e+000	1.14588775630000000660e+002	0.00000000000000000000e+000	-7.15803702024164539754e-005	0.00000000000000000000e+000	1.56426058066242362277e-004	0.00000000000000000000e+000	3.60459999312879517674e+001	1	1
5.80413687500000000000e+005	0.00000000000000000000e+000	5.80404000000000000000e+005	1.72272237250000007395e-004	0.00000000000000000000e+000	1.14633636469999999008e+002	0.00000000000000000000e+000	-7.18055616308429958509e-005	0.00000000000000000000e+000	1.56594013442403032395e-004	0.00000000000000000000e+000	3.62229999313130974770e+001	1	1
5.80415375000000000000e+005	0.00000000000000000000e+000	5.80406000000000000000e+005	1.72526779350000002838e-004	0.00000000000000000000e+000	1.14679710389999996778e+002	0.00000000000000000000e+000	-7.20377450161439257482e-005	0.00000000000000000000e+000	1.56767512214338013620e-004	0.00000000000000000000e+000	3.63989999312907457352e+001	1	1
5.80417375000000000000e+005	0.00000000000000000000e+000	5.80408000000000000000e+005	1.72766580359999999319e-004	0.00000000000000000000e+000	1.14722137450000005288e+002	0.00000000000000000000e+000	-7.22540994313842989578e-005	0.00000000000000000000e+000	1.56931948323622014532e-004	0.00000000000000000000e+000	3.65769999313633888960e+001	1	1
5.80418625000000000000e+005	0.00000000000000000000e+000	5.80410000000000000000e+005	1.73019929209999992264e-004	0.00000000000000000000e+000	1.14763679499999994960e+002	0.00000000000000000000e+000	-7.24739851222625278918e-005	0.00000000000000000000e+000	1.57109571269007904440e-004	0.00000000000000000000e+000	3.67509999313624575734e+001	1	1
5.80420375000000000000e+005	0.00000000000000000000e+000	5.80412000000000000000e+005	1.73247011839999998832e-004	0.00000000000000000000e+000	1.14802688599999996200e+002	0.00000000000000000000e+000	-7.26761943087392173028e-005	0.00000000000000000000e+000	1.57266327903615401500e-004	0.00000000000000000000e+000	3.69259999312926083803e+001	1	1
5.80423187500000000000e+005	0.00000000000000000000e+000	5.80414000000000000000e+005	1.73468521100000010312e-004	0.00000000000000000000e+000	1.14847923280000003388e+002	0.00000000000000000000e+000	-7.28934131515587900411e-005	0.00000000000000000000e+000	1.57409904808234070829e-004	0.00000000000000000000e+000	3.71059999313438311219e+001	1	1
5.80425187500000000000e+005	0.00000000000000000000e+000	5.80416000000000000000e+005	1.73705106139999992032e-004	0.00000000000000000000e+000	1.14883064270000005536e+002	0.00000000000000000000e+000	-7.30894903502786962533e-005	0.00000000000000000000e+000	1.57579790263362077120e-004	0.00000000000000000000e+000	3.72809999313903972507e+001	1	1
5.80426937500000000000e+005	0.00000000000000000000e+000	5.80418000000000000000e+005	1.73916399939999988169e-004	0.00000000000000000000e+000	1.14913604739999996696e+002	0.00000000000000000000e+000	-7.32624827494334906076e-005	0.00000000000000000000e+000	1.57732440510755395893e-004	0.00000000000000000000e+000	3.74549999313894659281e+001	1	1
5.80428937500000000000e+005	0.00000000000000000000e+000	5.80420000000000000000e+005	1.74143569889999993852e-004	0.00000000000000000000e+000	1.14952171329999998761e+002	0.00000000000000000000e+000	-7.34644723149323770070e-005	0.00000000000000000000e+000	1.57889056750370901329e-004	0.00000000000000000000e+000	3.76339999313931912184e+001	1	1
5.80430687500000000000e+005	0.00000000000000000000e+000	5.80422000000000000000e+005	1.74356115169999997252e-004	0.00000000000000000000e+000	1.14980194089999997686e+002	0.00000000000000000000e+000	-7.36314443085455896812e-005	0.00000000000000000000e+000	1.58045769656172232012e-004	0.00000000000000000000e+000	3.78099999313708394766e+001	1	1
5.80433250000000000000e+005	0.00000000000000000000e+000	5.80424000000000000000e+005	1.74556946150000009098e-004	0.00000000000000000000e+000	1.15014945979999993142e+002	0.00000000000000000000e+000	-7.38122133427487854074e-005	0.00000000000000000000e+000	1.58183073085139367124e-004	0.00000000000000000000e+000	3.79869999312795698643e+001	1	1
5.80435312500000000000e+005	0.00000000000000000000e+000	5.80426000000000000000e+005	1.74765737030000003560e-004	0.00000000000000000000e+000	1.15039947510000004627e+002	0.00000000000000000000e+000	-7.39696016664271525616e-005	0.00000000000000000000e+000	1.58340016638085554325e-004	0.00000000000000000000e+000	3.81619999313261359930e+001	1	1
5.80437812500000000000e+005	0.00000000000000000000e+000	5.80428000000000000000e+005	1.74950371729999995920e-004	0.00000000000000000000e+000	1.15075706479999993803e+002	0.00000000000000000000e+000	-7.41466601467259710852e-005	0.00000000000000000000e+000	1.58461053125211518387e-004	0.00000000000000000000e+000	3.83399999312823638320e+001	1	1
5.80439625000000000000e+005	0.00000000000000000000e+000	5.80430000000000000000e+005	1.75149572899999995436e-004	0.00000000000000000000e+000	1.15104995729999998844e+002	0.00000000000000000000e+000	-7.43121715127479629025e-005	0.00000000000000000000e+000	1.58603512105225276504e-004	0.00000000000000000000e+000	3.85169999313075095415e+001	1	1
5.80441375000000000000e+005	0.00000000000000000000e+000	5.80432000000000000000e+005	1.75372362720000005316e-004	0.00000000000000000000e+000	1.15128639219999996612e+002	0.00000000000000000000e+000	-7.44722221315622637163e-005	0.00000000000000000000e+000	1.58774537432116287722e-004	0.00000000000000000000e+000	3.86919999313540756702e+001	1	1
5.80442375000000000000e+005	0.00000000000000000000e+000	5.80434000000000000000e+005	1.75539127670000006960e-004	0.00000000000000000000e+000	1.15159896849999995538e+002	0.00000000000000000000e+000	-7.46297296882595154709e-005	0.00000000000000000000e+000	1.58884828696140387606e-004	0.00000000000000000000e+000	3.88679999313317239285e+001	1	1
5.80446062500000000000e+005	0.00000000000000000000e+000	5.80436000000000000000e+005	1.75724781000000010011e-004	0.00000000000000000000e+000	1.15186096190000000661e+002	0.00000000000000000000e+000	-7.47813808839191998231e-005	0.00000000000000000000e+000	1.59018689878240933495e-004	0.00000000000000000000e+000	3.90429999313782900572e+001	1	1
5.80447125000000000000e+005	0.00000000000000000000e+000	5.80438000000000000000e+005	1.75905515790000002404e-004	0.00000000000000000000e+000	1.15213623049999995374e+002	0.00000000000000000000e+000	-7.49347622945411542990e-005	0.00000000000000000000e+000	1.59146259413178015442e-004	0.00000000000000000000e+000	3.92199999312870204449e+001	1	1
5.80448750000000000000e+005	0.00000000000000000000e+000	5.80440000000000000000e+005	1.76087181900000009586e-004	0.00000000000000000000e+000	1.15242401119999996695e+002	0.00000000000000000000e+000	-7.50921588451810325792e-005	0.00000000000000000000e+000	1.59272920829166026325e-004	0.00000000000000000000e+000	3.93969999313121661544e+001	1	1
5.80451500000000000000e+005	0.00000000000000000000e+000	5.80442000000000000000e+005	1.76281813760000005947e-004	0.00000000000000000000e+000	1.15266418459999997026e+002	0.00000000000000000000e+000	-7.52419908341390406307e-005	0.00000000000000000000e+000	1.59417441573469841716e-004	0.00000000000000000000e+000	3.95739999313373118639e+001	1	1
5.80454312500000000000e+005	0.00000000000000000000e+000	5.80444000000000000000e+005	1.76470930460000005558e-004	0.00000000000000000000e+000	1.15286560059999999339e+002	0.00000000000000000000e+000	-7.53788077442096220247e-005	0.00000000000000000000e+000	1.59561977427204263738e-004	0.00000000000000000000e+000	3.97479999313363805413e+001	1	1
5.80456062500000000000e+005	0.00000000000000000000e+000	5.80446000000000000000e+005	1.76613670190000010898e-004	0.00000000000000000000e+000	1.15309005740000003470e+002	0.00000000000000000000e+000	-7.55023317492905106070e-005	0.00000000000000000000e+000	1.59661474371252689024e-004	0.00000000000000000000e+000	3.99249999313615262508e+001	1	1
5.80457125000000000000e+005	0.00000000000000000000e+000	5.80448000000000000000e+005	1.76782443300000009258e-004	0.00000000000000000000e+000	1.15336006159999996612e+002	0.00000000000000000000e+000	-7.56497856138067901067e-005	0.00000000000000000000e+000	1.59778415925627422607e-004	0.00000000000000000000e+000	4.01079999313224107027e+001	1	1
5.80458312500000000000e+005	0.00000000000000000000e+000	5.80450000000000000000e+005	1.76953864870000009959e-004	0.00000000000000000000e+000	1.15351829530000003388e+002	0.00000000000000000000e+000	-7.57673072317673247265e-005	0.00000000000000000000e+000	1.59912430558969373981e-004	0.00000000000000000000e+000	4.02829999313689768314e+001	1	1
5.80461187500000000000e+005	0.00000000000000000000e+000	5.80452000000000000000e+005	1.77114794499999995275e-004	0.00000000000000000000e+000	1.15374275209999993308e+002	0.00000000000000000000e+000	-7.58989103630084175831e-005	0.00000000000000000000e+000	1.60028140764320711466e-004	0.00000000000000000000e+000	4.04589999313466250896e+001	1	1
5.80463812500000000000e+005	0.00000000000000000000e+000	5.80454000000000000000e+005	1.77279507620000010984e-004	0.00000000000000000000e+000	1.15397796630000001983e+002	0.00000000000000000000e+000	-7.60352452296880640349e-005	0.00000000000000000000e+000	1.60145762681535974020e-004	0.00000000000000000000e+000	4.06329999313456937671e+001	1	1
5.80464875000000000000e+005	0.00000000000000000000e+000	5.80456000000000000000e+005	1.77440699189999987221e-004	0.00000000000000000000e+000	1.15412544249999996282e+002	0.00000000000000000000e+000	-7.61456359529966814951e-005	0.00000000000000000000e+000	1.60271781216625159965e-004	0.00000000000000000000e+000	4.08089999313233420253e+001	1	1
5.80467562500000000000e+005	0.00000000000000000000e+000	5.80458000000000000000e+005	1.77591355169999992386e-004	0.00000000000000000000e+000	1.15436309809999997356e+002	0.00000000000000000000e+000	-7.62768159650397569631e-005	0.00000000000000000000e+000	1.60376235076623935511e-004	0.00000000000000000000e+000	4.09859999313484877348e+001	1	1
5.80469312500000000000e+005	0.00000000000000000000e+000	5.80460000000000000000e+005	1.77723151859999990492e-004	0.00000000000000000000e+000	1.15456054690000001983e+002	0.00000000000000000000e+000	-7.63887278732883358680e-005	0.00000000000000000000e+000	1.60468940798377931924e-004	0.00000000000000000000e+000	4.11629999313736334443e+001	1	1
5.80471875000000000000e+005	0.00000000000000000000e+000	5.80462000000000000000e+005	1.77895635719999987891e-004	0.00000000000000000000e+000	1.15470352169999998182e+002	0.00000000000000000000e+000	-7.65029442513409700883e-005	0.00000000000000000000e+000	1.60605593704264107587e-004	0.00000000000000000000e+000	4.13379999313037842512e+001	1	1
5.80472937500000000000e+005	0.00000000000000000000e+000	5.80464000000000000000e+005	1.78032889379999990833e-004	0.00000000000000000000e+000	1.15486717220000002726e+002	0.00000000000000000000e+000	-7.66078744404489851835e-005	0.00000000000000000000e+000	1.60707632907425149778e-004	0.00000000000000000000e+000	4.15129999313503503799e+001	1	1
5.80475375000000000000e+005	0.00000000000000000000e+000	5.80466000000000000000e+005	1.78177855560000001018e-004	0.00000000000000000000e+000	1.15502197269999996365e+002	0.00000000000000000000e+000	-7.67137058468485489486e-005	0.00000000000000000000e+000	1.60817771241873074721e-004	0.00000000000000000000e+000	4.16899999313754960895e+001	1	1
5.80477562500000000000e+005	0.00000000000000000000e+000	5.80468000000000000000e+005	1.78318703550000006320e-004	0.00000000000000000000e+000	1.15524810790000003635e+002	0.00000000000000000000e+000	-7.68378631506914342190e-005	0.00000000000000000000e+000	1.60914582378939165870e-004	0.00000000000000000000e+000	4.18629999313270673156e+001	1	1
5.80478750000000000000e+005	0.00000000000000000000e+000	5.80470000000000000000e+005	1.78458911250000009209e-004	0.00000000000000000000e+000	1.15537834169999996448e+002	0.00000000000000000000e+000	-7.69348817055584506324e-005	0.00000000000000000000e+000	1.61023622433129688951e-004	0.00000000000000000000e+000	4.20399999313522130251e+001	1	1
5.80481875000000000000e+005	0.00000000000000000000e+000	5.80472000000000000000e+005	1.78613408929999988896e-004	0.00000000000000000000e+000	1.15557350159999998596e+002	0.00000000000000000000e+000	-7.70563773374367437042e-005	0.00000000000000000000e+000	1.61136788354571494110e-004	0.00000000000000000000e+000	4.22149999312823638320e+001	1	1
5.80483250000000000000e+005	0.00000000000000000000e+000	5.80474000000000000000e+005	1.78724571010000003691e-004	0.00000000000000000000e+000	1.15573776249999994548e+002	0.00000000000000000000e+000	-7.71505560298568060637e-005	0.00000000000000000000e+000	1.61214962044446918866e-004	0.00000000000000000000e+000	4.23879999313503503799e+001	1	1
5.80485687500000000000e+005	0.00000000000000000000e+000	5.80476000000000000000e+005	1.78855756530000003374e-004	0.00000000000000000000e+000	1.15584388730000000578e+002	0.00000000000000000000e+000	-7.72370665316636343962e-005	0.00000000000000000000e+000	1.61318992054568731941e-004	0.00000000000000000000e+000	4.25619999313494190574e+001	1	1
5.80487625000000000000e+005	0.00000000000000000000e+000	5.80478000000000000000e+005	1.78989896090000003004e-004	0.00000000000000000000e+000	1.15605957029999999008e+002	0.00000000000000000000e+000	-7.73557599962406436476e-005	0.00000000000000000000e+000	1.61410871064228547212e-004	0.00000000000000000000e+000	4.27369999312795698643e+001	1	1
5.80488687500000000000e+005	0.00000000000000000000e+000	5.80480000000000000000e+005	1.79122216650000006845e-004	0.00000000000000000000e+000	1.15613723750000005452e+002	0.00000000000000000000e+000	-7.74348417144701275071e-005	0.00000000000000000000e+000	1.61519700923028273597e-004	0.00000000000000000000e+000	4.29159999312832951546e+001	1	1
5.80491250000000000000e+005	0.00000000000000000000e+000	5.80482000000000000000e+005	1.79255250259999996667e-004	0.00000000000000000000e+000	1.15631019589999993968e+002	0.00000000000000000000e+000	-7.75411429003469731581e-005	0.00000000000000000000e+000	1.61616261259451226119e-004	0.00000000000000000000e+000	4.30919999313773587346e+001	1	1
5.80493375000000000000e+005	0.00000000000000000000e+000	5.80484000000000000000e+005	1.79382201169999994789e-004	0.00000000000000000000e+000	1.15641685490000000414e+002	0.00000000000000000000e+000	-7.76261641994915603093e-005	0.00000000000000000000e+000	1.61716272305132986037e-004	0.00000000000000000000e+000	4.32669999313075095415e+001	1	1
5.80493875000000000000e+005	0.00000000000000000000e+000	5.80486000000000000000e+005	1.79486887649999994057e-004	0.00000000000000000000e+000	1.15653244020000002479e+002	0.00000000000000000000e+000	-7.77041076018040945302e-005	0.00000000000000000000e+000	1.61794976745543539302e-004	0.00000000000000000000e+000	4.34419999313540756702e+001	1	1
5.80497062500000000000e+005	0.00000000000000000000e+000	5.80488000000000000000e+005	1.79631097130000008362e-004	0.00000000000000000000e+000	1.15674072269999996365e+002	0.00000000000000000000e+000	-7.78253973618520350324e-005	0.00000000000000000000e+000	1.61896691076739829675e-004	0.00000000000000000000e+000	4.36159999313531443477e+001	1	1
5.80500125000000000000e+005	0.00000000000000000000e+000	5.80490000000000000000e+005	1.79736700370000006873e-004	0.00000000000000000000e+000	1.15684692380000001322e+002	0.00000000000000000000e+000	-7.79011749055642056588e-005	0.00000000000000000000e+000	1.61977431786739526015e-004	0.00000000000000000000e+000	4.37959999312879517674e+001	1	1
5.80501062500000000000e+005	0.00000000000000000000e+000	5.80492000000000000000e+005	1.79858805500000005009e-004	0.00000000000000000000e+000	1.15697158810000004792e+002	0.00000000000000000000e+000	-7.79893626897907454735e-005	0.00000000000000000000e+000	1.62070506950299581461e-004	0.00000000000000000000e+000	4.39689999313559383154e+001	1	1
5.80502562500000000000e+005	0.00000000000000000000e+000	5.80494000000000000000e+005	1.79964044950000007575e-004	0.00000000000000000000e+000	1.15710914610000003222e+002	0.00000000000000000000e+000	-7.80739270808397862501e-005	0.00000000000000000000e+000	1.62146598437775844512e-004	0.00000000000000000000e+000	4.41459999313810840249e+001	1	1
5.80505125000000000000e+005	0.00000000000000000000e+000	5.80496000000000000000e+005	1.80079558049999990292e-004	0.00000000000000000000e+000	1.15716804499999994960e+002	0.00000000000000000000e+000	-7.81407188369735413239e-005	0.00000000000000000000e+000	1.62242643245000066864e-004	0.00000000000000000000e+000	4.43299999313894659281e+001	1	1
5.80507062500000000000e+005	0.00000000000000000000e+000	5.80498000000000000000e+005	1.80206494410000003185e-004	0.00000000000000000000e+000	1.15724121089999997025e+002	0.00000000000000000000e+000	-7.82165316052366762622e-005	0.00000000000000000000e+000	1.62347019717604850505e-004	0.00000000000000000000e+000	4.45079999313456937671e+001	1	1
5.80509750000000000000e+005	0.00000000000000000000e+000	5.80500000000000000000e+005	1.80324452229999992450e-004	0.00000000000000000000e+000	1.15741836550000002148e+002	0.00000000000000000000e+000	-7.83179555176986445580e-005	0.00000000000000000000e+000	1.62429079648864990466e-004	0.00000000000000000000e+000	4.46849999313708394766e+001	1	1
