time,sec	res, Ohm
0	1E+18
0.094	1E+18
0.187	1E+18
0.281	1E+18
0.375	1E+18
0.468	1E+18
0.562	1E+18
0.655	1E+18
0.749	1E+18
0.843	1E+18
0.936	1E+18
1.03	1E+18
1.123	1E+18
1.217	1E+18
1.311	1E+18
1.404	1E+18
1.498	1E+18
1.591	1E+18
1.685	1E+18
1.779	1E+18
1.872	1E+18
1.966	1E+18
2.059	1E+18
2.153	1E+18
2.247	1E+18
2.34	1E+18
2.434	1E+18
2.527	1E+18
2.637	0.10939
2.73	0.02556
2.824	0.01555
2.917	0.01459
3.011	0.01447
3.105	0.01447
3.198	0.01443
3.292	0.01441
3.385	0.01439
3.479	0.01437
3.573	0.01436
3.666	0.01436
3.76	0.01434
3.853	0.01433
3.947	0.01432
4.041	0.01431
4.134	0.0143
4.228	0.0143
4.321	0.01429
4.415	0.01428
4.509	0.01428
4.602	0.01427
4.696	0.01426
4.789	0.01426
4.883	0.01425
4.977	0.01424
5.07	0.01423
5.164	0.01423
5.257	0.01422
5.351	0.01422
5.445	0.01421
5.538	0.0142
5.632	0.0142
5.725	0.01419
5.819	0.01418
5.913	0.01418
6.006	0.01417
6.1	0.01416
6.193	0.01416
6.287	0.01415
6.381	0.01415
6.474	0.01414
6.568	0.01413
6.661	0.01412
6.755	0.01412
6.849	0.01411
6.942	0.01411
7.036	0.0141
7.129	0.0141
7.223	0.01409
7.317	0.01408
7.41	0.01407
7.504	0.01407
7.597	0.01407
7.691	0.01406
7.785	0.01406
7.878	0.01405
7.972	0.01404
8.065	0.01404
8.159	0.01404
8.253	0.01403
8.346	0.01402
8.44	0.01402
8.533	0.01401
8.627	0.01401
8.721	0.01401
8.814	0.014
8.908	0.01399
9.001	0.01399
9.095	0.01398
9.189	0.01398
9.282	0.01398
9.376	0.01397
9.469	0.01396
9.563	0.01396
9.657	0.01395
9.75	0.01395
9.844	0.01395
9.937	0.01394
10.031	0.01394
10.125	0.01393
10.218	0.01393
10.312	0.01393
10.405	0.01392
10.499	0.01392
10.593	0.01391
10.686	0.01391
10.78	0.01391
10.873	0.0139
10.967	0.0139
11.061	0.01389
11.154	0.01389
11.248	0.01388
11.341	0.01388
11.435	0.01388
11.529	0.01388
11.622	0.01387
11.716	0.01386
11.809	0.01386
11.903	0.01386
11.997	0.01385
12.09	0.01385
12.184	0.01384
12.277	0.01384
12.371	0.01384
12.465	0.01384
12.558	0.01383
12.652	0.01382
12.745	0.01382
12.839	0.01382
12.933	0.01382
13.026	0.01381
13.12	0.0138
13.213	0.0138
13.307	0.0138
13.401	0.01379
13.494	0.01379
13.588	0.01379
13.681	0.01378
13.775	0.01378
13.869	0.01377
13.962	0.01377
14.056	0.01377
14.149	0.01376
14.243	0.01376
14.337	0.01375
14.43	0.01375
14.524	0.01374
14.617	0.01374
14.711	0.01374
14.805	0.01374
14.898	0.01373
14.992	0.01373
15.085	0.01372
15.179	0.01372
15.273	0.01372
15.366	0.01371
15.46	0.01371
15.553	0.01371
15.647	0.0137
15.741	0.0137
15.834	0.0137
15.928	0.01369
16.021	0.01369
16.115	0.01369
16.209	0.01369
16.302	0.01368
16.396	0.01368
16.489	0.01368
16.583	0.01367
16.677	0.01367
16.77	0.01367
16.864	0.01366
16.957	0.01366
17.051	0.01366
17.145	0.01366
17.238	0.01365
17.332	0.01365
17.425	0.01365
17.519	0.01365
17.613	0.01364
17.706	0.01364
17.8	0.01364
17.893	0.01364
17.987	0.01364
18.081	0.01363
18.174	0.01363
18.268	0.01362
18.361	0.01362
18.455	0.01362
18.549	0.01362
18.642	0.01362
18.736	0.01361
18.829	0.01361
18.923	0.0136
19.017	0.0136
19.11	0.0136
19.204	0.0136
19.297	0.01359
19.391	0.01359
19.485	0.01359
19.578	0.01359
19.672	0.01359
19.765	0.01358
19.859	0.01358
19.953	0.01358
20.046	0.01358
20.14	0.01357
20.233	0.01357
20.327	0.01357
20.421	0.01357
20.514	0.01356
20.608	0.01356
20.701	0.01356
20.795	0.01356
20.889	0.01355
20.982	0.01355
21.076	0.01355
21.169	0.01355
21.263	0.01355
21.357	0.01354
21.45	0.01354
21.544	0.01353
21.637	0.01353
21.731	0.01353
21.825	0.01353
21.918	0.01353
22.012	0.01352
22.105	0.01352
22.199	0.01352
22.293	0.01352
22.386	0.01352
22.48	0.01351
22.573	0.01351
22.667	0.01351
22.761	0.0135
22.854	0.0135
22.948	0.0135
23.041	0.0135
23.135	0.01349
23.229	0.0135
23.322	0.01349
23.416	0.01349
23.509	0.01349
23.603	0.01348
23.697	0.01348
23.79	0.01348
23.884	0.01348
23.977	0.01347
24.071	0.01347
24.165	0.01347
24.258	0.01347
24.352	0.01346
24.445	0.01346
24.539	0.01346
24.633	0.01346
24.726	0.01345
24.82	0.01345
24.913	0.01345
25.007	0.01345
25.101	0.01345
25.194	0.01344
25.288	0.01344
25.381	0.01344
25.475	0.01344
25.569	0.01344
25.662	0.01343
25.756	0.01343
25.849	0.01343
25.943	0.01343
26.037	0.01342
26.13	0.01342
26.224	0.01342
26.317	0.01341
26.411	0.01341
26.505	0.01341
26.598	0.01341
26.692	0.01341
26.785	0.01341
26.879	0.0134
26.973	0.0134
27.066	0.0134
27.16	0.0134
27.253	0.0134
27.347	0.01339
27.441	0.01339
27.534	0.01339
27.628	0.01338
27.721	0.01338
27.815	0.01338
27.909	0.01338
28.002	0.01338
28.096	0.01338
28.189	0.01337
28.283	0.01337
28.377	0.01337
28.47	0.01337
28.564	0.01336
28.657	0.01336
28.751	0.01336
28.845	0.01336
28.938	0.01336
29.032	0.01336
29.125	0.01335
29.219	0.01335
29.313	0.01335
29.406	0.01335
29.5	0.01334
29.593	0.01334
29.687	0.01334
29.781	0.01334
29.874	0.01334
29.968	0.01334
30.061	0.01333
30.155	0.01333
30.249	0.01333
30.342	0.01332
30.436	0.01333
30.529	0.01333
30.623	0.01332
30.717	0.01332
30.81	0.01332
30.904	0.01332
30.997	0.01332
31.091	0.01331
31.185	0.01331
31.278	0.01331
31.372	0.0133
31.465	0.0133
31.559	0.0133
31.653	0.0133
31.746	0.0133
31.84	0.0133
31.933	0.0133
32.027	0.01329
32.121	0.01329
32.214	0.01329
32.308	0.01329
32.401	0.01328
32.495	0.01328
32.589	0.01328
32.682	0.01328
32.776	0.01328
32.869	0.01328
32.963	0.01327
33.057	0.01327
33.15	0.01327
33.244	0.01327
33.337	0.01327
33.431	0.01327
33.525	0.01326
33.618	0.01326
33.712	0.01326
33.805	0.01326
33.899	0.01326
33.993	0.01325
34.086	0.01325
34.18	0.01325
34.273	0.01325
34.367	0.01325
34.461	0.01325
34.554	0.01325
34.648	0.01324
34.741	0.01324
34.835	0.01324
34.929	0.01324
35.022	0.01324
35.116	0.01324
35.209	0.01323
35.303	0.01323
35.397	0.01323
35.49	0.01323
35.584	0.01322
35.677	0.01322
35.771	0.01322
35.865	0.01322
35.958	0.01322
36.052	0.01322
36.145	0.01322
36.239	0.01322
36.333	0.01321
36.426	0.01321
36.52	0.01321
36.613	0.01321
36.707	0.01321
36.801	0.01321
36.894	0.0132
36.988	0.0132
37.081	0.0132
37.175	0.0132
37.269	0.0132
37.362	0.0132
37.456	0.01319
37.549	0.01319
37.643	0.01319
37.737	0.01319
37.83	0.01319
37.924	0.01319
38.017	0.01318
38.111	0.01318
38.205	0.01318
38.298	0.01318
38.392	0.01318
38.485	0.01318
38.579	0.01318
38.673	0.01318
38.766	0.01318
38.86	0.01317
38.953	0.01317
39.047	0.01317
39.141	0.01317
39.234	0.01317
39.328	0.01316
39.421	0.01316
39.515	0.01316
39.609	0.01316
39.702	0.01316
39.796	0.01316
39.889	0.01316
39.983	0.01316
40.077	0.01316
40.17	0.01315
40.264	0.01315
40.357	0.01315
40.451	0.01315
40.545	0.01315
40.638	0.01315
40.732	0.01315
40.825	0.01314
40.919	0.01314
41.013	0.01314
41.106	0.01314
41.2	0.01314
41.293	0.01314
41.387	0.01314
41.481	0.01314
41.574	0.01314
41.668	0.01313
41.761	0.01313
41.855	0.01313
41.949	0.01313
42.042	0.01313
42.136	0.01313
42.229	0.01313
42.323	0.01313
42.417	0.01312
42.51	0.01312
42.604	0.01312
42.697	0.01313
42.791	0.01312
42.885	0.01312
42.978	0.01312
43.072	0.01312
43.165	0.01312
43.259	0.01312
43.353	0.01312
43.446	0.01312
43.54	0.01312
43.633	0.01312
43.727	0.01312
43.821	0.01312
43.914	0.01312
44.008	0.01311
44.101	0.01311
44.195	0.01311
44.289	0.01311
44.382	0.01311
44.476	0.01311
44.569	0.01311
44.663	0.01311
44.757	0.01311
44.85	0.01311
44.944	0.0131
45.037	0.0131
45.131	0.0131
45.225	0.0131
45.318	0.0131
45.412	0.0131
45.505	0.0131
45.599	0.0131
45.693	0.0131
45.786	0.01309
45.88	0.01309
45.973	0.01309
46.067	0.01309
46.161	0.01309
46.254	0.01309
46.348	0.01309
46.441	0.01309
46.535	0.01309
46.629	0.01309
46.722	0.01309
46.816	0.01309
46.909	0.01309
47.003	0.01309
47.097	0.01308
47.19	0.01308
47.284	0.01308
47.377	0.01308
47.471	0.01308
47.565	0.01308
47.658	0.01308
47.752	0.01308
47.845	0.01308
47.939	0.01307
48.033	0.01307
48.126	0.01307
48.22	0.01307
48.313	0.01307
48.407	0.01307
48.501	0.01307
48.594	0.01307
48.688	0.01307
48.781	0.01307
48.875	0.01307
48.969	0.01307
49.062	0.01306
49.156	0.01306
49.249	0.01306
49.343	0.01306
49.437	0.01306
49.53	0.01306
49.624	0.01306
49.717	0.01306
49.811	0.01306
49.905	0.01306
49.998	0.01306
50.092	0.01306
50.185	0.01306
50.279	0.01305
50.373	0.01305
50.466	0.01305
50.56	0.01305
50.653	0.01305
50.747	0.01305
50.841	0.01305
50.934	0.01305
51.028	0.01305
51.121	0.01305
51.215	0.01305
51.309	0.01305
51.402	0.01305
51.496	0.01305
51.589	0.01304
51.683	0.01304
51.777	0.01304
51.87	0.01304
51.964	0.01304
52.057	0.01304
52.151	0.01304
52.245	0.01304
52.338	0.01304
52.432	0.01304
52.525	0.01304
52.619	0.01304
52.713	0.01304
52.806	0.01304
52.9	0.01304
52.993	0.01304
53.087	0.01304
53.181	0.01304
53.274	0.01303
53.368	0.01303
53.461	0.01303
53.555	0.01304
53.649	0.01303
53.742	0.01303
53.836	0.01303
53.929	0.01303
54.023	0.01303
54.117	0.01303
54.21	0.01303
54.304	0.01303
54.397	0.01303
54.491	0.01303
54.585	0.01303
54.678	0.01303
54.772	0.01303
54.865	0.01302
54.959	0.01302
55.053	0.01302
55.146	0.01302
55.24	0.01302
55.333	0.01302
55.427	0.01302
55.521	0.01302
55.614	0.01302
55.708	0.01302
55.801	0.01302
55.895	0.01302
55.989	0.01302
56.082	0.01302
56.176	0.01302
56.269	0.01302
56.363	0.01301
56.457	0.01302
56.55	0.01302
56.644	0.01301
56.737	0.01302
56.831	0.01302
56.925	0.01301
57.018	0.01301
57.112	0.01301
57.205	0.01301
57.299	0.01301
57.393	0.01301
57.486	0.01301
57.58	0.01301
57.673	0.01301
57.767	0.01301
57.861	0.01301
57.954	0.01301
58.048	0.013
58.141	0.01301
58.235	0.013
58.329	0.013
58.422	0.013
58.516	0.01301
58.609	0.013
58.703	0.013
58.797	0.013
58.89	0.013
58.984	0.013
59.077	0.013
59.171	0.013
59.265	0.013
59.358	0.013
59.452	0.013
59.545	0.013
59.639	0.013
59.733	0.013
59.826	0.013
59.92	0.013
60.013	0.013
60.107	0.013
60.201	0.01299
60.294	0.013
60.388	0.013
60.481	0.013
60.575	0.013
60.669	0.013
60.762	0.01299
60.856	0.013
60.949	0.01299
61.043	0.01299
61.137	0.01299
61.23	0.013
61.324	0.013
61.417	0.01299
61.511	0.01299
61.605	0.01299
61.698	0.01299
61.792	0.01299
61.885	0.01299
